2880
 41  - 60 51  -  -  - 48  - 40 35  5 18 17  7  8 39 20  -  1 34 24  - 50 56  -  -  3 30 37  9 12 47 16 45  - 23 54 11 19 55 43 21 53 44  4 59 49 14 31 58  -  -  - 25  2  - 10 29 13
 33 39  7  9 31 14 23 34 57  4  -  6 35  - 15 21 12  1  - 41  - 36  - 44 10 17 20  - 26 54  - 11 40 19 46 25  - 42  3  -  -  - 56 24  -  - 47 45 32 27 38  - 29  -  - 52 18  - 55 16
  - 27  8 37 25 59 36 39 42 57 56 28 47 16 51  -  - 10  - 18 11 14 54  4 55 45 38 17 41 33 58 48 53 29  2 32 19 20  7 13  6  1 46 30 31  - 15 34 22 35 23 24 52 44  - 49  9 50 60  -
 16  - 14  -  - 37 30 50  - 48 57 42  - 40 39  7 22 29 51 23 21 55  4 17 36 11 49 38  - 53 59  - 41  6  9 26 52  - 20 10  5 60  -  8  - 46 32 24 31 15 27 47 25 54 56  - 45 34 28 58
 52 18  9 12 13  - 25 60  - 15 33 56 42  - 58 10  - 54  - 43 30 19 51 49  7  2 27  1  -  -  - 44 39 24  5 57  - 29 32  - 26 59 11 23 20 55  - 28 45 22 41 53  - 50  3 47  6 31 35 48
 25 44  - 36  7 26 15 17  - 52 18 32 37 28 45 46 59 21 12 51  5 41 58 31 34  - 54  - 43 39  4 30 57 35 40 55 13  - 42  -  9 48 16 60 33 27 10  8 23 49  - 19  3  - 20  6 47 38  2 14
  2  9  6 41  8 39 26 37 31 23 13  - 14 29 52 19 47 25 36 58 43  - 21  - 11 46  3 51  - 34  -  - 56  - 35 50 30 32 44 28 22 24 49  - 53 57  -  -  - 60  - 38  - 16 12 59  -  - 17  -
 36 37 54 35 59 56 45  4  2 18 17 25 12 55  -  - 32  -  8 60 31 44  - 41  -  3 50 26  - 58 52  - 16 47  - 13 27 21 22 34 42 46 57  1 29 11 51 39 53 19 33 43 15 38  6 14 24  - 23 49
 12 14 33 58  6  - 35 32 59 24  4 51 29  5 34 57 18 50 55 27 13 40  - 53 30  7  - 43  9 44 16  2 52 45  1 11 15 46 38 17 36 23  -  - 25 10 20  - 19 28 56 54 48 26  - 37 31 22 42 41
  -  - 39  - 15  6 31 36 35 22 51  9 26  - 30 24 11 27 32 52 23 50  - 28 18 58 47 41  4  -  -  - 20 55 19 56  8  7 54 42 12 13  - 21 59  - 17  -  -  -  - 25 44 46 38  - 16  2 10 45
  7 10  - 38 36 15  8 46 28 35  1 54 40 32  -  -  -  4 18 47  -  - 27 43 25  -  5 50  -  9 12  - 17  - 56 20  - 13  -  - 23  2  6 45 24 53  - 55 30 51 48  3 14 57 37  - 44  - 59 34
 55 35 52 49 33 18 14 13 21  - 39  - 59 20  1 36 46  -  4  -  7 25 22 54 60 48 58 57 40  8 51  3 45 30 47  - 41 28 23 15 31 53  2 19  -  -  -  6  - 42  - 34 12 37 29 16  - 27  9 24
 56  - 11  - 58 51  - 38  8  - 44  3 53 18 43 49 55  -  5 59 22  4 10  -  9 26 42  - 23 17 31  - 24  -  - 27 16 33  - 25  -  - 45 28 48 14 37  7 47 20 15 13 19 32  - 12 40 36  -  6
  9 12 21  4 26 28 44 24 13 29 23 17  - 25 16  -  8 35 48 50 33  - 14 11 43 37 60 55  1  7 56 19  - 27 39  - 42  -  - 40 54 51  -  - 22 32 46  -  3  - 34 36  5 31 58  - 57  - 52  -
  - 57 40 34 39  5 60  9 55 11  - 26 54  - 27  - 49  3 47 38 35 58  - 20 44 13 28  2 21 18 30 45  - 51 36  7  -  1 14  6 15 42 41 59 43  8 53 48  - 37 25 16  -  - 24 31 17  -  - 46
 22 23 49 57 35 19 27  - 44  9 10 20  2 60 31  - 52  - 16 56  -  3 40 59  6 51  7  - 45  - 36  8 30 54 53 24 12 26 41 29 28 18 39 33  - 58 21 17 11 46 55 15 43 13  4 34 32  -  1  -
 57  - 28 46 18 42  -  - 53 30 16 59  1  9 33 29 37 43  - 31 44 54 55  5 38 41 51 13 17 20 23  -  - 56  - 10 21 25 48 32 35  - 22 50 45  - 26 14 40 24  2 27  4 15 36  -  - 39  - 11
  -  4  - 23 50 13  6  1  - 49 43  -  - 41  -  -  -  - 10 12 25 60 17 48  -  - 37  8  3 30 28  - 54 58  - 29 22  2  - 20  - 56  -  - 26 24 40  -  - 47  7 31 34 14 35 46  -  - 38 21
  5 58 36 42 11  7 10 23 27 41  - 22 31 57 40 38 54 14 56  4 19 46 35  2 39 25 52 24 44 26  1 53 12 28 49  3 59  - 15  -  -  -  - 20 32  9 55 29 18  - 16 48 17 34 47 60  8 21 50 37
 24 26  5 17 56 43 21 53 41  -  - 10 33 39  -  -  1 55 25 20  8 16 31  6  - 34  - 23 60 46  -  7 36 38  3 42 50 44 13 27 32 37 12  - 51 52 49  - 58  4  - 40  - 28  - 35  - 19 45  9
 17 25 53 26 19  -  1 22 45 27  - 38 43  2 11 16 50 33 46  -  - 12 30 36 21 44 14 20 58 48 49 54  9  8 24 52  6  - 55  3  4  - 51  -  - 23 29 32  - 18 39 41 31  -  5  - 42  -  - 15
  - 42 50 10 29 55  7 18 25 58  -  2 19 52 53 45 27 46  - 34 37 32  -  1 16 43  9 31  - 49 24  -  4 57 44 41  - 17  - 30 51 38 28 48  -  3 56  -  5 12 11 23  6  - 22 26 36 40  8  -
 54 21  - 52 60  - 20 33  9 37  - 43 25 12 50 23 35 45 53 28  1 31  2 16  - 56 13 27 18 14 38  - 10 49 58 15 32 57  4  5 19 29 40 34  - 48  - 26  - 59 51  6 24 36 44 30  -  - 11 22
 46 51  -  -  1 25 42 49  - 14 41 19 20 15 22 28  -  - 35  -  - 45 59 23  8 47  4 12 16  - 26 37  7 21 27 39 18  - 29 11  - 33  -  9 34  - 52 57 13  - 31 32 40  6 17 24 56 60  3 30
  3 46  -  - 24 33 38  - 51 10  - 15  4 34 25 47  - 37 20  - 60 59 49  - 54 52 48  - 36 13 40  9  - 23 22 58 43  - 19 31 11 16 27 32  2 21  - 12  -  - 17 18  7 39 55 45  1 56 44  -
 23  -  4 13  -  -  9 20 30  -  3 31 34  6 26 18 17 51 49  - 55 29 33 21 28  - 22 47 10 38 15 36  -  - 59  - 57 53 58 44  7 32  - 39 60  -  5 41 25 50  8 14 16 12  1 27 54 52 48 19
 21 48  - 55  - 36 33 26 47 42 12 58 39  8 44 35  6 59 60 24 10 38 23  -  4  9  - 40 25  1 32  - 14 15 16 37 17 22 45  - 34 27 20 52 11 31  -  5 46  7  - 51 28 41 18 29  2 43 30  3
 47 52 38  7 54 44 18 43 56  -  -  - 17 26  -  6 42 12 57 15  - 13 24 46  3 35 21 39 53  - 50 34 29 20  -  -  1 40 27 51 48 31 36  4  8 37  2 33 55 45 60 58 10 30 59 28 14  5 32  -
 32  -  - 27 17 50 56 29  3 12  5 44 48 13 38  - 45 40 30 19 20  - 41 14 33 59 15  -  -  - 34  4 49  -  - 21 24 16 39 22  - 26 23 58 36  - 18 52  8  - 43 35  - 25 51  7 28 42  6 10
  6  -  - 31  - 49 29  -  -  - 42  - 46  -  2 20 15 28 11 53 18 10 36 26 24 16 35 22  7  - 48 43 33 14 38  9 40  - 17  - 44 45 52 51 54 13 60 59  1 39 50 37  8 55  - 19  -  3  - 57
  - 54 57 47 48  -  - 11  - 44 22 37  - 50 56  -  - 17  1  - 38 28 20  -  - 36 19  9  - 59 41 31  - 25 34  - 33 45  2 16 24  5 29 35  7  -  4 42 51 43 52 55 26 21 53 32 10  - 49  8
 53  -  - 20 52  9 37 59 11  7  - 12 32 24 29  - 13 58  -  -  6 56 18 19 41 23  - 36 14 35 27 10 42  2 55  -  3 60  - 39 46  8 15 17 38  1 34  -  - 40  4 49  - 45 43  -  5 33 47 26
 49  - 20 28  9 17 41 40 36 50 46 33  8 30 24 31 48 19 42 29  - 51 60 55 27  1 26 58  2  - 47 21 23 39 54  6 34 14 12 52 57 25 38  7  -  - 43  -  - 16 32 45 22 56 13 44 37 18  -  -
 60 45 32 14 12 41 53  - 38 46 27 52 24 43  8 15 31 16  -  - 58 18 50 13 47 19 55  - 42 51 57  1 26 17  6 28 44 39 34 49 10 20  -  5  -  2  7 22 35 25 29  - 30  - 54  3 21 59 33 40
 30 59 26  6 42 53 49 51 58 19 20 24 41 56 54 32  - 36  -  -  4  8  5 47 50 40 11 16  - 21  - 28  2 18  - 60 48  - 31 45 29  3 35 22 57 33  - 23  - 38  -  - 39 43  - 55 15  7 14 52
 42 55 34 33  4  -  - 31  - 32  - 47 11 45 48 17  - 49 14 46 53  5 57  8 51 15  2  6 39  -  - 22 27  - 26  - 37 35 24 23 52  9 13  3 19  - 50 21 16 56 10 30 59 58 40 25 60  - 20  -
 19  - 24  - 22 48 11 30  -  - 54 53  6 36 42 59  9 56 40  - 15 49 29 38 12 27 39 37  - 32 44 41  3 33 60  - 28 23  - 57  - 34  - 14 21 16 25 20 50  1  5  2 35  - 10 18  7 13  -  -
  1 16 29 39  - 32 22 56  5 51 31 49  - 14  6  3 20 34 33 37  -  2  - 57 42 24  - 28 11  -  8 35 21 41 30  - 60 43 26  4  - 10 18  - 17 19 36 13  -  - 44  7 45 48 50 54 52 23 40 47
 15 40 12 18 28 31 48  - 46  3 34  -  -  4 35  - 14  9 26  - 32 22 47 33 17 54  -  7  - 43 19 56  - 52  8 36  2 24 49 60 21  6 30 29  5  - 23 51 37 10 59 50 42 11  - 57 41 16 27 55
  - 32 25 54 55 30  - 45 34 33 52  - 15 44 37 40 56  7 29  8  2  - 48 35  - 50  - 10 28 27 22  - 60  4 14 43  - 51  - 47 39  -  - 57 23 49  9 46 20  - 53 21  - 17  - 41 58 12 13  1
 18  -  - 32 27 11  -  - 20 45 15  -  9  1  3 51 40 60 19  - 54 33  - 42 58 49 10  - 37 29  - 26 31 43  -  8 25  6 59 50 17 47 24 16 39 22  -  -  -  - 30 46  -  5 23  4 34 55 12  -
 10  - 22 44 38 45  -  8 48 25 24  4 50  3  - 53 30 47 13  - 28  -  1 39 19  - 29 59 52  - 17 40 43 12 31  5 14 37 35  9 18 57 26 55  - 56  - 54 41  2 21 60 49 42 15 23 20 58 46 51
 13 38 16  8  3 22 47 44  - 39 21  7  -  - 41  2  4  - 58 48 49 57  6 45  5 33 56 15  -  - 54 46 28 53 23  - 11 59 25 18 60  - 42 26  1 17 12 10 34 30 36  9  - 27  - 50  - 32 19 43
 11 41 31  5 57 54  - 35  - 20  7 46 45  - 28  9 43 44 21 10 14  - 15 52 32 55 40  - 24  -  6 59  1 34 29 49 56  3  -  - 38 19 48 47 42 51 13 50 39 53  - 26  -  2 27  - 30  -  4 12
 39  - 19  - 51 29 43 25 40 26 53 34 27 11 10 13 38  -  - 42 24 35 44  7 59  - 18 56 47 28 45 57  -  1 17  - 55 48  - 58 30  4 32 36 50 41  6  9 60 21 22  8 23  - 49 15 12 14  - 33
 31  8 51 60  - 57  5 42 16 53  2  - 52 23 59 11 29 48 44 26 36 17 45 37  - 30  - 14 34 41 21 25  - 32  - 46  - 19  - 24  -  -  - 12 27 38 28  4 15 58  1 56  9  7 33  - 49  6 22 20
 48 53  -  -  -  -  - 27 10 28  -  8  - 31 55 54 23 32  - 22 47 43  - 60 37 12 59 45  -  3 11 39  5  9  -  - 58 56 52  - 40 14 33  - 16 18 30 15  4 26 49 17  2  - 41  - 19 46 24 42
 45  - 55  3 47 21 58 16 43  2 28  - 38 51 19 56  - 41 22  - 46  7 26  - 57  6 25 52 31  - 35 60  -  - 42 34  - 36  5 48 37 15 50 13 12 40 24 30 54  -  - 11 18 10 14 33  -  - 53 44
  - 50 45 48 10 60 59 14 52 55 58 11  5 46  -  -  7 53 34 39 29 20 32 27 26 28 23 18 35 22  2 49  6  - 37  4 47 15 40 43 33 17  1 44  3 36 31  - 57 13  9 42 54 19 21 56  - 30  - 38
  8 30 43 53 32 58 12  5  - 13 60  - 10  - 21  4 19 11 59 17 56  - 34  3 23 31  6  - 15 52 29  -  - 36  - 18  -  - 37 38 27 55  - 49 40 35  - 47 26 48 45  - 46 20  9  1 39 44 25  -
  - 34 10  1  2 23 24 47 32 17 48 50  - 53  - 43 16 26  7  5 59  - 11 18 14  -  - 49 46  6 42 27 22 31 12 44 35 58 30 55  - 36  4 54 28 20 38 60 33  3 40 57 21 52  8  - 29 15  - 56
  - 43 17 19 44 47  3 55  -  - 14 18 28 21 12 25 60 30 15 35 26  1  - 22  - 10 32 42  8 45  - 58 48 40  4 23  - 52  - 33 49 41  - 56  6 50  - 16  7 11 13 20 36 24 39  5 27 53 57 54
 20  - 48  - 41  8  - 57 33 36 47  - 51 19 14 44  3  2 52 45  -  9  7 34  -  4 30 32  5 60 25  - 35  - 18  - 26 12 43 56 13  - 54  - 15 28  - 37 59 17 42 39 38  1 16 21  - 24 58 50
 58 49 18 16 14 34  -  2  7 59  - 41  - 27 32  - 10 39 37  - 12 21 13  - 53 60 43  5 56  - 55 24 51  - 15 45 38 11  9 46 20 50 47  - 52 44  1 40  -  6 57 28 33 29  - 22  3 25  - 31
 38 11 46  -  - 35  -  - 29 21 40 16 55 59 23  5 28 13 24 54  3 37 19  - 45 42  8 33 50  4 14  6  - 26 25 22  - 31 10  - 47 58 43 15 41 39 57  1  9 32 18 52 20 51 34  - 48 17 36  2
 35  6 13 50 45  - 16 10 49 38  - 36 57 33  4 27 26  - 54  - 40 42 43 56  - 22 17 30 48  - 18 29 25 44 32 47  - 34  8  7 14 12  9 41 55  - 19  2 21  - 46  5 37  - 31 51 53  - 15 39
 44 19  - 45 34 16 28  - 14 60  -  -  3  7 46 58  - 15 50 33  - 27 53 12  1  8  - 35 22 10 20  5 11  - 13 54  -  4 21  -  -  - 17 37 49 42 48 31  2 23  - 29  - 59 30 40 38 41 51 25
  - 13 59 15 23 10 32  - 12  1 55  - 16 35 57 60 58  - 43 49  -  - 28  - 40 39 46 21 51  -  - 38 37  7 20 14 45 50 47 36  8 44 19  2 30  5 22 11  - 29  6 33 53  -  -  - 25  - 18  -
  - 17  2  -  - 12  - 19 15 31 59 45  - 38  5 14 36 57  - 21 52  6  -  9 46 53  - 34 54 50 37 42 13  - 28  1 20 10  -  -  -  7 25 43  - 26  -  - 24 44  3  4 58 35 48  - 51 47  - 32
 50 29 41  2 21 40 19 58 26  6 37 30 36 10  -  - 24 52 28 44 57  - 38 15 31  - 12 11 20 42 39 14 34 59 43  -  7 27 51  1 56 54  8 46  - 25 35 53 49 33 47 22  - 23  - 13  4 48  -  -
