2880
  2 57 15  - 44  - 54 40  - 21  - 36 59 58 43 32 13 31 45  - 38 30 12 48 16 46 23  7  -  4 25 50  6  8 33 10  5 60 47 26 41  - 24  1 11 28  - 51 37 56  -  - 52  9 39 55 22 42 35 53
 23 37 54 29  9 31 12 15 48  8 49 45 44 53  -  - 36 34 14  3 32 13 10 46  6  - 41 28 39  - 60 25 26 33 51  5 47  -  1  - 24 56 35  2 21 52 42 22 57  7 11 58 59 43 17 18 40 19  -  4
 45 23  2 28  - 10 58  - 44 51  - 43  - 54 55 27  1 37 42 34 24 21 47  -  - 38 33  - 15 46 11 29  - 19 53 50  - 57  - 12  7 39 56 49  4 17 30 36 25 20 48 35 41  8  - 40  -  9 31  5
 32 18  -  2 12  -  - 34 33 49 45  4  -  8 35 59 14 39 50  - 47 10 25 41 48 13 24 57 19 53  - 56 17 40 20 54 23  - 28 27  - 37  - 43  9 30 44  1 60 29 21  -  3 52 38 42  - 55 16  -
 56  - 10 41 28 26  - 54 53 22 50  2 52 17  -  1 39  - 21  -  6 43  3 51 57 16  - 33 42 49 30 47 32  - 29 25  - 23  -  5 38 58 44  - 13 46 48 59  8 55 14 12  4 36  - 35  - 20 40  7
 37 48 32 56  1  2 55  6 51  - 60  - 11 26 59 34 58 40 22 28 21 39  - 23  - 18  - 24 57 52  7  - 36  3 15 27 19 49 54 44 30 42  8  4 38 16 53 41 12  -  -  - 17 29 33 31  -  - 13  -
 47 20 14  4 42  - 45  - 16  - 59 24  - 15 17 10 57  -  8  - 33  9  - 49  3  - 25 26  5 54 23 51  - 58 41 11  1 18  - 38  2 36 19 31  6  -  - 50 34 13  -  - 53 56  - 12  7 35 48 60
 19 28 46 53 34  9 44  4 39 58  8 15  5  -  - 16 25 42  7 13 49 59  1 36 11  - 38  - 23 45 17 54 24  - 47  -  -  - 41  - 10 48 37 56 43 32 12 55  - 52 27  6 50  - 14 30  2 21 18 40
 41 50 16  - 49 11  - 55 45 33  2  3 53  4 26 39 35 48 28 38 22  - 20  - 32 58  1 42 43  6  5  - 34 12 36  - 13 25 59  - 14 24 15 27 30  - 31 56 52 46 37 44  - 40 10 51  9  8 17 21
 16 59  - 40 24 39 17 41  - 34 28 30 12  - 19 48 51 14 52 27 10  8  6  -  2 25 42  -  - 32  - 33  9 37  3 38 53  4 43 18 56 13 60 47 55  1  - 46  - 35 31  5  7 44 23 36 45  - 58 29
 54 46  8  - 51 23  4 59  -  - 47 14 33  7 40 20  -  - 31 55  1  -  - 30 49 26  -  - 21 19 13 15  -  2 56 34  -  - 53  - 60 44 12 39 29  - 38  - 48 18 58 11  6 17  - 28 16 25 32 36
 29 21 43  8 50  - 42 30 46 19  7 57  3  - 16 54 32 10 40 36  - 37 17 55  - 48 49 14 26  5 52 60 15  - 22  -  2  - 58 23 18  1 41 34 27 53 13 12 31  - 45 28 44  -  - 11 56 39 24 51
  -  -  - 34  -  - 36 35 26  9 16  8 17 20  2 15 60 22 58 54 25  - 33 44 13 37 40 30 51  -  -  - 48 32 28 19 27  6  -  4 45 50 57 52  -  -  1  - 53  - 59 31 14  5  3  - 46  - 29  -
  -  3 26 60 59 13 14 51 52 31 19  5 20 29 37 30 22  9 38 11  - 49 44  - 54 36 55  4 53 42  8 23 18 39 16 41  -  - 10  1  - 45  6 32 48  2 46  7 56  - 47 57  - 50 40 17  -  - 33  -
 18  -  -  -  - 20 24 37 12  6 44 25  4 16 11 35 33 43 47  - 50  3  5  - 40 60 13 45  -  - 29 59 10 52  1 17 55  2 57 53 32  - 14 38 54 51  9 42 30 34 28 41 49 19 26 46 15 27 21 48
 60  - 22 55 53 32 30 11 31 45  - 38 16 27  -  - 17 15  - 51 46 26 37  - 33 28  3 48 25 58 12  -  -  7  - 59 35 13 23 49 43  9 47 18 14 39 52 20 36 57 24  - 56  -  - 41 42  2  4  8
  - 47  3  - 40  - 60 13 37 24  -  - 56 14  - 51  - 50  5  2  - 46 58  - 36 27 30 59 41 28  -  - 22 11 39 49  -  -  6 29 34 15  - 57 32 43  - 33  - 23  - 16 35 48  -  7 18 26 20  -
 34  4 20 19 57 48 49 14  8  - 37 31  -  5 42 13  - 12 41  - 43  - 55 17 15 53  -  - 45 23 18  2 27  - 24  - 51 38 40 60 59 33  -  -  1  3  7 21  6 22 32 26 29 10 44 39  - 11  -  -
 48  2 35 54 47  5  -  -  9 27  -  - 34  - 60 24 11 52 39 12 58 29  - 40 59 21 51 56 36 33 10 37  3 55 31 32  -  -  - 45 57 38 30 44 17  7 15 43 46  4  - 19  - 28 53 23  8 50 22 14
  5 26 28 43 29 58 53  - 36 20 22 40  7 19 44 52  - 30  - 49 54  6  -  - 25 55 56  -  2 60  -  -  - 34  - 35 21 59  - 41  1 51  9  -  - 37 27 23 38 42 15  - 32 31 24  8 10 48 14 11
  9 43 53  -  - 21 16 29 42 28 27  1 49  - 30 17  6 57 60 15 13  7 48  5 20 59  - 11  - 51 34 46 14  - 44 56 32 37 38 31 55 40 36  8 22 18 41  4 23  -  - 47 10 58  - 54 25  - 39 45
 42 60 38  - 20 41  6 33 13 44 56 54 51 59  3 49 53 46  - 10 39  2  4 14 24 17 21 37 34 11 31 52 30  -  5 48 58  9 29 32 27 12  - 15 47 55 16 18 45  8 25 36  -  1 19 22 28 57  - 35
 20 51 31 22 56  -  - 50 57  - 39 16  8 32 38 18 43  2 59 52 30 53 27 42  -  -  4 19 11  - 48 58 54 49 13  -  6 46 60  7  9  - 34 17  - 14 23 40  -  3 55  - 36 33 29  5  -  - 47 15
  -  - 52 46 35 59 41 58  - 55 13 26 50  1  - 29 12  -  - 19 44  - 57 38 47  7  2  - 20  - 51  - 23  4 48 60 30  8  3 16  5 17 32 40 10 36  -  -  - 39 49 22 54 42 34 14 21 33 15  -
 57  6 23 45  4 27 28 47 29 10  - 60 31 18 52 11 42 25  3  1 26 55 56  8  5  - 35 17 13  -  2  - 40 16  - 36 12 15 34 22  -  - 39  - 49  - 21  - 51  - 44 32 30  - 48  -  - 46  - 59
  7 12  5 37 55 53  - 19 30 41 52 27  1 21 46 40 23  -  -  9 15 60  - 13  4 45 29 49  -  3 42 43 39 36 54 24  - 48 14 33 31 11 28  - 16  6  2  - 59 10  -  - 38 35 25 50 20 58 51 44
 28 33  - 50 39 36 51  - 19 12  - 53 14  6 22 37  3 45 16 42 48 40  8 31  -  4 10 32  9 43  - 17 11 23  -  7 18 56 30 52 49 60 13 54 46 20 24 44 55  2  -  -  5 27 58 15 59 41 38 47
  -  7 39 24 36 42  9  - 60 15  3 18  - 45  1 14 28  - 33  - 19 25 26 52  - 49  - 53 29  -  - 41 46 43  - 20 22 55 32 47 12  -  - 21 50 56  - 27 54 31 30 59  -  -  - 44  4  6 23  -
 52 53 12  - 46  - 33 42 49 56 41 55 27  3 39 21 20 11 13  -  7 14  -  - 30 32 54 22  -  - 15  - 51  - 38 37 40 26 50 24 28  - 10 35 45 44 57  8 43  - 16 60 34 47 18 29 23  5  - 58
 55 16 57 17  - 40  1  -  - 35 42 47 32 10 23 26  7 36 34  - 51 18 45  - 31  5  - 44 27  - 28 48 50  6  2 58 15 14  -  -  4 53 52 24 59 11 29 30  -  - 13 49 43 37  - 21 12 54  - 41
 44 42 21 30  - 17 52 25 28 11 20 33  - 41 18 36  - 51 15 23 45 27  -  6  -  -  - 46 59  7  3 49 12 10 55 47  9  -  - 37 13 16 26 48 35 19 40 31 24 54 57  -  8 39 22  4 29 43 60 50
 21  -  -  - 15 57  7  -  - 42 23 12 26 28 41  9 38 55 51 50 56 34 19  1  -  - 31 58 24 35 47  - 20 29 40 30 48 39  5  2 11  3  - 10  - 22  - 13  - 17  6 53  - 14 45 32 43  4  8 16
  -  - 33  -  -  -  2 44 41  1  - 21 60  -  - 23 59 35 20  -  -  - 39 18 22 24 57 16  6  - 49 10  - 26  - 43 38  - 12  8  3  5 29 58 19 48 54 34 27 50  7 25 11 51 42 56 47 13  - 17
 24 31  - 51 10 54  3 45 11 13 57 35  - 38  -  -  - 60 48  - 18 42 40 27 37 14  8 41 55 39 43 53 29 50  7 44 46 34 17  -  -  4 22 28  - 49 36 19 21 32 56 20 25  -  2 33  - 16 30  9
 51 36 24  - 31 12 29 48  5 52  - 32 18 44 27 38  2 33  4 43 53 11 14 37  - 20 17 35  -  - 54  - 41 46  8  6 57 40 45 30 16 19 23 50 28  - 26 39 47 58  1 21 60  -  9  - 55 59 25 56
 27 40  - 58  -  - 10 49  6 16 53 46 45 37  - 19  -  - 55  5  - 17  7 57  8 52 48 60 56 24 32  - 21 20 11 29 59 50 26  - 33 34  4 36 31 47 39 15  - 41  3  9 23 30  1  - 14 12  - 38
  -  -  - 11  5 60 38  - 25 39  - 37  6 23 58 31 52 44 17  - 20  - 22 54 35 42 28  9 18 41 46 24  1 56  4  8 16  -  7 13 19 27 48 33  3  - 50  -  - 59 12 15 47  - 57 10  - 36 49 43
 53 54 18  5 32  -  8  7 10  -  - 11 42 30 28 56 27  4 19 16  -  - 50  2  - 23 59 20 37 22 38  1 49 35 21 39 14 44 15 58 51 57 25  3 52 34  6  - 41  -  -  - 40 46 31 45 26 29 36  -
  - 29 41  -  7 16  - 18 56 54 48 58 30 49  - 46 50 13 25 32  4 31 35 11 38 33 47 51  - 36 59 12 37 53 34 23 39  3 20  -  -  -  5 22  8  -  - 60  1  - 19 17 45  - 43 26 52  - 10  -
  4 17  1  -  -  3 39 27  2  - 29 23 55 50 10  - 54  - 44 59 36 52  9  - 19 57 60  -  - 13 16 40 35 22  - 26  7 24 31 43 20 14 49  6 34 58  5  - 18 21 33  8 42 38 46 25 37 15 45 28
 33 27 29  -  -  - 13 36 15 17 34 19 39 11  - 41 44 26 56  6 12  1 31  - 10 30 32  2 35  -  - 38  - 21  - 42  - 53 46 14  - 23 20 45 51  - 49 37 16  -  9  7 57 25  - 59 24 47 55 22
  - 30 19 38 41 51 32 20 59  2 25 44 10 56 13 57  4 27 35 53  3  - 21 39 52 40 45  -  - 15 22  - 31 28 43  9 36 12 48  - 47  7 18 55 37 23 14 17 42  -  -  - 26  6 50  1 11 34 54 33
 17 22  4 31 38 15  - 26  -  -  6 29 23  - 14  -  - 20  1 18  - 35 16 47 43  -  9 12 52 59 39 28 58 48 25 13 45  - 55 19  - 30  3 41 57 21 11  - 40 49 50 10 27 53 36  -  5  7  -  -
 13  - 48 10  -  6  -  -  -  -  - 51 41 33  - 55 37  1 26 14 29 36 42  - 21  -  - 54 50  - 44 39  - 24 32 16 52  -  4 40 35 49 46 12  7  -  3 11  9  - 60  -  - 22 28 34 53 30  5 19
 25 55 44 39  - 18  - 12 24 36  -  - 19 52 20 47  - 21 32 26  8  4 53 59  - 56 43  - 33 30 27 13  - 14 58 28  -  7  9 35 15  2 45 60 40 10 22 49 29 11  -  - 51 16 41 48 54  1 50 46
  1 14  - 16  3 28 56  - 22  7  -  - 37 39 15  - 49  8 27 47 11 58 60 24 41 51 18  -  - 34 35  9  - 31 50 46 29 30  - 54 21 32 17  - 33 45  4 52 10 12 43 55 48 59  5 20 44 38  6 13
 39  8 17  - 11 34 59  2 58 43  5 50 35 25 45  3  9 38 57 33 37 48 29 53  - 19  - 13  - 56  4 31 44 54  6  1 41 36 24  - 22 26 21  - 60 15  - 32 28 14  - 52 20  7 51 16  - 40 46 30
 50  - 49  7 52  1 15 56 17 37 31 13  -  9 24  5 48 32 46 29 34 22 28 58 44 41 20 21 38 47  - 36 57  -  - 40 43 19 27 10 25 55 54 51 23  8 18  3 33 53 26 30  -  4 12 60 35 45 59  6
 12  -  7 25 18 14  -  -  - 57  - 28  - 55 36 50 15 49 11  - 40 16  2 45 53 54  -  - 31  - 20 30 60 27 59 21  - 29 52  3 17  8 33 42 56  5 34 24 13 51 10  - 37 23 32  9 48  -  - 39
 22  - 36 21 54 52 19  8 40 47 10 48 25 60 56 58 18  5 29 30 16 41 59 33 51 39 46  -  -  9 14 26 42  -  - 53 31 27 44 17 37 28 50  7  -  4 20  - 15 45  -  - 24  3  - 13  1 23 12 32
 35 52 55 48  -  - 25 39  - 14 43  - 36 42 21  2 24 58  6  4 60 33 49 29  - 34 44 23 22 57 56  -  5 47 26  - 11 54 19 28 46 59  7  9 41 13 17 45 20 16  -  3  - 15 30 37 50  -  - 31
 59 32 58  6  - 46  -  -  - 50  - 49  - 34  5  8 55 53 12 24  - 51 13 35 39  9 27 36 40  -  -  -  7 44 30 18 25  - 22 20  -  -  2 23  - 29 60 54  - 38  4 33 19 45  - 52  - 31 28  -
 30  -  6 59 13 50 48 46 14 38 58  - 21 12  9  4 45 17 24 44 52  - 23 28 27 43 22 39  3 40 41 55 47 57  - 31 34 16 35 51 42 20  1 53 18 33 37 25  2  5  -  - 15 49 11 19 32 60  7 26
  6 49  -  9 14 30 40 24 32  4 38 42 15 13  7 33 56  -  2 48 57  - 41 60 50 44  -  1 58 29  - 19 25 59 45  - 20 35 36 34  8  - 51 16 12  - 55 53 11 26  - 23 18 21 37 27 39  3 43 54
 43  5 59 27  6 38  -  - 55 18 17  -  - 31 49  -  - 28 37  - 42 19 52  - 26  - 34 29 48 20 58 11  - 45 57 15 33 47 56 50  - 10  - 14 36  - 25  9 32  - 46  1 16 24 60  3 30 22  - 12
 11 35 30  1 33  -  -  9 50  - 55 41 24 22 54 28 26  -  - 31 14 38 51 56  -  8 52  - 12 18 45  - 59 17 23  4  -  - 37 36 39 21 16  -  5 27 43 47  7  6 40  2 58 34 20 49  - 32 53 10
  -  - 42  3 48  8 18  - 23 60  4 59 54 40  -  - 46 19  9 37  - 24 32 34 45  2  - 52 49 31  - 14 43 25 12 57 50 28 11  6  - 47  -  - 44 38  - 10 26  -  - 13  1 55 15 58  - 56  - 27
  -  - 11 49 60  - 27 22  -  - 51 56 48 47 34  6  5 23 53  - 41 32 54  -  - 12 58 55  - 16 26  - 28 15 46  - 44 17  - 57 36 25 42 37 20 59  - 35  4  -  8 14  2 13  - 43 38 10  1  -
  8  - 40 20 23 33 37 31 38 48 14 39 46 24  - 60  -  3 43  -  2 54 15 10 34 50  5 25  - 44  9 16 55 51  - 22 17 42 13 56 58 18 27  -  - 12 19 26 35 28 53 45  - 57  7 47 41  - 52  -
 15  - 50 14 30 29 20 60  3 53 11  6  - 51 33 43 47 59 36 58  -  5  - 32 56  - 19 34 28 26 57  4  -  - 17 55 49 10  8 25 48 46 38 13  2 42  - 16 22 27  - 39 12  - 54 24 31  -  9  1
