2880
 47 23 51 14 24  -  - 52 38 32  - 41 22 25 26 20  9  - 29 45 55 50  3  -  -  - 34  7 35 59 16  -  5 42 46  1 12 48  8 17  - 37 30 33 10 27  2 40 60 58 13 21 56  -  6 15 28 18 11 19
 40 13 15 22 10 47 31 29 18 49 53 12 39  - 28 46  5  - 38 34 59 43 55 41 20  8 23 19 58 44 50 25  2  -  - 37  - 42 32  - 54  -  - 24 52  - 33 60  - 57 48 45 36  -  - 21 16  -  6 51
 37  - 40 51  4 31  8  -  - 36  6  -  - 46 11  3 33  1 53 19 23 26 18 27 21 28 20  -  - 45 34 17 47 35 48 13  7 22 12 16  - 58 29  -  -  -  - 41  - 30 43  - 38 14 32 54 55  -  - 42
  - 28 11  -  7 17 59  1  - 26 16  4  5 54 18 45 56 58 46 52  3 36  -  - 14 41  - 43 23 39  -  - 29 55 60 38 50 35 42 13 48 33 24 20  - 31 53  -  9 12 22  - 30 47 15 44  - 27 40 57
 50  6 47  5  - 12 34 58  - 20 45  - 21 59 25  -  8 32  7 22 16 30 52 49 36 42 54  -  -  -  - 29 11  -  - 51 56 23 27 43 39 41  4  3 46  - 24 44 14 37  9 35 33  1 55  - 31 38 13 17
 30 51  -  - 43  -  - 21 12 14  -  -  -  7  - 38 50 25 37 27 47 52 16 57 60  5  9  3 53 19  - 54  6 13  8  -  -  -  -  - 31 39  - 10  -  1 48 15 35 33  4  2 55 23 45 32 46 26 44 49
 13  - 60  - 28 22 47 53  5 34  - 57  -  - 54 23 31 15  2 16 37 48  -  - 26 11 40 59  - 35 24 33 25 50  6 58 52  - 43 27 51  9 10  -  -  - 42  4 41  1 39  3 19 38 20  -  - 56  - 46
 12 44  - 41 36 26 15 57  -  9 59  - 11 16 37 42 39 52 28  -  - 21  1 31  - 49 55 60  - 20 30 18 53 27 40  4 22  6  - 58 10  -  2  5 35 46 51  - 43 32 19 38  -  - 23 29 14 24 54 48
 54 15  - 20 13 42 35 37  -  8 55 47  2  -  -  1  6  9 16 44 25 58 31 14 49  -  7  4 36 60 43 22 34 39  - 19 30  -  -  -  - 28  - 38 18 56 57 33  5 17 53 26 11 50 51  3  - 59 12 32
 38  7 13 18 41 60  -  9  6 12 40  - 54  - 53  5 34 28 19 42 35 22 33 50 51 46 31 25 59 29  -  1 57 23 32 15 20  - 47 45  -  - 43 17 21  8 52  - 39 16  2  - 37 48 36 24  4 10 55 30
 28  - 26 45 50 11  5 36 22 51 27 43 48  -  -  7 25 12  4 55  - 46 56  -  - 44 17  - 20  -  9 19 58 34  - 47  -  - 30 14 41 53 60 15 31 52  1  - 38 40 54 59 42  - 21 39  8  - 18 16
  2 14  - 31 35  - 58 34 59 45  -  - 53 27  - 18 46 37 47  4  8 16 41 22  - 40  6 52  - 49 17  5 54 48 21 10  - 25 36 50 28 56  9 39 13 44  -  - 24 15 60 12 57 20  - 23 43 33 19  1
 45  5 33  -  - 59  7  -  4 39  - 11  8 30 50 28 36 42 35 41 43  - 10 38 17 19 26 55 34  9  - 14 16  3 23  -  6 46 60 49 20  1 25  -  -  - 29  - 18 31 57 44 13 40 37 48 24 54 47 12
 46 36 56  6 16  - 12 44 17  -  1 18 32 37  9 48 38 19 43 10 29 24  - 42 47 45  - 33  7 28 39 57 14  - 41 52  -  8 15  2 26  -  5 40  - 23  - 50  - 55  -  - 20 53 34  - 25  3 51 59
 43 21  -  4 53  -  - 41 47 46 18  - 14  8 20 37 24 51  9 40 31  -  -  2  - 13 33 15 44  - 28 23 35  - 17 29 11 58 38  7 42 49 22 57 34 16 30 55 48 36 27 10  1 19 59  -  -  -  3 54
 32  -  6 29 11  -  2 39 41 43  -  1 60 44 24 52 48 54 27 13  - 18  - 10  - 21  - 58  3  7 23 28 26  - 57 53 51 56 20 22  4 59  - 47 17  -  9 38  8  - 14 25  -  5 16 49  - 36  -  -
 48  4 12 47 52 45 43  2 11 19 36  - 15  -  - 33 23 49 56  - 50  3 60 21  - 58 46 31  6 55 38 16 32 28 37 22  8  - 17 51 53 54 35 41  7  5 13  1 59 44 20 27 40  9 10 42 26  -  - 18
  - 22  7  - 37 53 52 17 46  6 14 19  - 51 56 12 15 36  - 31  - 28 42  -  -  9 41 32  - 18  - 43 30 21 27 25 49 33 54 10  - 34 50  - 57 59 26 24 58 20 47 29  3  4  5  8 60 55  - 39
 14 41 38 35 19 33 45  - 15 42 48 23 55 57  5 49  - 22 44 54  1 53 46  -  - 56 30 40  - 47 60 52  -  - 29  -  2  -  3 24 25 50  - 27  - 51 34 20 32  9 31  - 16 28 17  6  -  -  8 10
 51 17 50 30 29  7  -  5  - 44  -  9 13  -  - 16 27 31  - 37 20 14 24 36 15 60 47 56 11  4  1 26 39 38 22 18 19 34  6 41  3  -  -  - 40 57  - 35 49 54 46  -  8 55 52  2 32 21 42 43
  8 30  2 12  1  - 29 38 42 41 25 22 23 28 10  -  - 35 39 60  5  9  -  -  - 37  -  6 56 57 26 40  4 15 18 49 13  - 46 36 24  -  -  7  -  - 16 45 27 21 58 51  -  3  - 55 48 17  - 20
 44 10  - 37 25 29 54 12 57 28 52 34 43 56 48 59 22 26 15  - 17  1  - 39  7 16 60  8  - 27  5 20  3 45 50 55 21 38 35  6  - 24 11 18 32 33  - 46 47  2 30  - 41 13 42 51 36 40 14  4
  5  - 41 36  6  2 20 59 19 48 29 55 34 22  - 31 53 14  -  -  4 56 23 12 24 30 43 11  - 26 58  8 28 52 15 50  9  3 33 18  - 16 32 60 54 21 44  7 42 27 10  - 46 57 49  - 35 25  1 13
 25 52 22 46  3  - 36  7  9 58 38 51  6 35 29 21 12 57  8 59 56  -  -  -  2 23 44  - 30 34 41 53 20 14 31  - 48 50  - 37 15  5 55 45  4  - 39 42  - 11  - 13 10 54  - 19  - 32  - 27
  4 47 36 26 55 38 51 23 54 40  - 13 10  -  1  - 52 11 21  2 60 20 17 15  - 50 42  - 49  3 33 12 37  -  - 27 59 43  -  - 44 31  -  9 56 19  -  - 34 53 16 46 28 41 24  5  6  - 32 25
 23 45 37  -  - 55  6 10 36  5 44 30 59  - 42 19 60  8  - 20 57 54 27 35 43 22 48 47 21 40  4  - 51  -  9 28  - 41  2 34  -  7 16 49 50 14  - 39 26 18 25 11  - 24  - 52  1  - 53  3
 58  -  3 43 49 50 33 22 34 31  - 39  - 12 30 57 11 60 17 25  - 27 45 55 42 47  8  5 14 52 20 56  9 53  - 32 35  - 26 59 18 38  - 19  2  4 10 23 28  - 15  1 48  6 13  7 40 29  - 37
 42 35 57 39 54 16 19 30  -  - 34 27  - 48 36 58 28  - 41 21 11  7 32  -  3 18  -  - 12  1  -  4 13 20 45 44  - 60 40 33 29 22 26 50 47 37  6 53 17 49 51 15 14  8  -  9 10  2 38  5
 36 26 30 44 34  - 24 14  8  - 20  3 27  - 32 17 41 48  5  7 54 45 13  4 23  1 57 39 55 46 37 35 33 40  - 12 15 10  -  - 16 51 38  -  - 47 21 25 29 56  - 28 18  - 50 11 22 52 59  -
 19 32  9 25 38  -  - 16  7 53 41 52 51  - 12 35 21 20 49 39  -  4 50 56  -  - 27 34  - 10  - 13  8  2 59  3 54  - 24 42 58 47 31 36 28 48 60 22 30  5 40  6 23 44 46 57 37  1 43 11
 20 42  - 49 40 32 21 35  3 29  - 28 56 23 22 34 10  6 31 18 33  2 19  8 39 54 25 13  -  -  - 58  1 16 14 26 44 27 48 55  9 15 47 11 53 41  - 57 52 46  - 17 24 12  - 30 59  4  - 38
  3  - 27 53  8 28  -  - 30 10 11  6 46 43 44 54 57  - 25 49  -  - 12  -  9 51  - 50 48  - 18  2 38 36  - 34 58  -  - 52 32 26 39  -  - 55  5  - 13 23  - 24  4 17 56  -  -  - 37  -
 24 46 19  2 45 57 42 28 43  - 12 17 33 58  6 26 44  - 55 14 52 51  8  -  -  3 22 54 18  - 47  -  - 10 53 16  -  5  9  - 30 32 36 25 37 40 31  -  1  4 29 39 27 60 11 50 38 34  -  -
 34 50 31  - 20  3 22 24 51 15  - 33 49 10  8 32  4 16  - 38  6 57  5  7 40 17 19 26 25 37 42 36  - 47 39 41  1 55 52  9 46 48 44 12 11 54 43 27  - 14 59 18 60 29  2 45 21 23 56 58
  -  8 32 38 23 56 28 20  - 16 47 35  7 55 49 43 45 40  - 26 39  -  - 37 13 15 52 14 24 48 53 59 31  - 10 57 25  - 51  4  - 44  3 21 36  2 54  5 19 60 12 22 58 46 41 18 33 11  9 29
 52 20 54 58  9 21  3 51  -  1 56 29 40  - 39 13 59 50 33 28 41 49 34 16  5 27 18  - 43  -  - 31 24 25 35  2 46 44  - 26 19 10 12  - 60  6  8  -  7 45 23 57 17  - 48  - 30 42  4 22
 22  - 14  8 32  - 46 19 29 60  -  5 52  2 43 11 17 10 36 53  9  - 20  - 48  4  - 38  - 21  3 55 42 31 24  -  - 40 16 56  - 27  1 23 45  - 37  - 51 28 26 54 59 33 39 12  - 15 34 41
 27  1 28  -  2  6 13  - 49  -  - 25 12  -  -  - 32 34  3 11 15 35  - 44 30  7  4 53  -  - 56 47  - 41 36 23  - 29 58  - 57 21  8 48  - 10 55 51  -  -  -  - 50  - 60 38  9 31 22  -
 41 27  4 33 58 15 32  - 56  - 54  - 47 60  -  - 42  7 30  - 40 34 25  3  - 59  -  1  2  6  - 21 19  8 43 20  - 45 55 11  - 18  -  - 48  - 14 10 12 51 49 53 22 37  -  -  - 28 52 36
 31 60 25 10  - 18 16  -  - 11 37 21  9 14 27 44 20 30 40 51 36  6 49 19 33  - 53  - 15  -  -  7 12 26  5 17 47 57 41 46  - 52 23 42 38  - 28 58 56 13 34 50  2 32 29 35 39 48  - 24
 39  3  - 42 30 36 23 60 25 54 32 10 19  - 41  4 14  - 52  - 28 12 59  -  - 55 58 48 38 22 15 50 44 51 56  9 16 47  - 20 35 13 21  -  1 18 11 43 45 24  8  7 31  - 57 17  -  - 26 33
  1 37 49 60  5 58 50  3 26  - 28  - 16 15  - 53 40 18  - 17 45 31 47 51 44 57 14 20 52 38 54  - 27 19  2 39 33 11  7 48 23 29 59  4 43 32 36  -  6 22  - 55 35 30  - 56 42 13  -  9
 53 19  - 13 18 30  - 42 52 38 43 14  4 36 31 41  1 17 34 47  -  5 39 11 32 20 56 44 27 51 57  - 22 46 49  - 29 28  - 23  - 35 40 58 26  3 45 16 15 48 33  - 12 10  8  -  7 60  -  2
 26  2 21  -  - 24  1 32  - 25 30  - 57 39  7 51 55 44  - 33 53 10 29 18  4 14  - 36  -  - 59 37 15  - 58  -  3 49 19 38  - 42 28  -  - 12 35  - 20  8 56 40 43 11 22  -  5 46 41  -
 59 57  1 28  -  -  9 33  2 24 58 31 44 34  -  6 19 47 14  - 27 11 54  -  -  - 39 22  -  - 45 42 40  5 38  - 36 30 50 29 56  - 13  - 55 49 17  - 21 26 32 16 51  -  3 25 53  7  - 35
 57 16 53 23 26 40  4 13 39 55 50 54 41 11  -  8  7 59 18 12 21 15 51 28 19 38  3  -  -  2  - 48 60  - 42 35 31 52 29  5 45 43 46 37  6 30  - 34 25  - 44 32 49 36 58 10 17  - 27 56
 18  9  - 59 15 13 37  8 14 50  - 26 36  4  2 24 58 55  -  - 30 38  - 17 28 35  - 10 42 16 22 51 41 32 11  - 39 53  1 40 34 60  - 54  - 43 25 31 46 29  3 52  - 49  - 47  - 20 33 21
  9 38  - 56 27 10 60 25 40 37 33 46 18 42 19  - 47  2 12  3 24  -  - 53 54  - 49 45 39 15  -  - 36 29 13 31 43 32 21  8 50  6 41 34 20 22 23  - 44 59  5 30 26 52  - 28 11 14 48  -
 55 58  5 27 60 37 14 11 20 23 49  - 50 32 16  9  - 43 48  8 51 33  - 26  1 29 38 42 40 36 31 24  7 17  4 56 45  - 28  -  2 12 15 46 44  - 22  - 54 25 35 34  6  - 18 59  - 41 30 52
 33 11  -  -  - 44 57  - 27 22  9  - 17 41 58 56  - 38 23  - 10 19 53 48 34 43 12 46  5 25 40  - 18 24  - 45  - 20 31 39  -  -  - 29 14 42  7 13  -  6  -  4 32 16 35  1  - 30 21 60
  -  -  - 32 56  1 10  -  -  - 60 49 28  - 33  - 30  -  -  6 58 17 38  -  - 26 37  9 13 11 27 45 50 44 52 54 14 12  -  3  7 46 48 22 39 34 47 29 57 19 36 42 21 15  - 40 41  - 16  -
  - 24 29  7 21 35 27 49 50  2  - 38 58 31  4 47  3  - 22 15 48 13 37 33 59  - 36 12 41  - 55  9 43 54 51 14 34 17 18 53  1 11  - 28  8  - 46 19 40 10 45  -  - 56 30 16  -  - 57 23
 56  - 35  -  - 51 49 40 58 52 17 59 24  -  - 60 37 33 13 23 18 47  -  -  -  2 16  -  - 42 48  - 10 57 25 21  - 19 22  1 11 45  6 31  5 36 32 12  - 50 38 14 44 27  9 53  - 39 15 34
  - 53 43 17 42 46 48 26 16 56 10 15 25  - 52 22  2  - 11 50 19  8 35 58 45 31  - 21 51 54 32 49 23 59 33 24 60  9 39 12 14  - 37 44 41  -  3 30 36 38 18  - 29  7  4 34 27  5  - 55
 15  - 16 48  - 54  -  - 44 33 39 36 31  9  - 29 26 13  - 56 38  -  2 60  6  -  1 49 57 53  8 32 55  -  3  7 18 59 10 47  - 19 45  - 24 35 50 17 11  -  - 23  5 34 28 58 52  - 25 40
  6 56 59 11 31 25  -  - 23 17 13  - 35 21 34 40 49 39 50  - 32 44 58  - 29 10 24 27 22 30  -  - 46 18 54 36 55 14  5  - 52  4 33 51 16  - 15 48  - 41  - 20 53 42 38 43 19 57 28 26
  - 25  - 16 46 23 26 43 48 57 22 20 38 47 60 14 18  3 54  - 13 42 11  - 52 39  -  -  - 32 21 44 59 58 55  - 40 24  4 28  - 17 53  1  -  -  - 56 10 34 50 41 45  2 31 33 51 37  5  8
 35  - 17 24 33 20 11 50 31 47 26 48 37  6 21 10  - 41 45  5  2 29 22  - 46 12 32 18 19  8  - 60 49  -  1 42 57 36  - 25 38 30 27 13 59 15  -  -  3 39 55 43 52  - 53  4 44 51  7  -
 10 54 44 21 39 43 25 31 37  - 15  7  - 26 57 50  -  5 51 48  - 41 36 32  8 33 29 16 46 24 52 34 45  -  -  6 42 18 56  -  - 40  -  2 58 60 59  3  4 35  1 19 47  -  - 14  -  9 17  -
 17 31 23 54  - 34 30  - 53  3  -  2 42 50 13 39 43  -  - 57 49 59 28 24 56 32 35  - 26 12  -  -  -  4  7  5  - 51  - 60 36  - 52 16 19  - 20 47 22  - 37  -  9 58 40 46 15  6 45  -
