2880
  - 38  3 47 41 53 18 23  - 32 16 27  - 11 29 34 60 13 15 51  - 58  - 22 54  2 35 52 43  - 40  - 26  - 50  -  7 37 39 19  8 33  1  - 46  -  5 45 36  - 30 42  - 25 49 21 14 10 55 12
  - 56 19 40 35 38 44  3  - 51 45  -  8  -  4 29 34  1  6 24 50  - 22 60  - 26 12 41 46  - 16 17 43 42  - 28 32 23 58  5 55 11 27  2  - 47 37  -  - 15 36 30 39 20 57 10 21 14  9  -
 10 57 54 26 28  7 22  5 30 11  -  - 20 12  2 51 56 52  - 16 44 34 33  - 18 43 40 37  6  - 55  4 21  - 47 23 38 60 32  - 59  -  9 48  - 13 35  1 42  3 27 41 46 24 53 17 45 36  8 49
 31 21 59 58 51  -  1 43 28  - 15 20 55 57 44  -  3 23  - 54 34 47 30 29 14  -  4 39 19 10 27 52 18 33  9 41  - 53  7 16  2  6  -  8  - 22 25 37 13 42  - 12 26 48 24 36 17  -  - 56
  1 35 48 41  4 22 45  - 57  -  -  -  - 25 55  - 13  - 58  - 14 24 34 50 32 46 10  3 38  2 59 36  8 15  6  -  9 27 37 30 33  7 16 12 21  - 54  - 18 47 19 44 49 26 28 40 39 29  5  -
 47 46 33 34 50 24 10 55 52 42 56 40 45  - 58  -  -  -  8 53 49  3 23 51 20 37  - 59  - 31 44 12 41 60 36  -  -  6  1 32 43 30 18 16 48 29 11 19 38  -  2 17 27  -  -  -  4 15 25  -
 22 15  5 21  -  - 41 37 53  2 30 25 12 19 14 50  1 42 27  -  - 32  9 40  4 35 24 58  - 47  7 38 17 44 10 34 56 59 45  - 23 49 54  -  - 20 48  6 46 31 55 18 43 13 39  - 57 52 11 28
 16  7 58 28 13 17 29 46  4 40 26 10 25 41  9 31 21 59  - 15 60  - 53 42  -  6  - 57 44 23  -  -  -  - 30  - 55  - 12 34 50 51 32 19 14  -  1  3  8  - 33  - 36  -  5 52 27  -  - 11
  -  - 23 16 25  - 19  - 47  - 12  5  - 60 36 45 11 53 20  -  - 43 37 52 28  3  - 26 21  7  -  -  1 27 55 48  - 50 24 49 30  4 33 10  - 35  -  9 14 54 39 40 13  - 18 44 31  - 41 29
  -  -  6 56 52  - 39 17 43 55  - 38 57  - 18 44 24 20 30 42 21 27 40 41 33 29  -  4  - 59  - 25 48  - 26  -  -  7  - 46 19 23 45  -  -  -  9 14 34 37 15 49 60 16  3 31  - 54 22 50
  6  - 39 23 34 57 11 60  - 35  -  3 30  - 28 32 54 58 41  8 55 29 10  - 49 42  2  -  -  4 17 59 16  1 25  - 21 46 50 33 38 45 20 53 19 37 31 26 15 52 13  5 14 44  - 48  -  - 36 40
 42  - 16 54 10  3 57  4  -  9 44 53 60  7 12  1 17 15  5 35  6  8 31 43  - 28  -  - 26 39  -  - 56 34 11  - 45  - 23  2 52 27 49 13  - 24 32 30 29 50 37 36 59 18 41 47 22 58 46 48
  8 54 51 48 46 15 33  - 58 47 19 30  6 10  3  - 28 29  9  5 36  - 50 21 45  - 39  - 55 24 12 18 23  - 44  -  - 14 13  4 35 32 41 40 20 31 57  - 27  2 59  1  - 42 56  7 43 17 16 25
  -  9 52  - 53 30  - 16 49 39  1 45  3 37 11  8 58 28 26 22 38 57  - 19 31 23  - 51  - 46 43 15  5 17 40 56 34 12 54 18 47 42 48  6 36 14  -  2  - 10 21 24  -  - 20 59 33 32 29 44
 25 27  - 38  -  5 36  - 31  6  2  - 56  1 43  3 37 39 48 52 40 60 41 46 21 45 16  7 42 13  -  - 58 23  4 10 54 34 59 24 44  - 53 30 57  9 26 29  -  - 51 15 55  -  -  -  8 35 32 22
 45 40 43 24  -  8  - 58 21 60 54  1 48 42 51 59  - 31  - 36 47 39  - 26 27  - 23  2 28 38 41 35 34 18  - 16 52 29  4  9  - 56 37 17  - 57 15 12 19 25  7 53 44 33 11 46 49  -  -  -
 44  4 30 60  - 29 43  - 40  - 34 12 51 32 38 17 47  - 28  - 20 55  5 11 10 22 15 18  - 41 52 19  2 13 54 35 46  - 42 26 58  - 57 59 50 48 33 21 45  8 31  -  - 53  7  - 56  -  -  3
 14  3 29 36 24 52  -  9 39 12 13 46 53  6 22  - 40 33 10 25 17 16  - 30 51 55 56 54 45  - 48 37 50  - 20  -  - 31  2  - 41 26 42 23 15  1 49 18 28  - 58  - 19 43 60  8  -  -  4 38
 41  - 15 12 55 11  - 30  -  7  9  6 16 45 59 53 38 14 52 10 56 54 57 44 47 18 26 17  3  1  - 49 32 48 35  2 24 20 46 28 34 29 31 25  5 21 36 42 51  4 50 27  -  -  - 43 60  8  -  -
  3 60 34 31  - 13  9 42  -  -  - 23 54 40 49 21 53  2  - 14  -  1 55 25 59  4 37 11 35 50  8 20 10  5 18 32 44 51 27  7 39 36 17  -  - 41 19 22 56 46 52  - 57 45 26 30  -  -  -  6
 24 32  - 18  -  - 37 49  - 41  - 60 28 36  - 52  8 30 39 38 51  -  - 15 12 11 50  - 59  -  - 54  -  - 29 31 48 43 19  - 56 13 25 35 42 26 45 53 10  -  - 21 34  9  - 23  3 55 40 57
 28 59  -  3  - 19 21 39 11 37 38 54 10 56  1  - 35 12 22 20 45 42  4 31 23 13 48 33 60 25 30  -  7 36 46 52 41 44  - 40 17 57 14  - 49  5  8  -  - 58  6  -  9  - 34 55 16  - 18  -
 50 41 57 17 16 28 55 32 38 36 58 47 21 18 20 37  -  4 34  9 39 44  1  - 11 53 59 60 31  - 35 14 46 22 42  7  -  - 26 52  -  2 43 54  3 10  6 33 23 40 49 56  - 15 30 25 13 19 48 27
  - 23  8  - 19 27 24 25 16 56 31 43 41  - 52  4  - 48 35  - 32 28  -  - 34  - 45 22 49 44 14 53 55  -  -  -  6 33 36 54 20  - 51 15 60  3 42 59 47 21  - 11 29  -  - 50 18 38  - 46
 40  - 32  - 26 58 48 12 29  - 24  - 31  - 25  6  9 46  - 47 41  - 44 27  - 36 17  -  4  -  5 11 45  - 59  8  - 39 18  -  -  - 35 38 28 54  2 13 52 49 53  7  - 30 14 42  -  - 51 23
  9 50 41 45 54 37  - 36 15 44 46 39 33 23 10  2  - 18 56 30 52 53 28  - 55  - 19  - 47 34 26 32 57 20  -  - 60 40 11  -  7 16  - 43 35  -  - 38  6  5 17 25  - 22 27 29 42 59  - 31
  - 43  -  7 23 41 13  -  -  4 10 50  - 38 46 26 31 37 53 57  -  - 16  - 19 44 52 47 58 51 20  - 42 54 24 49 40  - 56 59 12 17 11 55  - 30 34  8 25  6 22 60 18 27 21 15  2 39 35  1
 11 39  2  - 56  - 28 48 33 23  6 21  1  -  - 60  - 44 51 32 18  - 58  5  9  7 38 29 54 15  -  - 22 12  -  3 10  - 35 47 40  -  4 31 45 17 43 46 55 27 57 14 52 37 19 13 34 20 59 16
 37 47 45 32 58 56  2 26 17 18  4 35 36 15  7 23 49 27 44 31 24 50 21 57 39 34 25 30 20  - 51 16  9 55 48 54 42 28  - 43  5 10 59 22 53 46 13  - 12 33 11 29  6  - 40  - 41 60  1 19
 35 17  7 42 37 51 23 52  6  1  8  - 46 22 40  - 15 41 21  - 28  -  - 13 30 58  - 34 18  -  -  - 39 11 19 44  - 55 31 10 60 38  - 36  2  -  4 27 50 14 25  -  - 54  - 32  5  9 12  -
 36  1 25  -  5  - 16 24 46  - 52 17 19 31 54 49 33  9  3 56 30 12  - 23 15 51  6 28  - 37  2 57 13  -  - 58 11 18 34 21  -  - 39 14 47 44 38  - 20 53  8 32 48 55 29 22  -  4  - 60
  -  - 38  2  -  -  -  -  5 15 51 29  - 47 31  - 39 16  - 58 19 18 46 49 36 32  - 35 52  -  1  - 12 37 34 60 50 17 44 13  - 20 30  4 27  7 14 48 22 43 56  3  - 40  8 57 25  - 10  -
  - 34 42 14 27 39  -  -  8 48 47 26  - 59 17 36 16  - 12 21 31 37 51 18  - 33 58 45  9 54  -  2 25  4  -  -  3 32  5 20 57 41 13 11 44  6 22 52  - 38 24 23 50  7 55  - 29  1 49 15
 51  - 28 39 21 42  6 27  - 59  -  - 11  - 13 24 19 25  2 48  - 45 14  7 57 12  -  - 10 30 31  - 15  - 49 17 23 52 53 56 16  5 55 60 40 38 44 43 32 41  - 54  1 29 22 35  9 47 37  4
 23 28 35 11 57  -  - 54 26 19 22 15 27  - 45 14 55 43 50 17 58 38  - 24  5 21  8 44  - 12  - 60 20 49 53 40  -  3 52 25  4  -  -  -  -  - 59 51 39  1 47 13 56  6  - 34 48 41 33  -
  4  -  - 29 12  - 17 44  - 52 21  8 26 39 16 27 46 56  - 19 37 10 60 59 50  -  7 13  2  3  - 40 11 30 43 33  -  - 57 48 25 53  -  -  - 28  - 35  9  - 41 47  - 36 23 18 32  5 38 42
  -  -  - 37  -  - 32 45 12 49  5  - 29 54 19 48  - 22 38 39  9 26  - 10 41 27 60 15 56  - 25  6  -  8 28 53 17 58 40 36 18 43 24  3 11 59 47 44 30 20 34  2  4 21  -  1 46 57 42 13
 18 11  - 25 47  -  - 56 59 33 41 19 14 27 35 38  -  - 57  6 15  7 12 16 22  - 55 36 51 60 24 44  4 45 31 29 39 10 17  - 13  -  - 32 26  8 52 40  5  9 46 20  - 34 58  2 28 49 30 37
 34  5  - 15 22 45 51 31 60 28 50 44 17 35  -  - 48 24  4 23  - 41 38  -  7 40 54  9 57 55 11 46  3 19  1 12 59 25 33 29 36  8 58 27 18  -  - 16 53 56 42 39 32 52  -  - 30 43 14 47
 52 36 20  -  7 47 53 28 51 45 40  -  - 29 56  - 43  6 33  -  8  2 25  4 38 31 27 50  - 16 60 26 14 46 58 59 18  5 55 35 22  -  -  1 37  - 21 54 24 57 44 19 12 32  - 49 10 48 15  -
 56 31  - 22 59  - 46 19  - 57  - 11 40 17  5  -  -  - 60 13 25 15 39  3 37  - 49 38  1  - 42 29  6 10 23 14 51 16 20 53  9 50 52 44 55 27  7 24 41 26  4 45  -  8 43 12 35  2 54 21
  - 42 40 33  3 18 38 14 20 53 60  - 32  -  - 11  5  - 25  - 26 22 52 39 44 47 43  -  - 27 50 31 29  -  - 37 36 24  - 57 15  1 28  9 23  - 55 49 35 51 45 46  - 10  2 56  -  -  - 59
 27 53  1 55 60 14  - 57 56 38 36 34  - 20 39 41 44 49 32 11 29 30 43 12 35  9 46  - 15 22  -  - 40 24 45  -  4 21 25  - 42 54 10 58 16 23 51 50  7 59  - 31  - 28  -  6 19 18  - 33
 57 18 46  9 20 12 40 29 14  - 55  -  5 16 27 47  7 51  -  -  3 56 42  1 43 49 44 31  8 26  - 50 38 59 33 25  -  - 30  -  6  - 15 28 24 58 60 32  - 39 54 48 37 41 52 45 11 13 23 34
 54 51  -  -  1  -  5  6  - 14 39 37  2  -  8 58 27 26  - 28 33 17 29 56 46 59 57 21 34 20 36 48 47 40  3 42 15  - 10  -  -  -  - 50 25 45 30  -  -  7 23  -  - 19 44  - 52 11 31 53
 59  -  9 43 15 40 50 41 32 34  - 18 49  4 23 46 10  -  - 29 35 51 20 28 13 17 22 24 37 42 58 21  -  -  2 47  1 56 48 60 14 55  6 26 54 39 53  7 44 45  3 33  -  -  - 38  -  - 27  -
  -  2  -  1 11 10 59 34 23 46  -  - 44  - 26 42 52  5 29 12  -  4 18 14  - 60 33 27 25  6  -  7  -  -  - 51 20 13 43 50 48  - 36 37  - 49  3 55 58 28  9 16 30 35 38 54 53 40 47 32
 15 29 26  5 42  4 47 18  -  -  - 32 50 13 30 39  6 11  1 46 53  9 59 58  2  - 31 23  - 33 45  8  - 43 12 36 49  - 41 14 27 28 21 52 56 25  - 60  - 22 48 34 54 57 17 51  7  3 44  -
  - 26 27 19  8 46 14  - 13 22 49 36  -  9 57 30  - 38 42 41 48 21 45 35  - 16 20  - 40  5 33 10 44  3 15 24  -  - 51 23 54 18 56  7 43 11 29  - 60 32 28 50 53 39  -  - 59  -  - 17
  7 16 56 27 30 36  - 40  -  - 17 42 47 51 33 25 41 21 59 34 13 52 48  -  1 54 14 55  - 19 29 28 37  -  -  -  - 22  8 15 46 60 23 49  9 18  - 20 57  - 38 26 31  2 32  - 24 12 50 35
  2  6  - 46 31 35 49 11 54  - 25  - 43 21 24  9 42  3 36  4  7  - 17 45 40 19 32 16 30 28 18 33  - 53 52  - 57  - 22 51  -  - 12  - 13 56 23 15  1 55 60  8  5 58 10 20 50 27 26  -
 39 19 12 51  -  9  4 53  - 13 43 24 18 30  - 28 57 54 37 55 16  5 49  8 25 52 21  - 14 11 23  - 33 41  7 15 22  - 47 17  3 59 34  - 29  2 46 58 48 36 35 10  - 31 42 26 44 50 56  -
 12 58 49 53  6  - 30 59 41 31 42 55  7 34 15 35 22 57 24 26 27 46 54 17  3 38  - 10 29  - 39 13 51  - 21 19 14  -  -  8  - 44  5 47 33 32  - 36 11  - 16 28 25  1 50  - 37 56 52 18
 13 37 14 35 38 16 42 20  - 50  3  - 24 46  -  -  - 47 11 33 23 48  6 36  -  -  9  - 17 56 28 41 27 52  8 30 29 49 15 44 21 40  2 18 32 19  -  4 54 12 43 22  -  -  1  - 55 31 58 26
 30 25 22  - 33 54  3  -  1  - 48 49 39 55 50 56 36  8  - 37 11  6 32 38 53  5  - 19  -  -  9 34  -  -  - 45  - 26 29 27  - 52 60 57 17 43 40  -  - 35 20 59 28 14 12  - 47 51 24  2
  - 30 55  6  2 20  - 15 19 17 33 57 37  -  - 12  - 40 18 49  - 13 27 47 16 10  -  - 32  - 54 22 60 39  -  9  - 36 14 38  - 24  3 29 58 52 50 25 31 23  5  - 35  4 59 53 26 28  - 45
  - 10 50 57 17  6 31  - 27  -  -  - 34 44 32 40 25 45 55  7 59 23 36 48 52 39 28  8 13  - 56  9 19 51 16 43 33 35 21  3 11 15 38  5 30 12 20 47 37 29 26  - 22 60 46  - 54 42 53 14
 29 33 31 10 39 25  - 47 48  -  - 28 58  -  -  5 23 34 17  2 57 59  3  9 26 50 53 14  - 52 15  -  - 38 22 13 30  - 49  1  -  - 44  - 41 36 56  - 16 60 32 55 51  - 54 24 40 46  6  7
 21 49 11 59 32 44 35  -  3 10 37  4 15 52 34 57 45 19  - 50  2  - 47 20  8  1 36  6 24 17  - 30 31 16 14 18 25 54 38 41 53  - 46 33 12 40  -  5  - 48 29 51 58 56 13  - 23 26 39 55
 32 52  - 20 18 34  - 33  -  3  - 58  -  2 60 15  4 17 19 40 22  - 11 54 48 25 29 42 53 45 37 24 59 28 27 26 47  1 16 12 31  9  - 21 38  - 39 10 43 13  -  -  8 49 51 41  6 23  -  -
