2880
 60  - 55 46  8 10 42 23 45 27 43  -  - 21 14 17  9 26 38  - 30 49 51 57 36  - 41 12 22  3 58 40 50 20  6 32 31 54 33  1 25 18 15 56  4 44 29  - 48  5  -  - 34 39  -  2 28 47 35 52
 45 36 40 23  - 14 50 35  - 28 21  - 31 32  -  - 49  -  5 11 57  - 56 42 26 18 34 41 17  2 48  - 22  4 51 19  -  7 58 53 13 29 52 43  8 15 47 12  - 54 30  -  3 46 44 33 39 38  1 10
  - 42 24 25 37 32 26 59 17 22 20 34  - 56 51 41 50  - 23  8 52  -  - 13 47 39  5  2  3 57 45  - 55 30 46  - 16 12  - 31 14  -  - 29 40 38 54  - 10  9  -  - 27 18 35 28  - 49 43 21
 49 55 33 12  - 59  - 25 27 58 40  - 38 14 34  3 60 17  -  -  - 56 24  - 16 26  - 39 10 42  -  -  5 31 53  2 35 43  - 57 36  7 21 47 32 30 11 45 54 37 29 23  8 51 41  -  - 28 46  1
 22 25  - 38 54  - 36 17 44 46  5  8 57  -  2  1 11 45 59 34  - 27  6 21  - 42 58  - 23  -  - 19  - 55 31 28 56 14 26 16 29 24 39 33  -  4 43 49 60 52 12 35 48  - 37 51  - 30  -  7
  - 10  - 39 19 12 18 55  3 51  - 11 52  5 42  2 21 20 27 26  9  - 13 35 41  - 17  8 37 34 30 50 33 23  4 60  -  1  - 46  - 40  - 14 22 56 59 31 29  6 54 44 15 28 53 57 47 45  -  -
 54 31 11 43 18  - 53  3 47 26 57 44 46  -  -  5  - 32 16 40 17  - 10  - 60 49 35 22 55 21 23 27  6 13 12  - 28 36  - 33 56  -  - 39 41  1 48 15 50  - 34 52  2  8 38 20 29 24  4 59
 31 53  - 41  - 16 27  9  7 14 49 60 26 34 55 33 42  - 15 47 10 22  8  - 21 11 37 35 44 25  4 20  3 40  - 30 50 23 32  - 59  2 58  1 51  - 17 18 36 45 56 13 54 38 43 48  -  5 52 46
 48 56  - 10 13 52 14 42 50  -  -  -  5 44  3  - 26 31  4 58 54 46 57  -  -  7 27 33 36 60 43 47 15  - 32 41  2 49  - 35  -  - 28 30 16 51  - 11  - 12  1 25 38 34 20 53  - 40 39  6
  - 48 50 15 51 27 35  8  4 39 13 12 42  7  - 10  - 58 46 28 49  - 31 37  -  - 18 57 26  -  1 45 53 36 59 44 11 33 40 34 55 60  - 54 30 47  5 41 22 23  9  - 17  - 19  -  - 32 24 20
 18 28 23 57  -  - 47 19  5 56 11 52 16 17  7 60  -  -  6  -  - 21 38 25  - 31  4 58 29 24 42  -  8 54 27 55  -  - 35 43  -  1 22  -  - 48  - 32 33 49 39  - 40  - 30  - 51  3 53 26
  -  -  -  9 31 43 16 15 20 57  -  -  - 42  1 25 47 30 22 51 39 48 35 26 14 24  8  5  7  - 50 58 18 44 28 29  -  -  - 59 27  - 49 60 55 46  - 37  - 21 52 12 36 41  6 45 53 10  3 33
 16 58 28  - 27 37  - 32  9 15  8  3 43  2 36 57  -  - 24 19 60 47 22 30 55 38 53  1 31  -  - 23 56 10  -  - 26 18  - 45 49  6  - 11 46 21 34  - 44 29 14 59 41  - 33 17 54 42 13 48
 53  6 38 29 45 25 51  5  -  2  9 17 22 23 30 26 31 56 10 35 59 16 40  -  1  -  3 21 43  -  - 46 20 19 18  - 37 55 27 42 48 15  - 44 34 57 36 28 52  4 50 11 14  -  8  - 58  -  -  -
  - 13 44  -  - 22 24  - 33  - 54  -  - 41 49  - 46 59  - 57 36 25 26  - 29  - 30  6 38  4 56 32 47  8 19 40 39  - 37  - 23 55 11  - 35 34 27  2  7 50 16 58 52  - 14 43 45 15 48 51
 33 41 13 31  -  -  9  7 24  6 48  - 19 20 25 12 22 52  -  5 56 35 44  - 51 17 21  - 27 32  -  3  - 38  -  - 60  - 54 47 39 28 46 58 26 59 45 14 11  8 49 16 30  -  4 29 43 57 42 15
 27 52 14 26 11 38 56 33 37  - 12 58 45  1 60 16 54 40  - 24 43 55  -  5  2 30  -  9  4 59 41 22  -  -  -  - 25 48 17 28  6  - 23 15  7 13  3 46 51  - 53 50  - 49  -  - 18  8  - 36
  - 24 16 59 35 54 30 49  - 42  - 13 27 53 15  -  1 57 50 33 14 32  7  - 23  - 28 37  9 36  - 18 43 51 44 11  -  8 41 25  - 38 60  6  5 52  -  -  3  2 31 21 55 58 45 19 48 26 17  -
 37 14 39  - 42 30  -  -  1 38 45 55  - 40 54  - 34  3 29 36  7 53  9 49 31  - 15  - 57  - 12 44 58 18 41 47 32 24  -  8 11 16  6  4 21 27 33 43 23  -  5  -  - 19  2 60 52 17  -  -
  - 32 52 24 48  - 43 14 15  -  -  4 47 59 21 53  - 46  - 37  - 17 33 51 56 55  7 29 50 39  9  8 45  6 34 42 12 41 57 30 60 23 25  -  1 16 49 20 40 36 13  3 18 11  5 44  - 31 28 19
 26  7 22 13 50  8  -  -  - 36  2  - 56  - 12 35 59  - 41 17  - 58 60 52  4  - 16 42  - 51 46 43 57 48 11  - 15 39 53  -  -  - 54  - 49 31  - 38  -  1  -  5  - 45 55 32 30 44  -  9
  6  1 43 44 60  - 33 27 11  7 47 56 20  8  - 40  - 50 49 54 35 14 58  - 37  4 55 30 28  - 31  5 48 45 23 52  -  - 13 21 24 46 41 25 15 10 39  - 32 34  3 38 19 22 36 16 26 18 59 12
 19 29  -  2 23  4 17 58 48 16 52  - 25 30 35 39  - 36  -  - 20 18  1  6 57 22 10 54  - 33  5  - 59 47 42  9 27  - 11  - 50  -  - 46  -  - 26 44 14 41 24 49 13 53 34  -  -  -  8 56
  -  3  -  5 29  - 58 39 41 10 17 25 60 24 19  - 16 38 33 14 13 42  -  - 11 50 22 45 53  9  - 26 51 59 35  7 20 46 15  -  - 21 34 23 36 49 37 52  - 32 28 56 43  2 54 31  8 27  6 44
 47 23  - 35 15 58 11 28 34 20  - 57  4 39  - 56  8 16 60 43 44  7 42 45 12 13 49 31 33 37 29  -  2 26  1 22 36 51 48  - 38  - 30 40 52 18  -  - 59  - 10  9 21 14 50 25  -  6 32  5
 24 17 57 48  - 56  -  2 35 50 41 27  3 46 23 37  - 34 28 55 19  9 21  1  6 33 31 25 47  - 36 14 11  - 26  4  - 58 29 13 10 49 51  7 42 60 22  -  - 53 32  - 45  -  -  - 40 12 15 39
 42 49  -  6  3 44  4 21 43  - 34 46 50 33 29 47 38 13 37 45 12  - 14 55 39  - 56  - 25 41 26  9  7 22  -  -  - 32  -  -  - 36 48 18 54 53 20  - 30 58  8  - 31  5 16 27  2 11 10 24
 43 38 10 55 59 13  -  -  6 53 31 26  1 35 47 42 12  2 48 21 51  4  5  - 52 46 24 17 18  - 32  - 19 14 49 39 23 11 28  -  - 34 50  - 25 29 44 54 58 40  - 27 37 60 15 36  7 41 22  3
  - 45 31  8 41 24 28 10 39 25  6 48 30 29 46 43  - 35 47 12 53  5 34 38 27 54 33 14 42 55  - 51  9 17  2 21 59 40 23 22 58  - 36 52 18  -  -  4 16 15  - 26 11 44  7 13 20 19 57  -
 17 50 25  - 22 20 44 18 58 11 27 41  - 48  -  4 19 60 54  - 28  - 46 10 15 37 59 13  -  -  -  - 32  2 55 24 51 38  5 26 30 57  3  8 45  7 42 36  1  -  - 43 56 35  -  - 16  - 29 47
 59 12 49 16 10  - 23 52 31 33  4 53  6 57 32 29 13 51 18 20 22  -  - 14  - 15 43 34 19 40 25  7  - 46 54 48  -  9  - 27 47 45 44  2 56 11 50  1  - 39 17 30 60  - 42 58  -  - 36 38
 50 43 37 27 53 26 39 57  -  - 10 24 28  3 11  - 18  -  2 59  - 29 23 41 25 51  - 52 14  - 20 38 44  -  -  6  4  5 45 49 34 12 31 32 48  - 40 55 19 35 47 46 16 36  -  9  1 21 56  -
  - 33 42 20  - 50 54 29 25 60 23 43 51  - 48 14  7  - 19 18 47  - 28 17 35 21 57 24  2  8 44 12 49  3 15 26 58  -  1  - 41 59 56 13  6 39  9 27 38 10 45 36  4  -  - 40  5 16 55 30
 41 54  9  7 32 47  - 48 10 17  - 42 18  - 13  - 39  -  -  - 27  - 49 11  - 45 36  - 58 30  - 35 29 56 60 15 14 31 24 52  1  - 19  - 57  8  6 51 43 28 25 34 20 59 40 37 50 23 16 53
 25 57 58 21  4 55 10 45 54 40  7 49  - 22 28 18  5 43 14 53 38 19  -  3 32 27 12 44  1  -  - 17 39  - 16  - 29 35  - 15 37 13 33 59 11 36  2 48  -  - 60  6 51 52  9 23 56 46 41 31
  - 46 26 33 16 35  2  - 40  8  -  - 15 55 37  7 57  1 34 30  - 38 47  4  5 44 42  - 39 28 21  - 36 25 22 50 45  -  - 58 53 11 59 20 31 54 24  - 13 56 41  -  - 12  -  -  - 14 51 43
  9 18 56 50 46 33  - 43 30  - 22 15 53 19 40  - 14 27 42 23 55 51 59  7 17 52 32 38 45 13 47 39  -  5  - 25 49  -  6  2 35 20  1  -  -  -  - 10 57 16  - 48 12  - 29 26 41 34 44  -
  8  - 59 11 14 28 48 44 19  - 15  - 36 43 52 46  - 21 51 39 33 23 32 12  -  -  -  3 54  -  - 25 60 49 58  5 47 34  -  -  -  - 27 35  - 45 38 42 18 20  4 41 10  6  1 24 37 50 30 40
 11  9 19  3  7  - 37 26 38 54 16 50  - 28 39 23 45 12 13 27  6 52 36 34 30 10  - 60  8 49  2  -  - 42  - 14  5 25 22 17 57 56  4 41 29 24 18 21 20 46 43 32  1  - 59  - 31 55  -  -
  2 34 60 42 49 40 25  - 46  - 36  -  9  - 45 51 24 53 12  -  - 59 30 48 33 28  1 43  - 20 52  - 14 29 47 18 44 22 38 32  8 50 55 19 10  3 23  -  6  7 21 57  - 54 27  4 13 35 31 58
 15 30 47  - 34  - 55  - 51 31 38 20 12 37 22 58 56 41 53  9  1 57 54 39 13 16 48  -  5 11 14  - 27 21  7 36 19  - 52 50  - 43 40 45 44 35 32  - 25 60 33 24 42 17 28  8 46 59  -  4
  - 11  2 52 40  - 29 36 55 19  1 51 17 45 24 27 30 42 25  3 41 60  -  -  - 14 47 15 13  -  6 59 37 12 57 58  - 53  8  -  4 31  - 28  9  -  7 56 34 26 23 22 50 16 46  - 33 43 18  -
 28 27  - 30 38  - 41 16 32  - 50  - 39 49  4 45 17 29 56  -  2 40 37 44 42 59  - 53 46 54 18  -  -  -  - 10 24  3 12  - 33 19 35 34 20 43 31 22  - 25 48 51 26 13  -  5  -  -  7 60
  5  4 32 60  -  6  -  - 52  1 18 40 24 50 56  - 25  - 26 42 11 44 16  - 38  9 46 20 34 43 33 30  - 53 21 54 48  - 31 10  -  3 13 49 28  -  8 19  - 59  2 45  -  - 23  - 15 37  -  -
 39 40 48 51  9 45 15  1 26 18 33 28  8  6 59  - 44  7 57 22 42  3 53 60 24 58  - 11  - 46 19 54 41  - 30 56 38 37  4 20 31 52 43  5 17 23  - 35  2 47 55 14 29 25 32 34 10 13 27 16
  - 19 45 53 47 31 20 46  - 37  3 54  - 12 43 49  6 22 55 32  5 33 41 18 58 60 11 59  - 29  - 52 21 35 24 13  1 50 14 56 51 25  - 48  - 40 15  7  8  - 27  4  - 10  - 42 38  -  2  -
 23 47 41 56  2  - 21 24 14 44  -  -  - 60 20  9 52 11 43 10 32 37  -  8  3 19 45  - 30  - 51 49 35 57 25 34  -  6 55  5 18 33 26 36 58 28 53  -  4 38 42  7 46 29 17 54 22 39  -  -
 55 51 54 28 12  -  -  - 56 41 37  1  - 58  - 44 27 15 36  7 31  - 29  - 43  6 39 23 24 48 57  4 30  9 45 35  - 17 25 18 32 47 10  - 33 22  - 53  - 42  - 60  5 50 11  3  -  2 19 49
 29  2  -  -  1 17  7  -  - 59 28 23 55 10 57 52 53 18  -  - 48 39 45 54 19  8  -  -  -  -  - 41 26  -  - 20 21 15  9  - 40 44 37 38 14  - 25  6  - 24  - 31 33 32 12  - 35  - 34 50
 34 37 53  - 33 46  -  - 18 21  -  5  -  - 26 15 32 28  - 16 23  -  - 19 20 40  6 50  - 45 59 10  -  - 38  - 57 30 47 11 52 58 29 31 43 42 12  -  - 13 36  1 44 24 51 55  4 54 14 17
  - 22  6 37  -  - 38 11 21  3 14 39  -  4  - 36  2 55 17 41 58 31 19 23 34 48  -  - 59  7  - 60 28  1 13 16  - 47 44 24 15 32  5 12 27 20 56 40  - 43 18 33 35  9 57 46 25 51 50 54
  - 15 34 58 57  5 52 53 29  - 56 37  - 47 10 48 41  - 35  -  3 50 11 24 54  - 38 46 49 14  - 55 13 32 39 31  - 42 18 40  - 51 16 26 19  2 30 17 12 44  6 28  - 20 22  - 23  1  9  -
 14 59  1 18 39  -  - 37 13 35 42  2 23 26  - 30 36  - 31 15 29 20 48  -  8 56 40  4 41 16  - 57  -  - 43  -  3 52 34 44  5 17  - 22 47  6 60  - 45 33 46 55 24 21  - 50 12  7 25 32
  - 26 35 36  - 57  - 50 53 23 60 21 58 13  - 59 40  -  9 48  4  8 20 29 46  2  -  -  -  6 16 56 31 11  5 27 30 45 39 19 28 10 14 55 24 41  1  3 37 18 22 47  - 43 25 15 49 33  -  -
 35  5 30 54 24 48 57  4  2 34  - 36 14 18  - 31 55  -  - 38 26  1 39  9  - 32 51 28 12  -  - 29 23 16 50  8  6 10 19 60  -  - 17 37 13 25 46 33 21  -  - 40 49 42 58  7 27 52 20 22
 57 21 46  - 58  -  - 47  8 52 24 31 54 36  -  - 29 37  3  4  -  - 12 27 28 23 14 18 51  - 15  6  1 33 40 17 34 16  - 55 20 22  -  9 50  - 10 30 53 19 38 39  7 56 48 41 44 60  5 35
 32 60 17 19  -  - 45 51 23 24 30 14  7 27 16 28  4 48 52 31 40 11 18 43 22 36 25 49 56  - 54 34 38 41  - 59 33 57  - 39 26 42 12 21 37  - 35  - 15 55 20 53 58 47  3  1  9 29  -  8
 40 20 12 49 36  - 46 30  - 55 25  6 59 31  - 22 58  8 45 44  - 41 52 15 48 29 26  7 35 56 53 37  4 27  9 23 18 21 50 54 43  5 38 10 60 17 19  -  -  3 51 42 28  - 39 11 32  - 47 13
 10 44 36  - 55  -  1 60 59  9  -  - 41 51 58  - 23 19  8  2 50  -  - 20 45 34 13 56 21  - 24 28 52 39 33 46 53 29 43  4 22  - 32 16  -  5  - 47 35 11 40 18 25  -  - 14  3 48 12 42
 13 16  8 32  -  7  6 31 12  -  - 45 44 11 18 50  -  -  - 56 46 24  - 40 53  - 54 36 60 52  - 42 25 34 48  3 43 26 51  -  -  4  2 57 23 14 58  5  -  - 15 10 47  -  - 21  -  9 38 28
