2880
 24  5 14 13 50  1 60  - 53 49 18 19 47 59 12  2 56 34  - 33 16 30 28 22 25 32 44 36 10 40 23  4  -  7  - 29 21 27  - 42 43  -  - 46 54  -  6  - 37  -  -  -  9  - 58 15 31  - 38 51
 51 49 16 28 60 29 52  7 43 14  2  -  -  4  - 23 34 25 33 32 19 56  - 46  - 27  6 37 50 44  - 57 31 45 55 58  -  - 18 13 15 42  5  -  -  3 21 36 53 12 41  - 54 47 38 59 10 39  1 11
 22 14  1 40  -  -  6 19 12 59 37 57  - 50 48 32 49 21  9  - 20  - 56 44  - 55  7 23 52  - 31 29 39  4  -  2 36 46 45 38 26 11  3  - 42 15 47 10 35  - 60  - 24 28 16  8 58 27 30 13
 53 10 21 48 47 23 45 15 31 20  - 33 18 19  4  -  - 30 11 42 41 39 38  - 40  - 57 59  -  9  - 37  -  -  1 17 14 22  - 16 36 24 26  -  - 58  - 44  -  - 51  6 32  - 13 55  8 49 60  -
  2 22  -  4  - 30 46  -  - 60 59 32 23  - 26 25 36  - 16 39 15 45  -  6 10 50  - 43 21 34 14 27  - 55  - 38 48 49  - 41 12 56  8  - 44 29  5 20  9 37 13  -  - 40 42 11 24 57 47 35
 14 24 42  1 52 17 23  9 46 10  6  4 16  3 27  7 22 51  -  - 25 15 53  2 38 59  -  - 44 45 20 30  - 58 39 33 34 32 26 18 19 60  - 41 55  8 48 11  - 50 56 29 12 35 47 40 36 37 54  5
  - 53 20 36  - 22  -  3 54 33  -  - 30 34 14  -  4 45  -  - 18 43 13 41 16  7 28  -  8 49  - 21  - 52 44  - 32 57 46 39 56 48 17  6 35 51  -  1  - 23 40 50 47 59 10  -  -  -  5 31
 49 25 44 20 58  - 16 60 35 53 19  5 29  -  - 18 15 38 13 46  - 54 48  3  - 17 50 31  -  -  - 52  -  - 24 43  - 12  8  - 51 37  4 22 36 55 11  - 21 26  6 27 23 56 40 10  9 32  2 39
 13 35 59  - 21 20 24  6 39 29 22  -  - 36 45 50  - 42 15 54  2 28 17  9 31  - 25 34 49  7 27 53 14 46  - 56 30 10 11 55  - 43 51  -  5  1  -  4  - 40 26 52 19  3 18 32 60 38 57 37
 11  - 34  -  -  3 31  4 47 22 40 28 27  - 36 43  - 60 18  - 23 13 49  7 52  2  - 12  - 10  -  -  - 51 41 35  -  - 59 58 37 57 45 56 19 21 24 17 29 53  - 32 25 15  1  9  - 16 20 46
 20  -  8  - 19 51 33 50 41  3 12 31 22 43 35 53 25 18 17  -  -  5 42 32 57  - 14  -  - 11 15  7  - 29 10 39 44 58  - 23  - 47  -  2 52 26  4 49 56 55 46 59 60  -  - 45  -  9 40  1
 21 32 22 34 36 16  - 40  1 46 48 24 13 11 49 14 28  2 50  9 56  -  6  - 35  - 10 55 58  - 42 45 18 17  4  - 26 47 41 53 59 15 44 23  - 43 25 39 51 60 54  -  - 33 57 31  -  -  8 12
  -  - 38  - 30  - 49 25 17 42 55 43 50  9  -  4 53 36  7  -  1 14 39 26  8 52  - 29 41 60  - 47 59 48  -  - 22  6 21  2 45 44 11 20 37 57 28 32  - 33 10  3 13 23  - 12 54  5  - 56
  - 12  -  - 15  -  - 13  - 55 10 44 45  7  - 34 23  - 14 31  - 58  - 18 11  1 53  9 22 28 30 33  - 19  - 57 46 16 20  - 38 49  -  -  -  - 29 60 39  3 42 47 56 54 26  - 21 25  -  8
 34  - 10 51  2 32  - 49 59 58 50  -  - 53 41  8 55 33 37  - 40 57 26 14 54 56 19 24  -  4 21  -  - 31  -  1  3  7  - 44 35 29  -  - 38 28 13 15 27 22 18  - 42 11 12 23 47 46  -  6
  - 41 12  - 14  -  - 17  5 52 58  - 55 57 42  9 19 11 45 20 53 18  7 50 32  4 21 54 60  - 25 24 35 28 34 46 56 38 30  -  - 33 22 37  - 40  8 51 44 29  3 39  -  - 31 48 15  2 49 59
 46 40 43  - 42 37  - 30 14  - 39 16 24  - 50 44 18 17 57 12 11 48 21 58  4  - 26  -  6  - 38 19  1 22 59 13 33  5  -  9 27 55  - 31  -  - 10  7 23 54 45 56 28 29  8 60  2  - 52 32
 58  2 52  8 20 19  - 59 13 43 35 21 15 40 33 37  - 29 46 17 48 10 18  4 39 42 41 32  3  5 57  - 56 16 53 11  - 14  -  6 22  - 12 24 25 34 36 45 26  1 47 23 49  - 28  - 30  7 27 38
 56  -  6  7 16 21  - 48 30 37  -  -  - 23 55  - 59  1 29 25 35 53 33 39  - 40  - 17 43  - 12 14  - 20 13 18 52 31  9  - 28  4 46 15 41 42 49 38 24  -  - 22 51  2 34 27 26  - 45 36
 38 31  2 29 44 43  8 26 33  6  -  - 60 41 32 28 39  7  - 18 30  9 23 49  - 47  -  - 54  -  - 13 10 25 12 27 20 59 15  - 46 14  1 42  -  4 45 35 36 48 50 21 37 24  5 51 52 40 17 16
  - 13  - 31 18 56 59  - 40  5 14  - 21  2 25  -  1  8 36 19  -  6 52 23 17  - 24 33  9  - 28  - 20 41  - 12  7 51  - 60 44 27 54  - 53 22 15 57 46 34 58 38 10  -  -  - 35 30 16 48
 28 46 53 30 17 10 39  5  - 35  9  - 31 27 43 26 11 54  - 57 24 49 14 42 12  - 55  2 33  3 56  -  7  - 20 23 38  -  -  - 60 22 47 40 34 37  - 13  6  -  8 19 21 41 36 52 16  - 32 15
 55  6 41 23  - 54 47  8  - 25 32 18  - 24  - 33  5 49  -  -  - 16 20 36  - 58 40 10 51 59 50 56 11 27  7  -  - 26 34 57  - 31 38  9 30 17 46 52 48 19 53 42  3 37 44 39 12 35 15  -
 30 57  3 22 55  - 41 37 29  -  7 12  - 28 16 59  - 27 39  - 17  - 40 43  5 21  -  - 26 50 13  6 58  9 54 47 49 53  1 10  -  8 56 36 15 45 23 19 52 46 20 34  -  - 32 33 48 31 51  -
  - 38 27  5  9 11  -  - 23 36 41  -  2 49 19 13 35 26  - 37 42  -  4 57 44 29 31 15 48 33 51 46 43  - 17 52  - 40  - 50 24 28  - 58  -  - 55 25 20  - 14 12  8 45 56 54 53  3 59 30
  - 27  5 33 54  4 53  - 16 26  - 15 41 52  6  - 10 39 51  - 60 38 22 17 58 11  - 21 20  - 34  - 50 32 37 28 55  8  7  - 13 23  - 47 14  - 59  - 30 24 48 36  2 42  - 46 29  -  - 43
  - 52  - 35 45 44 54  - 36 23 13  8 58 31 20  5 21 56 28 22  - 34 10  - 14 12 32 39 25  1 11 60 49 59  - 53  - 42 38 48  -  -  -  -  7 33  -  -  - 43 15 16 41  9 27 57  - 51 19  -
 25 56  - 24 48 58 55 21 38  - 16 50 35  -  - 29  9 37  2 40 22 42 15  - 33  - 17  3  4  -  6 51  8 57 43  - 60 13 12 28 31 36 32  1 49 53 19  - 54 59  - 18 52  - 11  7 34 26 46 44
 32 50  - 17 46 41  - 42 60  1 29 36  - 45  - 52 14  4 31 10 21 24 19  5  9 15 12 56 37 48  2 49 16 43 35  6  8  - 53 47 55  - 57 33 20 54  - 59 13 27 11 40 26 39  - 30 18 44 34 58
 17 18 51 12 53 60 32  - 44 48 46 42 37  - 24 47 31  - 23  -  4  - 41  - 15 36 43  - 56 35  - 10 19 13 22 59  -  - 27 26  9 21 58 39  1 52  - 40 33 49  - 20 29 16 30 28 38  8  6 45
 57  -  7 11 41 52  - 35 25 31  - 30 42 16  - 40 38 10  -  5 32 27 54 51 36 23 48 46  - 22 44  2  - 12 26  9 43 17 58 24  4 50 13  8  -  - 53 34 59 45 19  - 33 21  - 29 28 18 37 49
  5 26  4 46  - 55 57  2 28  8 24 11 34  - 15 21 42 50  6 27  - 22  3 19 18 39 47 48 16 37  -  1 29 38  -  -  - 35 40 36 32 52 53 49 58 60 44 14 25  7  - 54 30 31 20 13  - 33 41 10
 48  4 33 18  8  - 27 41  -  2  -  7 38 56  - 30  - 58  - 15 28  - 50  - 47  - 34 35  - 54 26 42  -  -  3 37  - 45 36 51 16 13 40 59 43 31 12  5 14 39 23  9 46  6 29 19 57 10 25 20
  -  7 29 42 24  - 12 32  6 38 51  1 52  - 58  - 45  - 10  2 27 50 31 40 43 60 59 41 30  - 19 39 37 47 11 22 25 44 28 49 14  -  - 54  8 13  -  -  5  - 35 48  - 17 46 53 33  -  -  -
 47  - 58 27 40 46  - 28  - 19 60 52 51  -  - 54 32 20 34 53  - 55 59 45 30 33 56  7  -  - 39  9  - 18 57 44  - 48  5  3  -  2  -  - 26 14 38 22 31 41 21 11 16  1 25 17  4 23  - 50
 31 54 17 16 13 33  1 10 48 15  4  6  5 58 22  - 60 59 55 23 34  2  8 27 20 38  3  - 28 19  - 40 46 49 21 26 50 18  - 52 57 12 43 25 29 56 32 53 41 51 37  - 14 44  7 24 39 47  9  -
 54  1 45  9  - 42 20  - 10  7  - 48 46 38  - 36 26 22 53 16 37 40  - 13 59 44 30 11 47 43 18 35  3 60  6 32  - 29 56  -  -  - 33 17  - 49 51 50 34 31  - 55 39  - 23 58 25  - 21 14
  -  - 25 59 27  - 10 51 56  9 26 34  1  - 21  6 40 15  - 49 36  7 46  8 53  3 13 18 12 41 52 32 47 30 45  - 28 37 44 14 42 39 23 16  - 35 50 29 60 17 55 57  - 58 19 43  5  - 11 33
 40 42 26  -  5  7 11  - 18 32 47 13  6 54  1 22  - 23  -  - 49 12 16 60 56 57  - 28 19  - 33 55 41 39 52  8  -  4  3 34 21 10 48  - 45 24  -  - 58 38  2 44 27 20  9 14 46 59  - 53
 39 58 31 14  3  9 36 33  8 56 23 40 11 13 60 24 17 28 22 52  - 44 12 34  -  - 35  5 18 15  - 16 48  -  - 19  2 41  - 54  6  1 59  - 10  -  -  -  - 42 29 30 20 53 55 47 49  4 50 27
  8 33 47 19 35 13 43 23 55 51 30 27  7 21 34  3 41  - 20 14  - 37  - 29  - 45 60 49 32 52  - 54 53 26 56 16 57 36 22 46 11  6 25  -  -  -  - 28 18 58 39  5 38 10  4 44 50 12 24  -
 27 16  - 41 57 47 18 14 21 24 34  -  - 37 39  -  3  5 58 43 31  - 30 10 46 35  4 20  -  - 53  - 36 11 38 49  - 15 19 45 17  -  7 50 32  -  2 54  -  -  - 60 44 52  6 42 56 29 48  -
 43 23 49 45  -  - 19 36  4 21  3 26 40 51 10 16  - 24 60  -  - 31 55 28  6  - 11 14  - 18 32 58 42  5 50  - 37 52 29  8 39 41 15 38  - 30 20  -  -  -  1 35  - 46 59 25 17 48 44 22
 44 60  -  3  -  - 56 58 37  - 15  - 36 22 38 42 47 53  - 59  - 17  - 35 51 28  - 16 40 27 10  - 57 34 30  - 12 43  - 20 23  5 29 26  6 19 52 46  -  8 33 13 31 49  - 18 11  1 39 25
  - 45 46 37 34  -  7  -  - 12  -  - 49 20  -  1 24  - 30 28 55 52  - 48 41 26  8 60 39 31  - 59  - 15 47 40  -  3 51 56 29 38 36 27  9 25 58 16  - 10 43 53 50  5 33  2  - 11 14 17
 15 51 18 25 26  5  -  1  -  - 52 59 19  - 28 38 33 48 27  7 57  - 44 56 23  9 39  - 45  - 40 36 34  - 31 10  -  - 35 11 47 16 42  3 46 12  - 58 22 32  4  2 43  - 14 21  - 54 53 60
  - 21  - 56 23 38  5 27 45 50  - 10 54 12  - 15  -  - 19 41 33 59  - 20 24 22 29 40 31 32  - 44 30  1 18 14 51 34  -  4  2 46  - 57 48 11  9  - 49 47 16 25 17 13 53  - 37 52 55 26
  -  - 48 32 10 36  -  - 34 39 33 25  4  - 54 12 50  -  1 26  3 51 37 52 13 19  - 47 14  - 43 28 17 42 60 45 11 30 24 27 58 35 49 55 21 44  7 31 57  2 38 46 53  8 15  6 23 56  - 41
 52 59 23 44 29  -  - 45 19 41 53 47 20 42  2 31 58 46 48 30  -  3 43 38 60  -  - 50  7 36 35 34 54 10 32 51 13 28 55 15 49  9 18  4  -  6 16  - 11  - 12 17  5 22 39  1 40 14 26  -
 10 29 15  - 51  - 44 24  -  - 38  - 17  5  - 27 54 14  - 11 59 47 58 21 42  -  - 19  2 46  4 43 22  6 33 31 39 56 49 30  1 25 20 13 18 23  - 12  7 52 57 26 40 48 41  - 32 34 35  3
 18 30 32 26  7 39  9 56 11 47  - 29 53 33  - 51 46 44 43 36 10  -  - 54 34 13 58  4  - 25  1 50  -  8 19  -  6 21 42  -  3 45 24  5 60 27 35 41 17  - 31 15 55 57  2 37 59 28 22  -
 37 36 60 43 28 25 42 18  - 40 49 58 57 29  9 39 13 52  - 45 51 41  - 31 27 54  -  1 23 20  -  8 44  -  2  - 47  -  - 21 34  -  - 48  4  5 56  -  - 16 59  -  7 30 17  -  6 22 33 24
  - 17 37 58 56 59 14 55 20  - 57 39 25 35 18 11 12  - 26 13  -  4 27 33 29 51  2  -  5 53  8 38 45 50 15  - 19 23 52 32 54  3 31  7  - 47 40  - 43  9 44 49  1 34 48 36 22 42 10 28
 42 47 56 38 39 53 34 44 49  -  -  -  -  8  - 10 57 13 25 35 46  -  -  - 21  - 33 45  -  -  3 31  - 23 27 30 15  1 17 59 20 32 19 11 22 50 60 37 55 18 52 51 36  7 24 16 14 58 12 29
 29 39 24  -  4 12 13 34  2 54 11 60 14 25 17 49 44  - 40  -  5 23 57 47 45 30  - 52  -  - 46 48  6 36 51 15 35 20 33  -  7 53 41 32  3 16 27 42  1  -  9 37 59 18 21  - 43 50 31 55
  - 43  9 55 11 49 17 29  - 27 54  -  -  -  7 46  -  - 41  4 38  - 45 30 50  - 42  6 57 26 22 15 21 53 23 25 10 24  -  5 48 59 34 52 40 36 18  3 47 28 32 33 35  - 51  -  1 19  -  2
 12 19 50 39  1  -  4 38  - 16 42 14 59 26 13 35 29  - 54 44 47 32  9 15 37 48 46 22 17 24 55  - 40  -  -  5 31 25  -  -  8 58  2 30 23 41  3 56 10 36 27  7 11 60 49 34 45 20 43 52
  3 28 30  - 59 40  - 31 15 13 17 54 12  6 11 48  7 43 52 34  9 29  -  1 22 37 51  8 46  -  5 18 33 44  - 60 42  2 16  -  - 20 21 45 39 38 41 26 19 35 36 14 57 50  - 56 55 53 58  -
  9 11  -  - 33 18 25  -  -  -  5  2 48  -  3 58 52 35 59 21 29 26 47 55  1 46 15 57  - 30 60 22 28 37 14 42 27  - 32 31 53 40  6 44 13 10  -  8 12  - 24 43  - 38 45 41 20 36 23 19
 41  - 36 21 31 26  3 20 51 45 25 17 39  1 56  -  8  6 47 58 52  - 32 12  2  - 22 38 24  -  9 11  4 35  5 54 23 50 57 40  - 19 10 14  - 18 30 43 15 13 28  - 48 27 60  - 44  -  7 42
