2880
 56 14 59 33  - 32  2 19 35  -  1 34 17  - 54  - 48 18  - 10 12  - 50  - 47  - 13  - 29 55  7 41 11 30 58 26 22 45  9 15 39 51  -  6  4 16  - 25 38  3 28 52 46 53 21 42  - 49 40 27
  6  -  5 51 20  -  - 10 16  -  9  - 59 44 41 43 38 32 26 39  -  - 31  - 55 19 47 48  -  - 33  2 56 17 46  -  4 36 52 40  -  - 23  - 24 15  7 30 18 12  1 22 45 58  - 35 29 54  3 13
  - 30 32 12  8  - 56 58 20  - 39 40 23  3 33  2 50  7 17 53 55 26  -  - 35 18  - 11 52 57  -  1 25  -  - 36 29 14 16 13 47 43 22 21 19 59 44 54 28 60 42 31  - 27 37  - 10 51  4  -
 30  -  6 37  - 52  1 60 33 41 13 45  - 23 44 50  - 35  7 27 42 10 47  - 22 54 18  - 49 25 43 15 26  8  - 34 58 38  5 14 36 40  3 59 31 12  4 20 29  - 11 39 24  9 48 46 51 19  - 32
 41 21 45 58 16  - 59 38 53  - 12 57 18 17  -  3 56  1  - 26 43 55  -  - 50 44 25 15 20 22 52  9 31  -  6 29 11  7 30  - 54  2 47  8 23 60 10 37 35 24 34  -  5 51 27  4 28 42 36 40
  - 57 50  9 28 20  6 40  -  - 60  - 56 29  - 27 49  -  - 23  7 34  4 46 38 22  - 16 41  2  8 47 58  -  -  - 59 32 31  5 24 54  1  - 21 51 35  3 17 10 15 14 37 11 39 13 19 25 18 52
 32  -  - 29 40  4  3 45 52  -  2 19 35 22 17 42  -  -  - 48 46 41 13  -  9 47  -  - 54 24  - 59 36 44 38  - 53  5  8 51  1 27  - 58  - 56 50 57 60 20 21 25 16  7 33 18  -  -  - 37
 36 43  1 15 13  -  - 23 57  - 34 52 28  - 12  - 33 47 37 58 11 39 17  - 60  6  - 24  9  - 31 53 29 14 40 16 10  - 18 59  - 46 45  5  - 19  - 44 55 26 30 49 54 22  - 25 42 50 56 41
 55 32 51 38 54  - 48  5  2  - 15 39  - 10 26  - 43 24  9 21 18 19 12 33 58  - 36  -  8 41  - 44  4 53  1 28 30  - 35  - 50 37 57 25  - 42  3  -  - 16 60  - 27 13 31 59 20 14  - 46
  5 25 57 54 19  6 26 17 22  - 31  -  1  - 15 20 37 44 24  - 32 60 48 50 43 35 42 40 10 59 18  - 51  7 14 33 23 53 58  - 16  8 52 39  - 27  - 21  - 28  - 46 30  -  3 34 12 41  -  4
 12 54 24  3  2 16  7 36 45 53 37  - 43 49 29 38 22 34 50 52 48  -  9 25  - 32  8 10 40 39  4 26 15 23 27 60 51 11  -  -  - 44  5 57 35  -  - 19 59 21 58 30 18 47 56 31  6 20 55 14
 45 37 60 11  -  2 30 27 26  -  6 54 12  7 51 44 15 33  5 25 35 42 56 14  8 13 41  3 31 48  1 20 59  4  - 21  - 55 49 23  - 57 40 34 43  -  - 53  -  9  - 16 52 46 29 38 47  -  - 18
 11 38  4  - 27 23 57 31  -  - 30 36 52  6  7 60 46 17 25 51 24 15 16  - 45 29 44  -  - 18 21 39 41 19 59 12 26 50 40 43 48 13  - 55 10  2  8  -  3 56 20  - 47  - 35 33  9 53 34  -
 39 47  -  - 55  9 50 16 46 42 33  - 54  5 18  -  - 21 53 37 31 57 51 13 20 28 22 60 19 30  6 49  1  -  - 15  7 48 56  3 23 41 25 43  - 34 32  - 36  4 12 11 38  - 10 24  - 40 26  -
  - 35 23  - 59 10 53 29  3  8 50 60  5 24 11 15 25 38 54  7  1  4 44  9 40  2 58 57 51 52 28 17 14 42 19 22  -  6 12  - 33 18 21  - 36 37  - 46 31 45 49 34  - 43 30 55 56 26 41 39
 37 18 17  - 45 22 41  - 25 59  5  - 10  - 20  4 13  2 60 30  - 24  3 23  - 14  -  1  7 33 19 34  9 50 48 32 38 26 47 53 29 42 49 40 15  - 55  -  6 54  - 12 39  8 58 44 52 27 28  -
 23 55  - 30  4 21 47  - 31  1 43 59  -  -  6 11 32 29 35 24 58 27  - 17 42 33 39  7  - 36 41 60 37 22  -  3  -  - 51 12 46 16 56 13 44 48  9  - 20  5  - 26 15 25 19 10 45 18 57  8
  - 23 43 41 30  - 51 39 14  - 20  - 53 52  5  - 12  9 42 32 33 50 25 54  - 58 45  - 55 38  -  - 35 11  4 59  6 21  - 10 26  - 24 44 16 40 27  - 57 22 18  -  8 56 15 37 48 36 49  3
 24 51 11 13  - 40 32  4  - 60 26 41  - 27 46 47 39 23 28  2  3 59 33  6 34 38 17 19  -  - 57  8 50 45 31 25  9 12 15 58 20 56 29  - 53 30  -  - 42 36  -  1 49 55  - 16 54  - 10 22
 47  - 25 52 33  - 38  -  - 11 40 55 58 15 57  - 60  8 59  - 27 16 54 49  - 30  - 35  - 56 20 12  - 26  3 41  - 23  - 48 21  - 50 42 34 39 24  2  7 46 44 36 32 37  5  9 18  - 45 10
  -  4 56 14 60  - 28 33 34 20 11  2 30  - 32 36 16 15 12 18 17  - 35 53 51 50 37 25 42  5 10 24 38 40  - 46 55 52 22 29  - 47  -  -  - 45 23 27 26  6  3 58 43 48  8 41  -  1  9 49
 57 52 16 22 53 46 11  - 29  5 36 23 24  - 27  7  - 56  -  9  4 20 55 31 13 59  -  6 39  -  - 25  - 49  -  - 60 30 50  1  8 10 44 51  - 35 19 33 58 18 41  3 28 14 45 15 37 38 43 54
  2 29 14 35 52  8  - 41 27 45 32 18  - 40  9 39 23 48  6  1  - 51 38 15 21 12 34 42 53 49 50  - 13 31 17 58 44  - 10 19 57 60 37 16  - 54 28 59  - 47 46  4  - 24  7  3 30 22 20  -
 10 41 39  1 36 19 52  - 18  4 45 11 29  - 13 22 57 59  -  - 49  -  -  -  - 17 33  9 27 43 40  6 28 58  - 42 32 16 55  - 60  3 48 20 26 47 53 50 14  - 37 51  - 15 44 30  7  -  - 21
 52 16  - 53 43 57  - 46 11 56  -  1  -  - 35  8  - 14  - 17 34  3 20 29 25  5 24 13 58 27  -  -  - 18 21  - 12 19  - 50  -  - 10 28 54  -  2  -  9 40 33  - 36 45 42  - 32 60 23 15
  1 48 40 28 18 41 15 22  - 34 54 51 36 19 50 17  3 60 47  8 10 49 52 39 16  - 11 33 23 35  9 57 44 59  - 45  -  - 24  7 38  5 27 53 20 31  -  4 12 37  - 21 25  6  2 43 55  - 32 58
 26  3 30 34  9  1 36  - 37 25 46 43  - 45 10  - 31 49  - 35 21 47 29 24 53 55 28  4  2 20  5 56  - 13  7 38 42 59 39 16 19  6  - 27 52 57 11  8 33 44 50 18 60 54 12 40  - 23  - 17
 43 40  -  - 42 11  -  2 28  - 23  - 20 46 39  5 18 31 38 60 37 17  6  -  - 49 15 44 32 19  3  - 45  - 41  7 25  9 57 52 12 59 58 47  1 14  - 29  - 51 55 53 26 10 16 48 34 33 21 24
 44  8 27 49  - 34 45  -  - 52  7 46  - 50 37 19 26 55 11 12 60 58  2 16 56  -  - 47 21 40 30  - 43  - 23 39 35 51 41 31 15 17 36  - 25  1 14 42  4  -  - 20  9 18  - 53 57 59 29 48
 27 44 46  -  3  - 24 20  - 55  - 38  4 54  -  -  7 52  8  -  - 37 60 11 41  - 30 43 50  - 56 45 17 47  - 10  - 22  -  - 32  - 59 49  6 29 31 58 53 23 25  - 51 16 28 12 15 13 42 35
  -  - 33  - 25  - 49 28  7 57 41 15 55  -  -  - 27 39 31 36  - 38  - 44 26  9  - 53  - 46 59 13 30  - 45  4 17 54 34  -  6 52 60 18 14 23  - 12  -  8  -  5 21  - 40 20 11 29 16 51
 42  1  -  2 44 33 43 34 50  9 53 13 25  - 30 54 51  3  -  -  6 32  8 58 10  - 40 18 36 21 27 31 47 29 37 14 46  -  - 22  4 12 16 24 28 20  - 39 52 11 19 48  - 26 38 49 17  7 15 59
 51 20 44  -  -  7 54  - 42  -  - 58 47 59 38 40 35 10  -  6 36 53  - 34  3 46  5 55 11 15 25 30 27 52 56 49 48 29 23  9 41  -  2  4  - 28 60 32  -  1 22 37  - 33 50  - 14 43 31 16
  4 13 15 48 22  - 42 26  - 36  - 27 45 28 53 31 24 43 33 46 59  - 34  8  5  - 49 58  - 32 47 10  7 51 25  6 19 37 44  - 11 29 30 14  2 55  - 40 41  -  -  9 50  - 57  -  - 52 12 56
 31  - 37  8 23 27 22  -  4  -  - 49  -  - 45 48 41 19  -  - 25 21 53 12 52 16  9 28 56 26 60 35 57  2 34 17  -  - 54 46 58  - 38 30 59 24 20 43  - 50 40 47  -  1 14 51  - 32 44  5
 29 28  7 40 14 31 25  1 59  2 22 24 32 33  - 52  9 58 19 34  -  8  - 20  - 37  - 41 16 13 42 18 10 35  - 51  - 56  - 38 27  - 53 12  -  3  -  6 23 30 57 55  - 50 49  5  - 15 54 43
 28 19  8 46 39 48  - 15 24  - 59  - 16 42 34 10  - 30  1 20 45 25  7 26 14  3 56 52 12 11 54 23 49  -  -  - 31 17 21 44  5  4 41 22 13 53 33 36 50 38 51 40 55 60 32  6 43  2 35 57
 20 15  - 31 58 25  - 48  - 24 42 56  -  - 60 46 19 51 39 28  5 18 27  - 37  -  -  - 14 16 36  - 32 12  2 13 52  3 17 30  - 55  - 23 47 26  1 41 11 34 38 43 40  4 53  - 44 45  -  7
  -  2  3  -  - 59  - 43 51 23  4 53 44 47 58 33  6 27  - 49 16 46 19  - 39  1 10 56 13  7 14 38 60 57  -  - 18  - 32 35 34 25  - 26 41  -  - 15 54 17  - 45 20 31 22 29 21  8  -  -
  - 53 58 50 31  - 21  8  - 27 47  3  6 48 24 41 54 25 44  - 56 36 11  - 28 10 59  -  1  - 55  -  2  - 42 35 20 46  - 32 18 30 19  -  5 17 12  - 13 57 14  - 29 23 60  - 40  9  - 45
 53 59 35 32  7 29 13  - 21  - 16 28 14 58 42  - 30  5 41 54 23 43 45 18  - 52 50 46 48 17  -  -  3 15 51 24  1 44 38 57 22 26  - 37 12  - 36  - 34 49 39 10 31  - 55  2  -  4  - 33
 18 24 34 44 26 43  9 53  - 33 55 21 22  - 31 49 36 46 45 29  8  - 57 56 32 23 14  -  4  -  -  -  - 37  -  - 27 42  2 39 51  - 15  1  - 11 52  - 30 35  -  - 48 40 41 19  - 28  - 38
  - 58  - 36 48 38 23 37  - 16  - 20  - 34 52  -  - 54  4 22 57 35 40  - 11 45  2 39 17  9 29 51 24  -  - 55 15  -  6 47 14 49 33 60  -  5  -  - 21  - 53 50 56 28 26  8 27 10 25  1
 14  9  - 10  - 49  - 35 55 47 56  - 19 38 36  -  - 53 51  5 44 45  -  -  -  - 48 54 57 58 12 16  -  1 11 31 13 33 28  6  -  - 46  - 60 25 15 52 32 59 29  -  4 30 20 27  - 39  8 34
 33  6 10 27 50 28  4 13  5 37 24 16 49  8 55 45 53 41 56 59 19 22 46 51 12 31  7 23 26  - 35 42 18 25 43  1 47  2  - 54 44 21 20  9 48 32 29 14 40 58  - 17  - 57  - 60 39  3 30 11
  -  - 49  -  - 50 20  - 47 40 25  5 60 53 56 55  -  - 27 33  -  2 30 48  - 26 43 59 15 34 13 54  - 16 57 23 36 28  4 37 42  1 14 45 39 41 58 10  - 52  7 29 35 17 46  - 31 12 38  6
 16 31 19 26 21  5 60 42 32 28  - 44  - 55  2 58  - 22  - 40 41  9  - 27 36 15  1 50 25 14  - 37 48  6 29 53  - 20  7 34 30  - 13 46 38 10 59 51 39  -  8 23  - 12 52 56 35 57  -  -
  - 34 41 25 37  -  5 47  - 29 49 10 40 56 59  1 52  - 46 13 50 48 26 42 44  4 51  2 28  8 22 14 19 32  -  - 16 57 33 11  3 58 55  7  - 21 43  - 45 27 35 38 17  - 36 39 23  - 24  9
 50 27  - 21 32  -  - 25  - 30  -  8  3 51 23  - 34 42 55 47 54  - 22 57  - 36  - 14  - 29 11 58  - 60  5 40 37 39  1 20 49  -  6 48 33  - 18 45 24 13  - 44  2 38 43 17 59 35  - 31
 40  - 22 19  - 26 46  9 60 17 52 33 41  -  - 14 58  - 13 42 20 23 15 10 49 27 21 12 30 37  - 48  6 43 39  -  -  4  -  8 45 53  - 11 50 44 38 47 25 31 16 32  -  5 18  1 24 34 59  -
  - 39 38 23 10 58 27 51  - 44  - 25 15 30 22 59  8 50  - 45 47 14  - 52 17 48 19  -  - 60  2 55 12  -  - 11  - 49 43 21 37  -  9  -  - 13 46 18 16 41 54 35 57 34  1  - 53 24  5 28
 35  - 13 57  - 30 44  7 58 12 27 26  -  1 25 53  - 16 48 43 40  - 59  - 23 34 38 20  - 51 24 22  5 21  9  - 41 47 42 33  2 28  4 32 17  6 56 55  - 15 10 54  3 19 11 52 60 31 37 50
 38  -  -  -  6 54 10 24  -  -  -  9 33 32 47 16 44  -  3 15  - 40  1 19  - 42  - 26 18  - 51  4 21 55 53  -  5  - 25 56 28 20 17  - 37  - 34 22  - 14 48 41 13  - 23 57 50 11  - 30
 15 11 20  - 51 13 29 21  - 22 57 47  9 18 28  -  5 26  - 44  2  1  - 37  - 40  - 30 59  6 53  3 34 46 35 43 14 58 27  4  - 38 54 36 32 50 16 24  - 55 45  -  7 41 25  - 33 48 52 23
  - 17 53 16 49 39 37 18 13 10 51 30  8 26  3 12 14  -  - 19 29  7 21  - 24 41  -  5 38 28 32  - 33 54  - 47 40  1  - 27 55 34 35  2 22  4 25 11 43 48 23 57 44 42  9 50 46 56 58 20
 34  -  - 43  - 14 12 56 54 38 21 42 51 13  - 25 47 37  - 55 28  6 23  3 46  8 60 17 44 31 45  5 40 10 30 20  - 41 53 18  9 32  - 52  - 36  -  7 22 19  - 33  - 35 24 11 16  -  1 29
 60  - 26 18 35 12  8  3 44  7  - 50  - 11  4 34 29 13  - 38 51 33 10  2  1 24 20 27 46 23 15 40 22 48 55 30 57 31 59 36 25 39  -  - 56  - 45 16 19 43 52  - 42 21 47 32 41 17  6  -
  - 45 47 55  1 17 16 32 12 13  -  - 11  - 21 18 28 57 49  3 14 30 42 35 29 53  -  - 34 54 23 46 39 41 44 52 24 10 37 60 31 22 51 50  9  8 40 26 48  7 43 15 59 20  6 58  -  5 27 19
 54  7 52  -  - 53 58 57 36 46 48 29 38 60 40 32 42 20 14 31  9 44 24 59  - 25 16  - 35 12  - 21  8 28 22 19 43 18  - 26  - 23  -  3 49 33 47 56 10  - 17  -  - 39 51 45 13 55 50  2
  - 36  2  6 47  - 39 14 38 49 18 35  7  -  8 37  - 45  -  4 53 13 32 60  - 57 23  - 24 10  - 28 52 20  -  5  - 34 48  - 59  - 11 19 40 46 42  -  1 29 31 27 41  -  - 54  - 21 17 44
