2880
  -  6 30 38 12 46 45 47 25  - 15 58 33  4 13  - 16 36 11  8 56 59 48  - 17 21  - 10 43 27 39  - 52  - 18 49 20  - 24  7 54 22 42  3 37 41 28  - 29 60  5 34 50 57 26  - 55 14 51  -
 42 46 51 27 48  - 56 45 57  -  3 20 21 23 36 60 55  - 33 44 59 58 22  - 43  - 37 29  - 49 47  8  - 25 14 10  1 26 15 17 28 32 31 39  - 52 38 24 41  -  - 53  -  5 35  7 34  -  9  -
  - 11  - 34 56 59 20 35 46  -  6  - 44  - 31  9 12 21  2 16 27 14 50 23 18 60 49 51 30  7 53 32 22 10 37 38  - 57 42 28 39  -  4  1 25 24  - 41  - 33  - 17 19 43  - 36  -  - 45 13
 48 20 13 46  9 28 23 14 16 40  - 24  - 18  - 17  - 52 49  3 57 45 59 31 60 27 39 47 50  -  - 37  8 30 32  4 12 11 38 51 55 43 53  6 29 10 41 15 19  7 21 33 26 35  2 56  1  - 22 42
  - 32 27  6  - 31 22 58 14  - 28 34 20  -  - 43 57  8 35 59 47 44 19 50 10 56 53  - 21  -  -  - 26 12 16 41 29 18  -  -  1 24  9  - 13  5 37  - 60 36 45 48 40  - 15 54 38 42  3 51
 22  - 28 54  5 43 15 42  - 20 59 37  - 56 57 36 24 51 39  - 12 53 25  6 16 58 30 55  8  3 46 41  7 48  -  9 31 60 50 11  4 45 17 47 10 13 29 34 44 40 26 49 35 18  1 38 27  - 52 32
  - 47  - 18  - 55  - 29 60 23 35  - 43 58  -  7 40 15 59 13  -  4  5 17 34 22 21 49  3 51  - 33 56 41 30  2 52 37  - 20 10 39 25 57  6 26  8 38 53  - 54 24 42 16  - 32  9 45 19 14
 45 51 36 30 21 60 39 56 32 55 54 16  7 59  6 49  2 12 24 18  8 10 28 58 40 31 29 38 19 41 43  3 37  4 42 47 34 14  -  - 25 11 50 22 57 23 20 53 48 35 46  5 17  - 33 26  -  1 15  -
  2 24 59 35 36  - 30  - 21  8 12  - 56 19 40 54 44 34 41  7 28  -  -  - 11 20 48  9 55 25 45 46  - 17 38 29  6  1 43 22 57 15  3 33 16  - 27 26 47  5 32 31 37 13  4 50 60 52  - 23
 39 28 41  3 38 11 42 49 34  -  -  1 32  6 58 57  - 37 50 15  -  - 46 56 30 35  - 52 40 10 26 27 47  9 48 59  8  5 51 19 16  - 43 20 45 14 33 31  4  - 24 21  -  7  - 12  -  -  -  -
 25 31  - 44  2 41  - 26  5  -  - 46  9 57  -  - 14 11 13 49 36 39 12 48  3 29  - 24 51 54 40 53  - 22  - 34 58  6  -  8 30  7 45 50 38  -  4 20  - 59 42 37 56 15  -  - 35 21  - 28
 40  -  -  7 23 30  2 50 43  -  - 13 24 22  5 45  - 29  - 25  -  9 54  - 32 12 46 15  - 26  1 14 42  - 59 55  - 52 41  - 49  8 11 35  3 44 21  -  - 17 60 16  6 48 27 58 51  -  - 34
 51 34  - 29 20 24 52 41  1  9 38 42 18 12  -  -  - 47 25 32  - 31  3 26  -  -  - 14 58  8  -  7 10 13 45 50  -  - 30 27  5  2 21  - 49 40 23  - 33 39  6  - 15 60 54 19 28 17 48 35
 59  - 55  - 25 27 13  -  - 10 47  - 54  - 22  - 48  - 37  6 38 33  -  -  - 17 20 39 24 36 14 19 35 52 15 43 28  - 18  - 60 58  2  -  7 11 57  - 34  - 51  9 29 12 23  -  8 30 53 49
 41 57 32 21 54 40 17 11 38  7  - 43  -  3 35 51 37 10 53 19  4 55  8  -  - 15 42 33 46 60 12 13  - 23 39 48 14  -  -  2 34 18  -  - 24 36 31 29 26  - 58  -  -  -  9 44 56 50  5  6
  -  9 50 45  - 17 51 57 58 26  - 44 14 27  2 41 54 46 29 42 37  - 53 52 19  8 31 11 28  1 33 12 16 59 60 23 38 22  -  4  - 21 13 43  5  3 40 48  - 49 55 56  - 36 25 10 47 39 34 18
 33 40 47 23 39  -  - 48 59 28  -  - 46 20 10 24  6 49 19 36  -  3 13  - 29 50 41 44 15 21 30  - 34  5  - 58 35 17  2 52 53  4  7 31  - 22 45  1 14 12  9 32  - 38 56 37 25 26  - 54
 50  8 45 49  7  5 41 24 51 19  4 15  - 40 46 56  1 55  - 22 11  - 38  - 54 43  - 20  - 44 57  9 53 26 31  3 42  2 35 13  - 17  - 23  - 12  -  6 25 10 28 36 32 58 60 33 29 27 59 48
 57 16  -  9 15 52  - 19 47 27 37  - 22 31 54 23  5 18 20 34  - 13  1 53 38 48 24  7  -  -  - 36  6 33 17 39 44  - 14 50 45 25  - 26 42 56  - 59  -  2  - 60  - 41 43 46 21 58 28 11
 32 25  7 10 58  -  8 30 24  2 44 36 53 14 47 31 17  3  - 43 54  6  9 41  - 57 52  - 35 59 37  5  -  1 33 13 23 34  - 48 21 29 19 40 22 50 18  - 39  - 27 38  4 46 51 20 15 11 55  -
 52 42 44 40 34 14 60  -  -  6  1 53  - 15  - 26 58 35  8  - 29  - 17 36 45 55 25 30 54 20  -  - 39 11  4  7  - 19 21 37 51  - 10  - 46  9  -  -  - 16 49 41  - 32 47  2 57 56 33 38
 27  - 49 26 55  9  - 23  -  - 46  -  1 39 24 25  - 43  7 38 34 20 33  8 48 44  2 57 53  - 21 56  - 45  5  - 22 36 31 29 59  - 15 11 18 16 13 32 28 54 50 51 30 52 42 14 10 12  -  4
  -  4 54  -  - 16 55 20  2  5 30 25  - 37 53 19 47 40 22 57 48  - 15 29 50 32 10 13  - 43 52  - 27  7 49  - 24 21  - 26 41 28 58 34 12  - 60 11 59  - 36 18  -  6 44 51 23  8  -  1
  1  5  - 32 52  - 21  7  6 53 49  -  - 60  4 28 18 13 47 31 39 24 35 55  8  -  9 41 14 12 22 57 25 43  3 44 17 40  - 46 37 10 48 16 15 59  2 27  - 58 56 23 51 29 20 34 30 33  - 50
 35 10 14  - 60  1  -  - 50  - 27 38 23 13 32  5  - 30 55  2 40 22 45  -  -  3  - 43 31 33  - 47 48 37 19 24 21 44  - 53  8 20 29  - 26 51  - 36  7 18 57  - 59  - 49 15 17  - 11  9
 13  -  - 12  -  - 57  - 23 30 34 21 25 45 39 42  9  2 31 41 16  -  - 54 27 24 58  1 10 56  4 15 18 55 22 14 47 49 53  -  6  - 44 52 20  -  -  -  3 26  -  8 38 11 50 28 46 48 43 40
  3 52 11 48  6 58 35  4  - 22  -  7 51 34 17 30 53 45 36  - 13 50 23 21 33 42  - 19  5  - 56  - 41  8 26 60 59 25  1 15 40  -  -  - 14  -  -  - 32 27  2 47 44 37 38 18 54 49 10 31
 14  1  - 16 30  - 48  8 53 21 18 33  4 10  - 32 45  - 40 17 42 27 26  - 47 54 57 56 34 13  6 51 44 46  - 36  - 43  5 24 19 35 49  - 11 25  3 12  9 38 22  -  - 39 52 59 50 37  - 55
 24 36 25  - 14 32  -  -  - 18 19  4 12 53  7 10  -  - 56 48  - 52  - 38 28 51 23  - 41 34 29 60  5 27 47 46  2 54  8 21  - 42  1  -  - 15  - 55  - 44  -  6 22 40  -  -  - 16 49 37
 30 14  2 60 44 57  - 34 37 12 39  8  - 26 49  -  -  - 48 54 45  -  7  -  - 25 33 46 29 19 42  - 17  6 52 32 51 16 20  - 43  5 47  - 41  1 56 23 31  3 18 28 27 22 24  9 36 40  - 58
 17  - 35 31 27 15  7 53 39 56  -  -  3 29 41 55  -  - 51 11  -  - 60 10 59  6  5 25  - 58  - 28  - 54 34 40  - 13 19  - 46 12 57  4  - 33  -  - 37 14 44  - 18  2  -  8 42  - 32 30
 44 12  1  - 50  - 31 55  - 29 11  2 38  5 43  -  8 27  - 24 49 51 37 20 35 18 47  6 36  9 34  - 60 57  - 28  - 32 56 42  - 59 33  - 40  - 54 58 22 13  - 14  3  - 21 39  7  - 23 16
 56  - 40  -  - 21 33 25 10 36 43  -  - 24 60 46 50 58  -  - 31  -  - 15 57 37 32  - 13 35 38  - 12 34  8 27 49 30  - 44 23 16 18 54  2  6 17  7  5 11  - 22  -  - 41  - 19  4  - 47
 15 41  3 39  - 54 53 36  9 42  - 18 58 46 52 50 51 59 43  - 23 60  - 33  - 47 22  4 38  -  5 16 13 49 40  8 10 35  - 30 31  6 32 14  - 28 11 25 57 24  1 29 55 34  - 21 45  -  - 17
 21 23 31 28  - 26  4  1 20 54 14  -  -  - 25  - 10 24 17 52 32  2 58 37 46 36 35 45  -  - 27 49 55  -  7 18  9 51 33 38 47 41 40 59 30 19 43 42 12 50 48 57  - 53 39 29 16 13  6 60
  - 35 26 14  3  6 24  - 48 45 25 11 55 30  - 18 43 50 32  -  1 37  -  - 56  2 51 59  7  - 16 34 31 60 10 54  - 33 47 58 38 13 23  - 39  4 36 19 17 21 41 27 57  - 22 49 44  -  - 46
  9  -  - 57 22  - 36 18 27 24 48 59  -  -  3  6 41  7 15 39 26  - 11  - 12 46 40 21 16  5  - 45  - 42 20  - 60 53 44 25 17 54  - 58 50 47 49 56  -  - 23  - 28 14 19  - 43  - 38  -
  7 45 53 47 10  -  - 54  3 41 29 52 59 32 51  2 19 31  - 40  - 28 42  1 58 14 18 12 22 55 60  - 21 16 23 20 30 38 39 36 26 48 37  9  4 43 15  8  6 57 33 25 24 49  - 17 11  5 35 27
  - 48 38  1 59  7  3 16 13  - 55 49  6 36 30 22 33  5 27  9  - 19 39  -  - 23 14 26 47 57 10 31  4  - 53 15 37 45 17  -  2 51  8 18 32 42 46 52 56 20 43 44  - 21 29 60 24 28 58 25
 60 18 46 22 13 56  -  6 26  1 33 32  - 55  - 16 34  -  5  - 20 40 36 57 53 30  - 50  4 52  - 10 54 51 27 17  - 39  9  3  - 44 14  - 48 49 58 47  2 23  - 45  - 31 37 42 41  7 21 15
 34 58 57 15  -  4 10  9 30 31  -  3 48 42 21  - 38 20 26 37 52 41 55 32 23 19  - 17  - 22 50 44 45 14 43 35 11 12 49  - 27 60 24 28 36 18  1 40 54 53  8  2  5 33 16  6  - 47 46 56
 26 43 34  -  - 44 37 13  - 38  5 50 39 17 14 52 29  4 42 33  2 46 24  -  6 40  - 31 25  - 23 59  - 20 56 45 57  - 10 55 58  1 28  - 60 30 48 51 35  8 53 19  7 27  - 16 49 36 41 12
 18 53 60 20 11 22 34  5  - 58 21 47 50 52 45 14 42  -  -  - 55 36 49 30  -  -  7 40  9 37 28 38 23  3  - 19 56 59 12 43 24 27 54  2 31 17 25 39 15 46 29 13  - 44 32  4 33  -  - 26
 38 30 18  2 42  -  6  - 52 39  - 14  -  1 33 21 20 25 12  -  -  - 51 59  -  7  4 60 37 45 17  - 43 47 11  - 50 15 32 35  3 26  5 44 19 29  9 57 36  - 16 58 46 54 40  - 48  -  8  -
 12 27 42 19 43 33 58 39 29 52  - 26 15 41 11 13 25 44 23 53 60 38  - 28 21  - 50  - 45 24 31 17  -  2 46  6 54  8 59 34  -  - 20 36 51  7 32 22  - 47 37  -  9  3  -  -  - 35 18 10
 20 44 52  - 41 37 50 21 35  4  9 51 45  2  - 15  - 48 60 58  7 49  -  3 55 39  6 27 59 46 25 29 33  - 54 16 32 31  - 47 12 40  - 19 23 34  - 17  - 42 30  - 36  -  8  - 26 24 57 43
 58 49 21 37  - 36  - 40 56 32  -  - 19 50 34 48 22 33 16 60 35 12 44 24 52 11  -  8  - 38  -  2 15 53  1 51 46  -  -  -  - 30 27  7 28 54  5  3  -  4  - 43 23 59 18 47  - 41 25 57
 55 17 58 50 33 51  5  -  8 49  - 22 31  - 23 12 28 41 52 45  9 26 30 14 15  - 43  - 48 53 59 11 36  - 24  1  3  - 60 16  - 46  -  - 27 32  - 44  - 19 20  -  -  4  - 57 39 29 42  -
 31  -  5  4 18 25 46 28 49 48 51  6  - 47  - 27  -  1 14 30 43 21 10  9 36 59 34 37 60  - 20 24  2 15 50 42 16 55 54  -  -  - 35  8 53  - 26  - 45 56 17 40 13 23 11 52  - 19 44 33
  5 60 23 52 40  - 59 43 33 57 10 48 13  - 50 53  -  -  6  -  3 29  4 51 42 41 15 34  - 17  8  - 49 32 35 56  7 47 16 54 20 14 46 24  1 55 19  - 38  - 12  - 11  - 28 27 31  2 30 21
  4  3 33 25 51 53  - 12 42  -  - 60  - 35 37 40  - 14 10 28 30 16  6 34  -  5 54 48 27  - 58 55  9 50 13 11 19  7 26 39 15 57 22 29 56  2  - 49  - 31  - 46  -  - 59 41 20 32  1 36
  - 13 37  8 53  - 18 59  4 51 56 41 27 38  -  3 49 28  - 14 50 34 31 42  - 16  -  2 17  -  9  - 32 36 44 25  - 48 11  1 35  -  6  5 52 58  - 21 20 15 10 39  - 55 30 23 12 46  - 45
 29 39  - 13 16  - 54 32  7 34 20  -  2  - 48 58  -  - 46 35 17  1 18 11  - 52 59  3 49  - 36 50  - 24  9  - 55  - 22 14 44 38  - 15 21 31 30 33 23 25 40  4 10 47 12  5 37 51 26  -
 43 15  -  5  4 47 29 51 44  -  - 45 30  8  -  - 39 32 38 56  - 23 34 60 14 33 17 53 12 50 55 42  -  -  - 21 27 10  - 40  7 36 26 49 35 46 16 28  - 41 19 52  1  9  3 31 18 25 37 20
 46 21 56 53 28 45 16 38 54  - 22 10 42  -  -  4  - 60  -  -  - 11 43  - 24  - 55 23  - 39  - 18 58  -  - 12 33 41  3 32 50  - 36 48 44  8  7  9 52 37 47 26 49 17 57 35  6 15  - 59
 10 54 20 56 19 48  - 27 40 14 23 31 52 21  - 34 35 53  4  - 24 42  - 22  -  -  8 58 33 32  -  - 28  -  2 37  5  3  7 18  - 50 30  -  9 38  - 43 46  - 11  1 41 25 45 55  - 60 36 39
  - 55  - 42  1 19 28 60 45  - 52  -  8 33 12 29 30 23  3  5 18 25 27 44  - 13  - 35 32 16 41  - 40 56 21 53 39  4 34  - 11 49 59 51 17 48 47 14 50  9 38 54 31 10 46 43 58 57  - 22
 54 19  6 11 24 29  -  - 15 43 17 12 28  - 44 35  - 56 30 27 22  5 32 18 13  - 26 16 20 23  2 48 57 39 41 33 53  - 55  - 14 31 38 60 47 37 42 50 49 45  4 10 34 51  -  1  -  -  -  3
  8  - 24 51  -  - 47 15 19 11  - 17  - 16  - 38 23  9 58 21  - 54 56  4  - 10  1 36 52 40 44  -  3 28  6 57 41 27  - 59 29 37 60 25 34 35  -  5  - 43 14 55 12 42 53 22 13  - 31  7
  - 26  8 58  - 35  1  2  - 60 41 39 49  - 27 33 15 19  - 10  - 57 40  5 51  9 38 32 11 14 13  - 24 44 28  - 25 23 48  6 18  - 12  - 43 20 59 30 21  - 34 42 47 45  7 53 22 54  4 52
