2880
  - 37  8  - 26  - 33 27  -  - 30 41 21 56 28  1  - 52 10 57 42  9 45 36 20 31 34 35 53  5 39 59 47 13  6 32  - 19 50 24 40 58  - 49  4 44 16  3 11 60 43 48 22  - 15 12 14  7 51 25
 52 25  - 38  3 17 58  -  - 51 18 36 57  - 48 23 40 19 29  - 59 10 11  4 27 14  - 45  -  - 26  - 20 21  -  8 28 54  2 22  6  - 44 55  - 34 15  - 16 56  - 43  -  - 42 47 39 46  - 30
 29  6 47 14 51 35 39 46  - 52 33 15  9  - 16  - 50 17 11  4 37 18 31 55 21  7 24 27 57  3  - 58  -  - 44 13 30 43  -  -  -  - 20 10  1  8  -  -  - 32 36  -  5 19 49 42 23 56  - 41
  9  7  - 22  - 33 36 37 46 29 34  - 59 58 19  - 35 40  - 50 51 27  8 26 14 28 17 16  -  1  - 47  -  4 18 20  - 41  -  -  - 44 54  2 56  5 32 43 38  - 25 52 53 13 24 23  - 49 48 55
 41  -  - 59 28  - 24 22 19 49  -  6 39 57 25 11 21 48 42  3 55 35 51 29 60 56 30 13  8 32 47 45 31  7 58 12 20 14  - 53 54  5  - 27  - 40  2 26 33 38  4 46 43  1 44 18 36 15 52 16
 31 16  - 24 50 48 13  - 47 58  - 17  -  - 43  7 10 28  -  - 54  -  - 27  3  - 29  8 55 60 15  -  - 14 52  - 33 18  5 46  - 21 32  - 45 59  -  1 25 40 37 23  - 30  - 53  - 57  - 20
 34 59  - 42 18  8 57  1  - 35 60 28 50  - 14 27 41 26 22 16 30  5  7 49 23  6 20 29 37 47 46  2 10 40 32  -  9 52  - 31 53  3 48  - 15 39 24 25 12  - 56 11  - 44 21  - 51  - 45 54
 22 14 59 30 53 31  -  -  - 19 16 46 60 34  -  -  3 12  4 38 49 52  - 17 11 36  5 37  6 43 13 40 58 15  7 54 57 10 48  - 56 32  -  9  - 21 41 47  - 45 27  - 29 24 39  2  8 33 18 51
 24  -  - 15 27 42 19  - 23  - 14 48 12 35 36 50 11  5 25 55  - 41  9  - 57  - 53 38 44  - 60 21 18 17 47 16 10  2 56 29 59  -  -  - 39  1 13 28 58  6  3 34 49 26 32  - 22  4  7  -
 40 60 53 18 59 22 37 10  2 44  - 21 42  9 54 39 31  -  -  -  -  -  4 56 13  - 16  5 43 49 25 19 17  - 23 55 38 36 46 35 51  - 34 58  6 33 57 50  7  1  - 24 27  - 20  -  - 12 11  8
 48 11 35  7 43  -  -  - 13 23  - 42  - 59 26 18  -  1 38 19 47  - 54 22 17 39  9 44 31  - 16 33 15  2  - 60  5 28 12 50 14  - 55 32  - 57  4  8 46 10 29 30 45 56 34  - 41  3 40 24
 33 43 38 45 36 56 18 59 51 31 22 25 32  -  - 17 12 16 13 54  3 21 20 30  5 49 50 39 34 58  -  4  - 53 46 52 48  - 19  -  9 41 60 23  2  6 27 35  1 37 47 57  - 40 11 14  - 26  - 15
 57 52  - 27 54 51  5 43 49 17  9 56 20 41 45  -  - 30  -  8  -  - 14 32  - 35 25 28  - 16 24  - 29 47 34 48 31 38  1 60  4  -  -  -  - 11 44  6 50 39  7  - 36  - 58  - 13 19  - 23
  1 53 18 48  5 29 27 34 32  - 20 22 35 60 56 10 28  - 16  2 45 14  - 31 46 55 54 42 39  - 23 13 52 25  8  3  7 26 21 41 43  9 47  - 12 38 17  -  6 24 19 15 59 58  4 49 37  -  - 11
  - 32 51 28  2 18 54  - 27 56 39  - 47 26 15 21  - 42 30  -  - 36  3 58 12 24  - 50  1  9 59 57  -  6 43 10  8 25 45 55 19  - 33 29  7 22 20 60 13  4 35 40 34 11 38 48 44  - 53  5
  -  2  -  - 22  3 49 52 25  - 21 60  - 36  8 40 17  -  - 47 20  - 50 43 30  1 32  -  5 12  - 10  4 55 54  - 13 27  - 14 44  6 11 38 31 28 34  - 42 35 33  -  9  - 45 15 16 39 56 18
  - 33  -  - 48  1 12 25  -  6 13  5 24 55 11  3 14 39 32 22 60 15  - 35 47  - 56 17 40  - 54 50  8 52 45 34 42 30  - 57 49 38 58  - 28  7 59 36 53 51 31  4  2 29 26  -  - 43 37 46
 47 36 37 49 58 32 45 28  8  - 27 33 41 22  3 29 52 56 40 35 57 23  - 54 43 46 42 15 12 17 14  1 59 30 24 25 34 39  - 10 21 13 18 53 38 51 60  4  5 55  -  9 16 31  - 26 48  -  -  2
  4 56  5 12 41  - 43  - 42 53 25  1  - 32 39  - 29  9 23  - 27 55  - 13 19 54  2 31  - 57 33 30  3 18 16  -  - 20 15 37 45 48 51  6 17 24  7 14 36 52 50 49 46  - 47 34 38  8 60 44
  2 10 48 26  - 59 21 12 56 43  - 32  - 54 49 34  6  3 55 40 11  -  - 28  7 33 36 20  - 52 51 17  - 19  - 31 15 53  -  - 37 25 30  5  - 29 42  - 14 46 23 39 57 22 16 27 18 35  9 45
  3 30 28 17 33  - 55 26 37 32  - 45 52  5  - 44 18  - 36 60 48 29  2 20 53 42  -  -  - 10 22 12  - 46 13 41  -  7  - 15 34 11  - 56 16  4 38 59 21 14 58 25 39 35  -  -  - 24 23  -
 45 48 44 36  -  5  - 51 31  - 32 54 29  - 33 26 57 24 60 37 34 11  1 50  8 38  4 49  2 20 17 41 25 59 55 56 19 40  - 52 15  - 46 13 42 18  9 58 23  7  - 53  6 28 22 39 35 14 27 47
 13 44 17 57  4 39 42 54 36 12 11  - 58 29  - 30  1 60 31  6 21  3 25 45 52  8 27  - 16  - 38 55 40 37 56 50  -  9 43  7 23  - 28 15 26  - 48 34  - 53 32 22  - 41 59 19 10 20 46 35
 58  - 29  -  6  - 35 31 24 16 15  - 22  2  9  5  - 47 56 43 23  - 49 33 18  - 21  - 20 13 57 42 34 60 10 17  3  -  7  - 38 39 19  4  - 26 51 53  8 36 44 45 12  - 48 41  -  - 28  1
  - 27 56  - 49 37 15 57 34 21  - 52 33 10  - 54  -  2 45 12  - 31 43  - 29 16 48 46 13  7 32 25 41 51 35  5 55 59 47 19 11  -  6 40 53  -  -  - 22 23  - 20 28  -  -  9  4 38 50 26
 44  4 41  - 55  - 48 20 58 26 10  -  2 24  - 46 42 43 52  5 22 13 12  -  -  - 60 18 56 39 27 38 19 29 53 37 51  - 17  -  3 28 21 50 34 49 30  -  - 33 16  7 15 23 36 57  6 11  1 59
 49  - 39  2  7 52 53  -  - 47 41  - 43 51 21  - 44 58 34 10  - 17 30 12  - 59 46  - 45 28  5 56 23 24 38 33 60  4 16  1 57 19  9 26 22 15 37 11 32 20 54 27 13 36 40 25 31  - 55  3
 26  8 34  -  - 54 20  3 21 30 44 19 27 12 58 57 53  -  7 23 33 59 42 52 16 48 11  - 60  2  1 51 46  - 17 36 50 45  -  9 10  - 25 28 29 37 49 41  - 22 38 47 55  4  -  6  - 13 32 14
 38  - 30  - 31 36 25  - 16  -  7 27  3 42  1 28 13 57 54 11  6 44 40  -  -  5 52 34 17 33 35  9 22 41 14 49 21  8 39 12 46 18 59  - 43  2  - 56  - 47 45 37 23 55  - 10 15  -  -  4
  - 54 23 13 52 24 26 56 53 34 38 44 48 40  - 60 22 20  2 25 15 30 36 11 55 32  3  - 49 21  9 46 43  - 33 51  4  -  - 28 58 12 42 17 10  - 39 31 57  -  8 19 35  6 41 50  5  - 29  -
 25 15 32 37 16 53  -  5 26 54  2  7  -  1 41  8 49 36 19 30 56  6 17 60 34 43 55  4 28 50  - 52  - 23 48 59 18 21 20 13  - 22 38 11 47 12 46  - 31 27 40 33 14 45 35 24 29 51  3 58
 16  - 55 41 60  -  -  9  -  5  4 23 37 17 10 56 38  - 44  1 26 43  -  3 42  -  - 25 29 24  -  - 33 32  -  - 45  - 14 20  - 51 49 59 46 54 19 27 40 31 53 36 18 15  6  7 58  - 35 13
  - 49 21  6 17  9 52  - 20 37 53  3  7 16  - 13 19 23 51 46 39  - 47 48 24 12 44  - 22 40  -  - 56  1 29  - 32  -  - 18 28  -  - 60 57 55 31 42 43  8 59 38 25 34  - 33 11 36  2 10
  - 34  4  5 29 14 51  -  -  - 57 35 38  -  6 19 25 13 59 45 18  7  - 44 33  - 22 58 10 15  -  8 53 42 11  9 47  1 26  - 32 49 56  -  -  - 54 20 48 43  -  - 41 50 27 21  - 37 31 52
 21  - 14 25  - 20  - 18 35 15  - 24  8 50  7  -  -  -  - 26  1 53 39 10 37 22  -  2  4 54 58 44 51 56  9 43  6 48 11 49 30  -  -  3 23 31  - 52  - 41 42 12 38 27 13 17 55 47 16 28
 30 21 45  - 42 19 16 11 60 40  -  8 13 25 18 15  2 54  3  - 58  - 24 39 59 51  1  9 32  - 53  - 37 50 27 22  -  - 31  6 52 34 12 44 48 46 56 38  -  - 49  - 47  7 29  5 57  - 26 33
 15 12 25 46 38  -  4 23 44  8 36 57  1  7  - 16 20 53 47 56  - 28 18 51 48 29 37 43  9  - 11 31 45  - 39 30 14 22 60  - 24 59  - 33 50 13 35  2 34 21 52  5 58 10 19 55 40 54 49  6
 46 55  -  8 15 44  3 40 28  2 47  - 34 49 22  - 30 11 41 31  7 37 33 57 38 60  -  - 36 27 29  5 12 58  -  - 39  -  - 56  -  - 23  - 14 43 53 17 45 26 18 51 20 25  - 32  1  6 59 21
 42 50 12 43 37 40  -  7 39 45  - 20 30 44 34  - 32 18  - 17 35 46 53  1 28  - 57 24 15 14 36  - 48 10  -  -  - 60 29 27  -  -  4 16  - 47 55 19 26  3  - 41 33  8  - 38 49 31 22  9
 18  -  7 34 30 28 44  -  1  - 35 37 46 27  2 22  8 32  -  -  - 49  - 19 51 10 13  - 54 25  4 15  - 48 59 38 41 56 24  - 39 57  3 36  5 23 33 29 17 42 11 14 50 16  -  - 20  - 47  -
 11 22  - 51 44  - 46 13 52  -  - 47 25 39 59  4 26 45 43 18  - 50  -  7 35 17  - 48 41 36  -  6 14 34 49  -  2 31  9  3 55 23 10 57 37 53  - 30 27 54 21 28 56 42 33 60 19 29 12  -
 35 29 31  4 12 38 11  -  -  9 28 34 45 47  -  -  5 50 18 15  - 58 55 24 56 40  -  1 51 19  8  3 44 16 36 57 49 33 13 21  - 53 14 42 41 10  -  - 20 17  6  - 37 43 52 22  7 30 39 48
 53 51 22  -  1  4 59 14 41 27  3 50 55 52  5  -  - 38  9 13 44  -  - 46  6  - 31 30 19  -  7 36  - 39 15  - 17 34 32  8 26 60  - 12 21  - 11 23 56 48 24 10  - 57 18 54  - 40 42 43
 17 28 40 11  9 49 34 16 15 10 55  - 23 31 35 48  - 25  - 33  - 19 44 53  2 52 43 57 50 38 20  -  -  -  1 45 22  6  4  - 12  - 39 18 54 27 14 51 24  5 46 26  8  3  7 30 32 59 13 56
  - 39  - 21 45  - 22 49 40 24  -  9 56 23 27 52 48 41 17 32  8 33 19  6 15  - 26 47 35  - 42 34 16 12  - 46 53 13 51 43 60 14 57 37 58 25 36 18 30 29 55 59  1  - 50  -  3  - 44  -
  - 20  9 40 25 41  7  2 55  - 23 26 19 43 29 58 56 15 37 51  -  - 35 42  -  - 14 10 21 18 52 48 60 57 30  1 11 47 34 59  5 27  -  8 24 36  6 44  4  - 17 16 54 32 53 28  - 45  - 50
 20 45  3  9 13 10 32  6 14 42 12  4  - 11 17 43 46 49  8  7 36 54 29 15 58  - 23 60 52 34 18 16  - 35 22 44  - 57 27 25 41 47 31 51 33 48 26 24  2 59 28 55 21  - 37 40 30 50 38 19
  6  - 60  - 10 13  - 15 38 55 51 29  - 28  -  -  - 14 57  - 32 56  -  8  -  - 45 11 30 59  - 18 24  - 31 40 54 37 23  5 48 35 52 25 49 20 22  - 47 12 34  1 42 39 17  4 53 21 36  -
  7 46 42  -  8 23 31  -  4 13 48  -  6 53 30  - 51  - 28 27  - 38 57  - 22 26 12 40  -  - 10 43 49 20  3 21 24 55  - 44  2 36 41  -  9  - 47  - 39 58  1 54 32  5 14  - 17  - 15 37
 14 57 27  - 21  6 23 47 10  -  - 16 31 33 37 25 55  -  - 29 19  - 13 59  9  - 15  -  - 45 41  -  - 44 40 28 35 49 36 11 20  1  8  7  -  3  -  - 52 50  2 56  - 17 51  - 46 42 43  -
 32  9  - 55 14 58  -  - 33 28 24 49 54 30 44 42  4 21 12  -  - 47 48 41  - 45 18  - 27 26 50  -  - 22 60  2 36 15 57 23  - 10 43  - 13  -  8 16 51  -  - 35 52 38  - 29 25  1  - 31
 27  3  - 54 32 12  - 30  - 57 40  - 15 46  4 49  - 33 24 20 50  - 16  - 36  - 19 51 38 31 44 26  -  - 41 23 56  - 58 39 17  8  - 21 11  - 52  - 29  - 60 18 10  2 43 59 28 48  -  -
 50 35 19  - 39 60 41 24 18  3  - 14 51 45 57  6 23  - 27 44  5  - 59 47 25 20  - 54 26  - 21  - 13 38  4 42 12 29 22 33  8 46  2 52 36 56  - 48 15  - 10 32  -  - 28 58  - 17  -  -
 60  - 50  - 34  - 29 53 43  - 26 38  -  - 47 45  - 10  1 39 12  - 15  2  - 21 35 56 58  6 31  -  - 49 57 19 59 32 37  - 33 30  5  - 18 41  -  - 55 16 48 13  -  -  8 36  -  9 54  -
  8 38 43 31 20 15 50 35 45 46 17 10  4  6 40 51 34 44  - 36  -  - 52  5  - 57 41 12 48  - 56 14 27 11  2 24 29  - 53 30 18  -  7  1  3  9  - 55 37 25 13 21 60  - 54 16 33  - 19 42
 12  - 24 10 46  -  - 29  - 14 49 53 17 37 32 20 39 31  - 48  2 60 22 18  1 47  8 59  7 51 43 11  9 36  5  4 25 50 44 26 16 54 40 30 19 52 21 45 28 13 41  6  3  -  -  - 27  - 58  -
 10 31 11 19 57 21 40 45  - 59  1 55 53 48 20 33  9 35 50 41  - 34 60 25 49  4  - 14 18  8 37 27 32  3 51 29 52 16 42 38  7 43 26 22  - 17 23 39 54 28  5 44 30 47  - 46 56 58 24 12
 59 42 57 33 40 46  1 55  5 36 52 30 44  3 31 38  -  4  -  9 10  8 37 16  - 41 39 32 11 48  6 54 28 43 19 15 27  - 25 34 35  7  - 47 51 58 50 21 18  - 14 29 26 20 60 13 45 23  -  -
 55 58  - 47 23 26  6 41  -  4  - 13 28 38 52 24 54 37 46  -  -  - 10 34  - 27  7 33 42 56 49  - 57  5 20 53 16  - 30  - 31  2 35 48 44 32 43 12  - 11 39 50 40 59 25 45 60 18 21  -
 36  - 16 56 19  -  -  - 22 20  -  -  5  - 53 47 27 29  6  - 24 39 46 40 32 44  -  - 14 42  3  7 30  - 28  -  - 11  -  - 13 52  1  -  8  - 10 15 49  2  - 58 48 33  - 35 54 60  - 57
