2880
  - 48  - 57 12  8 44 41 58 59 51  4 29 39 15 31 36 22  - 50  6  - 27  5 19 38 34  - 54 30  3  - 26 16 23  1 20  - 21 17  2 45 24 32  - 37 13 25 35 53 28 52 47 56 40  - 10  -  - 60
  -  5 51 45 46  - 60 12  - 37  -  - 27 21 36  - 39 54 18 44 42  1 14 35  -  -  -  4 43  - 47  -  - 52 50 58 10  9 41  8 11 28 31 48  7 40  3  - 17 15  6 26  - 25 22  - 30 24 55 23
 25 50  6 18 20 40  - 59  - 39  5 49 26  -  8 45 31 57  9  - 54  - 16 56 60  3 38 21 36  4  - 19 13  - 33  - 44 58 55 32 24  2 34 35  -  - 23 12 47  -  - 30 11 37 14  - 17 43 42 15
 31 60  - 24  - 12  9 40  2 29 39  -  - 36 18 15  - 58  7 51 10 28 53 26 34  6 47 44 45 22 42 55  - 54  1 46 56  5  - 43 57 16 38 14 27 21 50 59 37 11 48  - 19  8 17  -  -  - 41 35
 32 35 22 33  -  -  - 23  7 31  - 17 28 37 10  -  -  8 41 12 48 57 58  -  2  - 59 15  -  3 18 60 46 27 11 54 53 36  - 38  - 26  - 39 24  4 52  - 43 47 14 44  6 34 16 13 49  9  5 20
 56 17  - 55 14 54 45  -  -  - 47  - 36  9 11  - 40 32 51  3 35  2 34 58 16 53  5 12 13 15  1 43 41 28 21 29 46  - 30 31  - 37 50  - 19  - 24 18  - 42 44 27 10  - 48  -  - 59 52 49
 33 42  -  2 58 48  - 57 55 10 21 38 19 11  - 39 22 45  - 54  - 24 26  - 52 51 32  - 47 13 44 18 36  -  3  5  1 29  -  6  - 50  - 20 43 16  8 46 56 59  9 60 27 14 41 49 15 40 37 25
  - 52 45 23 32 16 57  - 60 15 55 29 53 46 12 59 51 11 54 21 36  - 47 25 18  - 24  7 35  5 40  -  - 48 43 17 42 22 44 58 41  6 13 50  9 31 56 20 19 33  - 14  -  3  4  -  8  - 26 37
 26 56  7 37 31 32 12  - 27 18 44 52  -  - 35  -  -  -  - 40 20  -  9 14 15 25  4  - 23 29 24 48 54  3 41 22 49 11 13 21 38  8 33  - 17 55  1 51 50  5 47 46 58  2 19  -  - 57 45  -
 36 57 28 13 25 23 37 19  - 22 17 59  3  4 32 29 10 55 15 31 12 41  -  9  - 26 27 11 46  - 20 44 24  - 58  - 50  - 34  - 48  -  7 49  - 51 30  - 42 52 35 53  - 39 45 54 14 21 60 43
  8 46 40 28 21 34  - 13 53  2 19 33 32 57 14  - 12  7 38 18 43  - 37 55 59 20 51 30  1 49  - 24  - 42 29 56 60  - 27  9  - 23  -  -  - 52 22 36 26 54  5 41 35  - 47  6 48 25 50  4
 29 30  8 60 57  - 13 38 12 54 50  - 42 28 43 53  7 41  6 37 31  -  4  -  -  -  -  - 19 59  - 39 16  5 20 49 52 44 25  - 26  - 45  - 14 35 34  1 58 48 10 17 24 11  -  2 56 36 23 32
  - 53 57  - 45 42  -  8  - 33  - 32 43 38 50 41 23 29 46 11 51 44 35 21 36  - 22 27 26 10  4  - 48  -  9 28 14 31 52  -  7 54  - 34 49 56  2  - 30 24  - 15  -  5  1 58 39 12 59  -
  - 26 53 16 40 41  -  - 44 46  6 25  - 27  7 60 57 30 52 32 50  3 31 24 21  - 35  - 14  - 15 28 49  - 55  - 48 13 29  1 19  - 59  4 45  - 42  - 38  - 34 37 22 10  8 17 43 33 20 11
 34 39 42  - 36  - 33 20 26  - 43 41 58 22 27 18  - 44 30 29  8  -  1 11 31 13  - 47 52  - 50 56  - 40 54  -  9 35  2 60  -  - 21  3 15  -  - 48  4 38 55 59  - 23 24 19  - 53 16 46
 15 34  - 20  9  - 35 18 51  -  - 43 59 10 56 47 16 17 55  7  -  - 23 37  - 31  6 33  - 53 54 36 57 29  -  -  - 48 58 52 39 13  - 26 25 42 12 49  -  3 30 11 32 27 46  8 28 41  -  5
 50 25  -  - 10 19  4 55  5 58  - 46 49 15 13 40 52  - 32 59 41 60 21  3 53 35  1 36 34 27 30 23 11 39 45 33 47 54 26 56 12 42 16  -  2  -  - 31 14 18 29  8  - 44 20 22  -  - 28  9
 12 59 10  5  -  - 21 17 11 23  - 44 39 45  - 32 49 28  3 48 55  - 50  4  -  - 43 52  9 16 56 29  6  - 46 36  8 42 18 53 54 41 14 13 20 57 15 40 33 51 25 34  - 58 38  7 31 60 47 30
  1 44 48 50  - 36 52 45 13 38 60  5  6 12  - 17  - 27  8 10 29 58  -  - 26  - 18 25 21 42 35 20  7 51 16  - 11  - 37  - 49 19  - 59  - 22 40 57 23  - 53  - 28  - 30 31 55  2 33 54
  - 49 36 30  - 15 54 44 41 53 56 55 52 58 42 21 46 59 29  -  2 35 10 31  4  - 16  8 33 50  7 14 37 57 32 45 39  1  - 22 20 12 11  -  6 13 48  3 25 28 43  5 23 18 51 47 24 19 27 34
 17 11 58  - 52  7 55  - 24 44 28  3  1  5 59 43 29 20 39 41 47  - 22 54 14  - 12 13 42  2 46 38  - 10 37 35  4 21 15 45  9 56 51 60  8  - 33  - 57  6  -  - 40 48  -  - 36 34 49 18
 19 47 14  4  8 52  -  - 18 21  3 27  -  - 34  - 59 42 17  2  1 54 13  7 39 16 25 45  - 56  6  - 43  - 15 10 31 57 51 24 36 40 22 23 26 60 20  - 28  9 41 33  5 12 11  - 38 55 53  -
 44  - 49 12 11 30  8  6 52 20 31  - 15  - 23  -  - 14  2  -  - 19 45 38 43 27 37 35  - 58  - 10  - 47 56  - 18  3  9  -  - 39 26  - 32 17 51 22 59 50 13  - 54 28  7  -  - 48 24 29
 55  - 60 49 30 39  -  - 46 50 37 36  - 18 16 24  - 47  5 26 27 15  6 32 20 44 14 40 25 45 31  1 52  9  4 42 17 34  - 10 23 38  - 54  3  - 43  - 48 13 33  7 53 57 29 35 11  - 56 51
 18  9  -  - 59 35 14 42 32 30  - 13 24 55 58  1 37 23 22  8 34 12 49 53  6 54  - 16 50 57 19 51  -  - 27  - 15 33 28  5 21 44 10 45 52 29 60 17 11 46  3 40 26 43 39 38 25  - 48  -
 39 43 17  3 15 13 51 31  - 25  8 12 41 53  - 19  9  -  - 47  -  - 54 20  - 60  7 10 16 23 58 45 33  1 44 11  5 52 48 34 35  4  - 56 50 24  -  6 55 30 22 36 14  - 28  -  - 42  2 26
 23 31  - 26 47  9 58 22 20 51 46  7  - 52  -  4  1 21 56 24  -  - 18 33 29 30  3 41  2 38 25 54 40  8  - 43 12  -  5 37 16  - 17 42 55 53 36 60  -  - 27 19 44 32 34 15 50 11  - 14
  -  - 41 58 51 37  -  - 48  - 30  6  7 29 28 34 21 10  1 27 49 11  -  -  9 23  - 18 53 60  - 25 38  4  8 39 59 20 33 50  3 32  - 19 47 46 17  5  - 56 12  2 31 52  - 55 57 22 40 45
 54 24 15  1 35 44  -  4  - 56 36 37  9 34 41  2  - 18 60 30 26 21 46 51  7 42 10 57  8 17 14 53 45 58 25 47  -  -  - 19 29 31 12 11  - 23 55 50 52 32 49 38 13 16 33 43  -  -  3 40
 45 51 26  - 13  5 28 14 36 34  2 10 38 19 22  8  4  9 12 42 25 33 24  6 50 21 54 29  7 41  - 32 31  - 60 48 23  - 16  3 47 35 30 40  1  - 53 37 18 27 57 55  -  - 49  - 46  -  - 56
 51 41 27  - 60 21 36 54 39  8  4 22  - 25  2  3 17  1 49  9 16 46 11 13 37 59 45 43 18 52  - 47 42 35 53  - 55 28  - 40 32  - 56 31 38  - 26 58  - 44  -  - 30 29 15  - 33  7  6 57
 20 58  - 46  - 59  -  7  - 40 18  - 30  -  3  - 55 31  - 45 24 14 48 29 33 37  -  -  5  6 13 26 39  2 38 44 19 50 43 49  - 53 15 51 60 47 32 54 22 34 23 10  -  4  -  - 52  8 17 21
 57 12 46  6 27 29  1 33  9  - 16 45 44 43 49 55  - 53 47 19  5 22 52 60 54  -  8  - 30 24 36  - 25 15 40 20 21 23 35  2 14  - 42 38  - 11 58 39 51 26  7 18  3 59  - 10  -  4 13  -
 37  - 32 47  1 55 53  - 42 24  - 14 16 50 54 33 58 46 13  6  4  - 15  - 51  5 30 20 48 25 45 41 22  - 36  -  7 18  - 57 59  - 40 12 39 26 28  2 34 31 17 23 49  9  -  3 19 56 38 27
 30 28 43 53 50 46  -  - 10 57  -  1  - 23 40 56 18 26 42 55 33 59 25  - 11  4 19 24  3 31 51 21 47 13  - 14 45  2 20 27 15 49  - 44 35  5 54 41  7 29 38 39  -  - 32 52 34 17  - 36
  5 13  - 35 43 28  -  3 54  - 42 34  2  -  - 11 25  6 24 22 52 20 32 46 30  - 44 55 60 21 39 16 18 12  - 59  - 38 40  4  8 29  -  1 48 27 31 53 10 45 36  - 33 50 56  9 37 26 51 58
  7 40 21 29 22 57 46 27 43 42  - 30  -  - 48 26 60 15  -  - 53 31  5 47 12 52 50 34  4 35  8  -  9  -  -  6 51 25 19 23 17  -  1 18  - 36 16 10 44 20 58  - 55 41 37 11  - 49 32 28
 16 10 31 21 28  1 23 53 22 47 24 57 14 17 44 50 42 56 40 34 11  - 29 49  8 33 39 48  - 51 32 27  - 26 13 25 35  - 60 59  6  - 19 15 12  -  -  4  2 37  -  9  - 30 58  5  7 38 36  -
 46  1  - 36 54 22  2 37 16 11  - 31  4  -  5  -  8 25 14 35 15 26  7 39  -  - 17  -  -  - 10 58  - 24  6 18 29  -  -  - 52  - 48  - 13  -  - 42 40 49 19 51 56 47  3  - 60 28  9 53
  - 38  -  -  -  - 56 50 28 16  -  -  - 44 25  9 15  2 36 57 18 40 51  - 35 41 52  - 24 12 37 11  1 19 49  -  - 45  - 29 58 33  3  - 30  -  4 23 54 55 42  - 48 60 21 32  5 14 22  8
 58 14  - 43 42  - 25  -  1 35  -  9  -  8  -  - 30  - 28 16 45  - 17 44 55 49  - 38 12 36 48  - 27 20 18  - 34  -  - 41 22  7  4 33  -  - 21  - 29 39 11  3 50 26 31 60 23 54 10  2
  6  - 16 14  - 26  - 34 40 43 12 19 21 48  -  - 35  - 59 49  7  -  -  - 24 55 57 53 51 37 38  -  2  - 17 15  -  - 46 36 30 22  -  - 31  9 44 32  - 10 50  -  4  - 23 33  1  5  8 42
  - 32 29 48  6  3 17 21 30 36  -  8  - 59 57 51  -  5 33 23 58 42  -  - 40  - 53 19 37 54 26  4 28 49  2 27 25  -  - 14 34 43  9 55 10 45 46 52 41 12 39 20 38 35 13 16 18  - 15 24
 40  6  - 52 39 38  -  - 56 14 58 15 12 41  9 16 11  - 45  -  -  - 28  2  -  1 23  3 44 48 27  7 53 17 35 50 43 51 31 33  -  5 20 47 36 25 18 13 60 57 46 49  8 19  -  - 26  - 54 59
  -  8  3 38 19 56 39  9  - 55 52 48 47 24 26  - 27 34 53 36 28 37  -  -  -  - 31  1 29 20 49 15 60 25 22 51 32 59  -  - 45 10  - 30 42 18  - 35 16  4 40  - 17 21 12 46 54  - 14 33
 13  -  2 41 44 27 30 25 15  -  - 51  8 20 19 54  5 12 48  1  3 53 39 16  - 14 46  6 10 33  - 40  - 43 24 38 36 26  4 55  - 11  -  - 37 58  - 47 49  7 56 42 18 45 60 23 21 29 57  -
 41  - 56  - 48 49  - 29 34 17 11 54  -  - 45 52 13  - 20 53 40 39 43 15 23  - 58 37 59 28  -  - 44 38 10  4  2 30 14 35 25  - 55  - 18  6  5 21  1 36  8 16  -  7 50  - 42 46 31 22
  - 22 54  - 26 14  - 47 33  3 10  - 55  - 39  - 38 48 58  - 23 25  - 27  - 45 21 42 17 32 11  9 15 41  7  8 40  6 56 12 51  -  5 57  -  2 19 29 53 43 16 50 59 31 44 24  - 20  4 52
  -  2 44 22  3  -  5 26  -  - 53 39 51  1 31 23 48  4  - 28 37 29 40 52 42 17 60  -  - 19 34 50  -  6 30 12 33 43  7  - 56 24 46 27  - 14 10 11 21  - 32 45 16 15 36 18 47  - 25 41
  -  -  -  -  - 31 38 58 37 26 25  -  -  - 17  6  - 35  4 15 44  9 56 43  5 24  -  2 28  1 52 34 50  7 47  - 54 46 32 20  - 57 18 21 16 48 11 30 12  8  - 22 60  - 10 53 29  - 39  -
  - 27 19 42 18  2 40 32  4  7  1 23 34 49  - 38  -  3  - 39 21 56 59 48 46 43  -  5 11 26 55 33  - 50 14 16 28 10 53 25 37 47 29 24 57  -  - 44 20 60 51 35 36 13  - 41 45  - 30  6
  4  -  1 11  - 60 10  - 49  - 32 24 35  2 47 27 43 16 50 56 13 45 38 36 17 58  -  9  - 46 28 22 51 31 59 40  - 12 54  7 53 14 23  - 41 20 25 26  3 19 15  - 29  - 55 44  - 18 34 48
 14  - 18 59 33  -  7  5 25  - 27 50 13 60 53 37 24 52 21 38  9 47 19 23  -  - 42  - 31 40 17  3  - 32 39 34 41 16  6 30 28 58  - 46 29 54  - 43  8  -  4 12 45  - 57 51 22  - 35 44
  - 18 35 15 23 45 32 28  -  - 33 20 54 51 21  5 50 60 10 17 22 30 57 42 25 29 40 14 56 47  - 12  - 11 19  - 37 55 59  - 31  3 39  8 53 44  7 27 13  2 24 48 46  6 43 26  -  -  -  -
 52  - 37  -  - 33 43  - 50 60  - 56  - 16 24  - 53  - 11  - 14 34 41 17 27 36  2 26 40  8  5 49  - 46 51 30 58  -  - 44 10  - 47  7 59  -  9 28  6 22  - 57  1 38 25 29 13 35 18 19
 10  3 47  - 34 58  - 52  -  4 40 42 37 54 29 14 44 50  -  5 46 49 55 41 13 12 28 51 22  7 60 30 59 36  - 19 27 56 11 26 18 15 57  2 33 39 38  9 32  - 31 43  - 24  - 25 35  6 21 17
 38 33 24  - 29  4  -  -  6 45 35 26 48 13 37  - 54 19 43 60 56 18 36  - 28 10  - 39  - 14 12  8 23  - 57 52 30 49  3 16  1  - 58 22  5 32 41 55 46  - 59  -  2 42 27 21 53  -  7 47
  - 36  - 51 17 18  -  -  - 13 49 60 22 42 33  7 47 38 37 46 39 50 20 19 57 48  - 32 58  9 16  5  8 55 26  2  3  - 45 11  - 27  - 41 23  1  6 15 24 25  -  4 21 40 59 56 44 10 12 31
 28 16 20 27  7 10 31 35  - 48 45 21 11 32 30 49 26 36 23 25 19 43 60 50 58 22  9 56 41 39 59 13  5 34 42  - 24  - 17 15 44 51 37  6 54 33 14  8  -  -  - 47 57  1  -  -  3 52 29 38
 47 20 11 17 38 25 26 16  -  5 29  - 40  - 46 58  - 39 27  4 59 13  3 10  - 57 36  - 49 34  -  2 14 44 28 53 22 19 42 48  - 60  -  9 56  8 37  7 31  -  - 24 12 33  - 30  -  - 43 50
