2880
 60 51 48 49  1  - 27 12 57 37 36 50 10  8 34 47 28  9 35  6 58 24 15 59 21 40 44  - 11  - 43 30 29  2 32 19 46 13 31 45  - 55 56  - 20 26  3 53  - 22  4  -  5 17 18 54 52 38 16 39
 12  - 35 53 42 22 30 43  6 31  5 54 21  - 32 40 26 47  1 44  -  8 11 41 14 49 60 57 45 15 25  - 59 58 29 28 20 33 56 38  9 16  3 50 17 19 18 36  - 34 13 37  7 24 46  -  2 27 52 51
 55 27  - 41 12 56  8 39 13 35 48 26 33 38 30 45 18 21  - 10 53 22  -  6 24 15  7  - 29 60 59 57 23  3 19 17  - 40 52 51  1 14  5 28  - 36 47 46 42  - 16 44  2  - 43 11  - 50  - 37
 59 29 58 30  -  -  -  - 18 25  1 44  - 21 57 55  -  -  - 56 49 47 22 45 31  - 36 32 13 43  - 41 16  -  5  - 28 50  - 19  - 33 51 37 40  8  9 35 24 48 14  -  - 53 15 34 26 20  4  3
 58  - 46 59 21 30 50  -  - 29  - 22  - 39 33 25  - 45 13 41  -  - 60  9 54 23  - 37  - 31 42 28  - 20  -  - 49 55  -  7 40  - 43 18 32 53 12 44 26  -  5 47 11 14  3  8 16  - 51 38
  - 12  - 42 39  - 28 59 51 32  - 49 48  - 22 44  - 54  8 19  - 43 20 10 15  1  6 29  - 25  -  7  -  - 36  4 58  3 11 52 55 46 24 26  - 23 38 16  5 31 17 41  - 47 35 27  - 60 30 56
 43 18 40 14 60  - 20 28 59  - 26 35  - 22 55 15 23 56 49  - 34 48  - 46 38 36  3 39 52  -  2 51  8  5  - 16 42 11 45  - 57 58  - 53  - 30  1 33 50  7 10  6 44 32  - 21 47 12 27 17
 40 41  4 11 36  - 15 47  - 51  - 57 30 12 27 43 46 23 18  - 55  7  - 35  3 59 24 26 54 42 53  5 20 39 10  9 37 25 60 29  - 48  -  -  - 21 44  8 58 45  2 31 22 49 56 19  6 13 38  -
  - 58  1 29  -  -  2 44 40 12 20 31  -  - 14 46 53 37 38  7  - 49 34 32 39 48  - 19  -  -  -  -  - 60 25 52 50 18  -  8 22  -  - 56  - 57 43 59 54 23 24  -  4 30 47 15 36 17  9 27
 29 48 15  3  - 28 56 16 37 52 60  -  4 58 11 35  - 14 53 54 57 55  - 33 50 43 19 46 10 20 24  - 27  9 21 38  -  5 32 42 17 59  2 12  -  -  - 39 22 25 23 51 18 31  1  - 49 34 36 45
 49 30  -  - 50 40 36  -  7  -  2 27 51  - 52 11 32  8 48 14 18 42  3 60 29  -  1  4  6 37 45 17  5 46 22 53  -  -  9 44 59 28 31  - 15 24 25 26 19 10 34  - 55 33  - 12 54 41 43 21
  6 21 25 54  - 55 18 19  - 33 23 46 56 27 49  -  -  -  -  5  - 44 53 58  -  - 37  - 38 32 22 13 30 11 48 43 14 16 28 26 45  - 60 10 59  - 15 31  1 12 36 17 52 40 51 39 57  8 50 41
 35 38 14 60 10 21  - 51 27  - 49  -  3 31 43 54 55  6 26 59 33 29 28 16 20 50  9  1 56 48 30  2 42 53 15 41 19 24  7 46 58 11 25  - 22 40  - 18 13  - 44  8 36  - 12 52 17 37 45 47
 30 56  2 13  3 57 41  7 54 45  - 47 27 28  9  6 33  - 29 46 11 51 50  4 12 14 22 38  - 44  5 16 10 52  - 40 53 32 18  - 23  8 42 17  - 59  - 48 21  - 39 36  - 15  - 49 24 19 25 26
 53 23 50 26 13  7  -  -  -  3 30  - 18 34  4 19 44 16 31 58  - 32 52 48  -  - 49 21 14  -  -  - 33 22  - 45 11 12 17  -  - 36  - 25 37 47  - 60 27 20 29 46 51  -  - 59  1  5  6 15
 41  - 52 18 22  - 35 27  3 55 28  5 12 19 26 33 20 10 51 31 46 16 37  1  -  - 54 14  - 40 11  - 50 57  4  7 47 29 13 56 38 39  - 23 45 17 24 25  - 49 60  9 42 44  - 58 30 21 34 43
 50 39 10  4 34  -  6 29 17 59  - 12  - 24 25 26  - 20  2  - 60 11 54 15 56  8 42 16 35 36  - 43 21 23 45 37  3 52 46 30  - 22 57 55 14 32  -  - 28 44 53  -  -  7  9 13 40  - 31 49
  - 32  - 56 17 42 12 11 35 36  9 39 44 49 37 10 22  -  - 33 16  - 55 54 40 29 27 52 23 53 50  - 47  7 26 25  8 51  1 60 15 38  - 34 28 58  5  - 18  -  - 57  - 59  2  -  3 46 41 20
 54  - 22 12 44  - 26  - 60 11 53 42 38  -  - 30 27 13 10 18  1  -  -  -  - 46  - 15 36 55  -  - 52 25 57 29 40 17  - 59  6  5 37 39  2 45  -  - 32 28 49 21 33  - 41  - 23  -  3 31
  4 53  9 10 27 43 52 22 21  - 57  - 50 55 58 51 13 26  -  -  -  -  - 37 59  5 28 34  - 19  -  - 41 18 47 35 56 20 14 54  8  -  7 29 23  - 32  2  -  - 12 38  -  - 25  -  - 33  - 46
 46 15  - 47 51  - 33 25 55 20 45 37 59  -  - 29 57 28  5 21 35  -  - 38  4 60 13  - 17 22  - 31  6 16 43  3  - 42 48  - 36 50 10 49 12 44 30 27  7 56 26  - 24 39 14  -  -  - 40 52
 51  8  -  6 52 20 10 38 19  - 21 43  -  9 44 24 14 41 32 40 17 26 56  5  - 11 45  - 34 12 29 39 48 49 37 18  - 47 36  - 53  -  4 27  1 35  -  - 57 50 30 25 13  2 23  - 46 28 58 55
  -  - 32 22 35 39 21  3 10  - 25 29 34 46 42 49 30  -  9 36 31 37 14 26  5 16  - 44  4 47 28 24 56 43 40  1  -  - 51 33  - 41 17  2 57  - 60 23 55 18 58 54 15 48 11  -  - 53 19 12
 22 59 13  9 47 33  4 56 52 42 37 51 43  - 24  1 25  7 27 60  3  - 23 34 16  - 35 40 21 39 15 46 12  -  6  -  - 49  2  - 10 44 58  -  -  - 45 50 36 30 55 18 48  - 54 20  - 26 32  5
 33 34  - 44 18  - 16 52 45  7 29 38  1 56 60 12 36 50 23 47 40  6 10 17  - 19 25  - 49 24 48 11 26 15 41 42 51  4 20 28 43  9 27  - 31 37 54 21 30 39  8  - 57 55  - 46 59 14  - 32
 37 28 41  7 20 19 58  9 38  8 13  - 57 44 48 23 51 33 24 26 36 45 31 21 35 53  -  -  2  6 34  1 32 47  - 27 10  -  4 55 46 25 12 30  -  3 40 49 60 43 52 14 39  - 17 56 42 18 29 16
 57 31 38 33 26  -  - 60 32  - 44 41  5 40 16 13  - 24  4 39 47 36  6 20 18  7  - 54 46  9 10 22  - 17 12 55  -  2  8 35  -  3 49 48 58 34  - 29 25 15 43 45 27 23 59 53 51 56 37  1
  - 44 33 20 25  3 24 40 42 30 11 28  - 50  1 38  - 15 17  - 48  -  - 49  7 32 46 43 55 52 19 10 45  4  9  - 18  -  - 58 29 26 47 57  - 14 41  - 31 21  6  5 60 34 13 35 27  - 12 53
 17 46 54  8 19 38  - 10 58 43 14  -  -  - 15  7 29 36 50 45  -  9 25 31 33 18 55 49 51 13  - 26 34 41  2 21 44  - 16  - 20 30 35 60 27 12 53  1  3  - 47  - 37  - 42  6 11 23 39 59
 39 20 42  - 14 59  -  -  - 49 10 33 28 18 47 22  7 27  - 38 25 15 24 55  9  - 51 31  - 58 17 44  1 32 16  2 36 43 21  -  -  -  - 45 41 60 50  - 12 53 54 48 40  3 52  - 29  - 11 34
 11 16 53  2 29 24 47 32  -  4 40 48 60 57 56  3 38 19 12 51  - 34 27  7  - 39 30  -  - 59  -  -  - 10  -  - 31 14  - 15  - 13  - 36 44 28 23 20  9 17  -  -  -  5  - 42 50 22 26 54
  9  5 24  -  -  -  -  - 33 53  3 19 47 14 46  - 39 38 41 25 54  4 48 13 51 52  - 55  -  - 56  - 49 44 42 31 34 57 26 32 50  - 28 35  -  - 22 40 29 27 45 60 17 58 30 23  - 16  -  7
  7 17 23 50 37  - 38 18  -  - 46 15 16 25 54 60 35 39  -  - 41 28 43 29 13  6  - 59  -  - 26 27 36  - 44  8 30 21 53  - 49 10 55 47  - 20  - 52 34 11 56 32  -  - 48 51 58 31  2 42
 32 55  3 34 23 10 37 57 26 16  -  - 25 11  6 41 43  - 15  4  -  5 46 39 49 17  8  7 50 29  9 21 53 51 20 58  1 28 33 47 12 54 38 42 19 27 31  -  -  - 18 24 35 56 45 14 60 30 13 36
 13  4 57 23  - 53 46 36 24 34 58 40 11 32 20  - 41 51 43 16 14  - 45 50 17 25  -  - 37  - 35 60 54 26 18 56 55 15  3 27  5 47 59 22  - 29 49 28 52  1 21  2  9  8 39  7 19 48 44  -
 28  7 31 57  - 47 23 37  4 41  -  3 26 51 13 59 21 35  -  - 42 50  5  8 25  - 32  - 12 34 54 36 11 19 33 20 17 30 24 53 18  2 16 44 39  - 29 22 43 60 27  -  -  -  6 10 45  1 56 58
  - 57 17 15 33 29  - 58 39  - 22  8  -  7 12  -  9 46  -  2 24 60  - 36 53  - 56 47 20  -  - 34 31 59  1 54 43 23 25  6 51  4  - 19  -  - 42  - 35  3 48  -  - 37 28 30 32 52 10 40
  - 36 39  -  4  - 45 17  - 28 54 56  -  -  - 57  - 31 58 20 51  1  - 47 23 33 34  - 43  5 41  -  - 12  - 22  - 53  -  -  - 32 19 14  - 16  2  9 46  -  3  - 30 29  -  - 21 55 35 50
 48 22 20  1 49  -  - 26 41  -  - 58 19  -  8 17 50 42 39 57 27 18 40 52  2  4  - 30 25 23  - 15  -  6 53 10  5 38 35  9 56 31 29 11 55  -  - 14  - 16  -  - 34  - 32 36 28 45 24 13
  - 49 26 32  5  - 31 55 22  1 47 36 29 37  7 56 48 43  6  - 19 59 38 51 10 41 58  8 53  - 27 50  9 28 30 11  2 35 39 18 60 23 13 21 34 52 57 42 33 54 25 15  - 16  - 44  4 40 14 24
 16  6 34 19 56 11 60 35 23 15 18  - 53 45 10 42  1 52 36 29 28 41 57 24 26 55 50 33 48 38  - 49  7 30 13 51 25 22 12 20 54  -  - 58  9 39  - 32  4 14 40 59 46 27 44  2 31  3  8  -
 24 37  - 16 40 60  1  - 11 38  4 25  6 35  -  9  5  3 21 49  - 33 36 42  - 58 53 28 44 18  7  -  -  - 52 13 26 48 34  - 31 17 30 43 56  - 55 45  2 19 32 27  8 22 10  - 20 39 46 57
 34 45 55  - 41 54  - 33  8 50  6 20 52 16 18  -  - 17  -  9 21 10 44  - 57 51  2 23 42 28 47 59  - 38 11 48  - 39 27 43  -  - 14  - 35  4  - 19  - 36  7 53  3 12 40  - 13  -  - 30
 14 10 49 46 45 25  -  - 44 57 42 53  9 52  2  5 47 59  -  8  - 27 35  3 43  -  - 11 18 16 60 32 55 33 31 23 13 36 22  - 21  - 50  - 29 38 58  - 41  - 15 40 54 28 24  1  7  - 48  6
 15 25 12 24 31 58 17 14  - 10  - 60 36 20  -  2  4 34 30  -  -  - 16  - 28 47 21 51 33  - 55 35 19 50 39 44 45 41 42  - 52 27 11  7  3 46 37  5 40 26 38  - 59  1  8  - 18 49 57 29
 56  -  7 27  - 35 42  4 49  6  - 52 39 54 53 31 11 57  -  -  -  -  1 25 36  - 47 13  -  2  - 55 44  8 58 24 15  - 23 40 26 21 18  -  - 51 48 38  - 32 37 30 10 41 50  -  9 29 20 60
 36 14 59  - 30 50 40 20 48 27 43  - 31 23 38 58 60 18  7  1 39 53 51 22  8 12  4  - 57 10 32 47 25 35 24  - 54 56  6  -  2 45 44  5 42 11 19 37 17 13  -  3 26  9 55 16 41 15 21 28
  - 19 36 43 15 32 29  2 50 24 16  6  8 33 35 37  -  - 60  -  - 58 30 53 46  - 59 56 39 21 31  - 57 42 38  -  -  - 55  - 14 49  1  -  - 13 51 41 20 40 22 28 12 52  4 18 34 54 23 44
 44  3 37 31 53  2 32 48 46 47 33  -  -  -  -  4 12 58 28 55 26  -  - 11  - 38  - 24 16 35 52 23  - 21 34 57 27  - 15 50 25 20 22 59 30 18 36  -  - 29  - 56 41  6  -  -  - 10 42  -
  2 60 16 17 43  6 13 54 29  5 35 18 42 41 59 53 49 55  3 27 22 57 21 56  - 34  - 20  9 46  - 40  - 24  7 14 23 26  - 25 30 12 45 31 52 48  8 47 11  4 50  1  - 38 19 37 15 58 28 33
  -  - 29 28  9 16 53  8 56 14 52  - 24 13 39 27 10  1 47 32 20 21 19 43 48 31 18 58 40  7 57  - 17 34  3 15 33  -  - 12 41 51 36  - 26 50 11 54  -  6 42  - 49 35 37 38  -  4 60 25
  - 33 18 21  6 12  - 30  -  - 39  - 58  - 50 14 16  2 45  -  -  3  8 23 52 42  5 48  7 41  - 37 35 13 27 36 38  - 43  - 19 40 34 32  - 54 46  4 51 24 57 55 56 11 49  - 10 25  1 22
  - 11 27 35 24  4 25 31  -  9 32 16 17 43 40  8 42  -  -  -  5 19  2 28  - 54  - 12 15 30 21 38 46 55 60  -  - 34 10  -  7 57  -  6 50 49  - 13 47  - 51 52  -  -  - 41 44 36 22 48
  -  - 43  - 11 36  - 13  - 60  7 55 20 30  3 50 56  5  - 37 29 23 41  2  1  9  - 22 59  - 40 54 39  - 46 32  4 44 47 31 28 42  6 38 16 15 17 12 49 57 19 58 45  - 53 48  -  -  - 10
 47  9  - 55  -  - 43  6 16 21  8 11 40  2 31  -  3 32  - 12  - 38 18 14 27 13 48 50 60  -  -  - 58 36  - 46 57  - 19 17 37  7 54 33 53  5 28 24 39 52 20 35 23 25 26 29 56 42  -  4
 20  1 19 39  8  - 55 45 34  - 17 59 13  - 23 32 54 11 37 52 50  - 58  - 44 26 38  -  - 33 51  - 28 48 56 49 41 31 29  5 27 18 40  4  - 22 14 30  -  - 46  - 53 10 16 57 43 35  -  2
 10 24 28 51 16  - 44  1 14 56 41 23 37  - 17 36 58 60  - 53 12  2 39 40 55 22 15  5 47 27 46  4 18 45  8 34  -  - 30  - 13  6  9 54 21 31  - 11 38  -  -  - 20 19 29 32  - 57  -  -
  - 26 60 40 28 15  5 24  - 17 31 10  - 47 21 52  2 49 14 50 13 20 59 12  -  - 33  9 32  4  3  8 51 54  -  6  - 27 58  - 44  1 46  - 36  - 34 56 23 37 41 43 16  - 57 45 35  7  -  -
  1 40  5  - 57 37 51  - 47  - 50  2 14 26 41 20 45 25 55 42 59 17  9 18 19 27 12  - 22 54  6  - 43 29  - 30  7 60 44 10 39 53 33  3 11 56 16 58  -  8 35 49 38  - 34 28 48 24  - 23
 23 42  - 52  7 13 19 50 43 46 34 21 35  - 28  - 59 53 22  - 30 25 29 27 41 37 17  6 58  -  - 45  -  - 51 47 39 54 40 24 32  - 48 15 49  -  4 57 44  9  1 10  - 36 20 33 38  - 55 18
