2880
 10 60  - 33  - 47 43 45 11  - 44  -  2 31  7 34 26 41 51 32  5 21 20 14 12  6 49  - 38  1  - 37  4 28 27  - 52 40 56  -  - 16 55 42 54 17  9 58 36 15 50 18 29  - 23  - 30 24 25 39
 37  - 29  5  - 12 35 48 57 54  - 41 44  1 18 32 40  - 34 60 45  -  9 13 14 21 59 52 11  4  - 49  - 53  3 58 39  8 31 33  - 19  - 28 27 51  6  - 16  -  - 38 15  7 43 47 55 23 56 22
 41 48  9 37  - 33 59 29  1 22 35 13 17 10 40  6 27  -  5 56 21 38  2 11 28 14 20 45 53 51 49 18  - 19  4 34 57 52 47 15  - 25 12 39  - 30  - 24 32  - 31  - 44 43 26 23 36  -  7 42
 27 31  - 38 26 50  - 55 36 13  4 35 49 47 33 52  5 10 37  -  -  -  - 24 11 15 41 23 60 21 44 19 18  - 51  2 53  -  -  -  - 59  - 46  3  - 56  9 39 48  6 32 20  -  -  - 25  1 58  7
 53 41 10  - 48 28 26 20 17  -  - 39 51 18 25 22 54 38 47  -  - 36 46 32  1 43  -  -  3 55 52 13 30  - 11 49 29 37 16  -  - 50 44 19  - 24 60  -  2 27  9 21 57 14 31 56 15  4 45 59
 14 11 44 13 20 22 17 15 32 53  - 27 31  8 12 43 21 28 18  9 58 48 41 33 47 24  - 49 30  -  -  4 25 23 59 51  6  - 38 19  - 10  - 35 39 36 57 34 37 54  2 52  - 42  -  7 40 56  5  1
  8 55 38  7 27 46  - 47 53 25 17 28  - 20 48  5 19 49 21  -  - 51  - 52  - 32  4 56 13 33 43 24 59  -  - 26  3  2  -  -  -  6 35 54 30  - 36 44 34 42 41 50  - 31  - 22 39 37 60 45
 54  6 59 32  - 51 29  - 27 39 50 42 41  - 45 46  8  7  - 33 20  - 25 17  9  4 38 18 34  - 60 44 47 13 16 22  5 30  2 56 35 55 58 57 10  1  - 37 52 36 24 26 48  - 19 21 12 11  3 43
 17  - 35 59 42 32 28 51 20  4  3 48 29 56 47 21 44  - 36 22 25 13 50 16  - 57  9 54 12 26  7  8  - 45 55 40  - 41 43  2 46 38 14 11 18  6  1  - 30 19 23 10 53 24 60 39  5 27  - 37
 44 12 15 29 25  9 23  - 54  3 33 22  7 45  - 60 47  -  -  -  - 35 43 58 40 28  - 11 48 56 30 16 31 26 38 17 19  -  - 42 20 57 34 55  2  4  - 21 10 37 52 39 32 36 41 46 53 14  - 24
  6  3 14  - 21 27  8  - 60 37 19  - 16 43 46  1  -  9 31  -  - 29  - 34 57 52  -  -  - 45 35 40 28 24 42 20 11 54 13 22 10 32 39 58 25  - 51 30 12  - 44 36 38  4  - 18  7  - 23 53
 32 24  - 26 23 52 44 21 19 15 40  -  - 11  - 58  - 20  - 43  - 14  7  5 51 22  1 42  4 13  6 54 34 50 47  - 41 25 27 55 60 12 28  9 29 57 53 48  - 46  8 49 33 59 18  - 37 36 39 35
 43 26  7 47 31 49  - 11 38 12 34 58 15 19  -  9 42  -  1  2 44  6 21 29 36 54 57 50 39  -  - 56  8 17 20  - 13 24 45 14 59  4 30 18  - 60 25 33 22 53  -  - 23 28 32 16 27 55 10 41
 59  - 46  4 58  - 34 56 12 51  - 19 33 30 29 24 37 11  8 20  1  - 48 50 27 35 23 13 10  - 26 15  -  - 60 25  -  7 39  -  -  9  -  - 14  3 54 55  - 32 49 28 45  - 40 31 43 22  - 47
  -  7  2 16 35 13 12 44 58  - 37 52 47 53 59 29 18 57 49 30 50  -  6 20 48 26 21 40 25 27  9  5 19  3  - 36 55 43 24 23 41 42 15 51  -  - 22 38 33  8  - 31 60 10  -  -  -  - 14 32
  3 50  - 10 37  - 46  7 13  - 23 20 36 27 30 11  - 16 42  -  8 56 40 51 17 34 47  2  9 32 12 58 26  1 25 24  -  -  - 59 28  - 57 22 33 52 41 35 53 43  5 44 21 48 54 15 49 45 18 14
 11  - 28 30 57 23 58 36 35  - 24  7 34  -  6 50 12  - 29 14 60 22 10  - 52  - 48 46  - 16 56  1 54 49 31 39  2  3  -  5  -  -  - 45 59 53 21  - 55 33 18 43 26 38 47 42  8 41  - 40
 36  - 56 24 49  - 33  -  5  - 12  - 11 41 14  4 50 35 27  -  - 37 34 21 43 46 15 17  -  3 23  6 32 16  - 47  - 45  - 30 55 54 26 29  - 28 18 42 48  2  -  - 13 22 10 53 58 19 20 57
 22  - 11 12  2 20 24  - 49  -  - 53 18 38 37 26  - 55  - 59 47  - 52 60 44 31 25 43  8 10  - 21 42  9 23 19 58 13  -  6 54 35 33  - 45 50  5 39 46  7 29 56 41 16 36  -  - 32  1 51
 15 52 47 42  -  - 45  - 41 36 26 38 30  -  -  - 49 19  2 29 39  - 31  4 37 40 14 28 50 20 59 10 23 12 58 43  7  9  8 35  3  1  - 60 57 13  - 51  - 11 46  5 34 27  - 32 44 17  - 55
 49  -  - 53 39  - 52  3 18  -  6 21  - 37 13 44  4 56  - 40 33  - 27  7 32 29 54 57 23  8  1 36 58 51 34  - 45 42 41 43  - 15 25  2  - 22 31 11  - 50 60 17 30 12  - 14  - 26 24 20
 52  8 42  2  -  - 56  -  6 58 20 43  -  9 26 33  -  - 45 21  - 53 19 46 25 37 27  7 54 35 22 14 44 55  -  5 60 31 57 28 39 48 59 47  - 23  -  1 38 12  - 24  4 50  -  - 13 51 41 11
 16 33 55 51 38  - 20 52 14  - 28 17 50 48  -  - 13 47 60  - 56 15 12  9 39 30 58 32 18 22 24 46  - 43  -  3 59 27 36 37 49  7 45 41  -  2  -  -  1 23 19 25  6  5  -  -  -  -  - 31
 42 29 31 23 52 58  9  - 34 55  -  -  - 35  - 27 56 12  - 53  - 17 44  -  - 18  3  4 45 59  8  -  6 47 40  - 14  5  - 46  1 20  - 36 15 38 48 41 21 24 26 33 10 11 16 51 57 54  - 25
 35  1  - 34  4  - 50  -  3 11 16 24 59 42 17 15 46  - 25  - 55  - 60 49  - 58 53 38 21  - 27 12  7 29  2 10 54 18 14 32  6 45 51 26  - 19 39 31 40  9  - 13  8 30  - 52 56 20 36 23
 46  -  - 52  9 55 41  - 15 47 25  - 37  - 58  8 28  - 48  - 51  2 38 22 42  -  - 12  - 54 36  -  -  - 30 53 17 39 49 45 16 14 27 43 11  5 59  - 18 56 35  6  - 34  4 19  1 21 13 10
 20 22 57 41  6 42 13 59 56 29 52 12 58  -  - 37  9 51  -  -  - 16 18 43 34 25 50  8  5  2 38 28 14 10 39 21  - 23 17 36  - 49 53  4  -  - 26  7 11 47  -  - 27 44 48 54 35  - 19  -
 19 53 21  3  -  1 30  - 50 20 38 49 46  - 23 45 15 14  7 42  - 60 28 31 59  -  6 48  - 57  - 17 33  -  8 16 37 55 12 58 26 41  - 10 34  - 44 43 47  5  -  -  - 25 51 29 52 40 27  2
  -  9 32 43 15 39 57 49  - 26 55 46  - 28 27 14 25  - 11  -  4 47 13 23  -  - 35  -  6 52 41  - 37 60 44 59 40  -  -  - 12  - 16  -  8 34  - 22  - 18 51 58 24  -  2 20  3 53 54 56
  - 47  - 39 32  - 48  2  - 23  - 25 57 55  8 35 10  -  -  7 26 45 54 37 38 33 42  6 59 36 19  -  -  5 28 46 30 15 34 52  4  -  1  - 17 20  - 13  - 58 14  - 11 29  - 24 22 50 53 44
  - 46  - 28 33  -  -  -  - 45 51  8 10  - 57 25 48 17  - 55 59 41 49 56  4 12  7 14  - 19 21 43 36  - 29 44  - 34 53 13 23 47  - 16 20 11 58 26  5  6 30  - 52  2  3 37  - 60 35 15
 51 27 48 11 54  5 36 16  -  -  1 29 26 58 32 40  -  -  3 37  - 39  4 10  -  7 31 21 33 28 55 23  9 38 24 30 34 20 42  - 44 17  8 50 13 18 14  - 49 57 22 53 47 60  6 45 46 12  2 52
 26 18  - 27 12 40 31  - 46  9 21  5 42  - 28  - 38  -  - 47  2  3 36 39  - 45 17 44 49  -  - 53 41 37 35 29 23 14  - 11 24  - 43  1 52 32 16  - 56 30 20 15 51  8 50 60 34 58  - 33
  - 35 25  - 56 37 21 40 55  -  - 14 12 16 38 36  2  -  -  - 23 11 17 42  5 59 39 19 31 18  - 45  - 58  9  - 20  - 33 53 43  8 49 44  - 48 46 28  -  4 15 30 22  1  7  3 26 47 51 29
 60 25  - 45  -  6 10  - 28  8  -  - 19 12 21  - 11 46 20 26 54  -  5 30 33  -  - 59 14  9 50 29 55 36 49 15 16 22 40 38  - 58  2  - 47  - 37 18 17 31 43 57  7 32  - 44  4 52  - 13
 12 59  -  1 43 54 14 31 44  - 11 34 25 57  5  -  -  - 32 16 35  - 39 40 58 23 19 10 26 46 20 41  - 33 22 45 47 28 37  - 13 27  6 48 56  -  -  8  7  3 17  - 18 21 52 50  9 42  4 49
 38 10 13 36 14 53  - 19 26 48  - 55 45 33 11 54 23 27  - 34 18 49  - 15 16  3 46  5 57 39  - 31  2  -  7  8  - 35 60 20 40 37 56  6 32 21 50 52 42 22 25  1  - 41 59 30 28  9 29 17
 33 20 18 56  -  3 47  4 29  -  8 32  9  2 31  - 16  - 53 46 19 54 58 38 26  - 34 60 37 15 14 51 49  - 50 35 27 48  - 44  -  - 10  7 22 59 23  - 45 41 39 40 12 57  - 11  - 13 28  -
 47 15  - 22 50 57 25 24 48 43  - 54 53 17 16 55 59 60 13 51  -  8  - 35 41  - 45 31 29  -  - 32 56  2 33 11 12  6 30  - 58 39  9 14 40 37 28 49  - 10 42 27  5 46  -  4 38 34 44 19
 57  -  - 20 34  2 32 10  - 56 13 31 14 15 60 51 52 33  - 25 28 50 45 12 23 39 44 35 19  6 18 42 43 21  - 54 22  - 48  8  5 36 24 40 38  - 29 53  -  1 55 37 16 49  -  9  -  7 17 58
 48 58  1 50 11  7 22 35  - 38 43 36 55 59 41 19 29 31 44  5  -  - 23 53 56  8  - 15 20  - 28 34  -  - 14 12  - 10 52 51 33  - 18 30 21 46 40  -  - 13  3 42 39 37 45  2 24 25 16 60
  2  5 16  - 30 43  -  9 23 34 14 18 21  -  1 12  - 54 41 13  7  - 53 47  - 20 29  3 46 11 57  - 24 42  6  - 38 36  - 48 15 51  - 33  - 10 19  4  - 49 32 45 40  - 25 35 50 59 31 28
 28  -  - 48  - 17 38  - 22  2 53 30  1 52 51 18  6 34  - 24  9 44 42 55  7 60 12 36  - 58 25 39 40 57  5 41 33 19 10 50 37 29 32  3 16 54  8 45  - 35  - 20 56 15 21 27 14 31 43 46
 24  - 22 19 18  -  7  5  -  -  2 40  4 32 20  - 17  - 57 23 43 34  -  8 31 10 16  9 36 42 37 27 48  - 56  - 26 44 46  - 25  3 41 49 12 39 38  - 35 59  1 60  - 52  - 58  - 28 21 54
  -  - 49 14 22 35 37  -  - 46  -  -  6 54 43 48  - 13  9 19 40  7 55  2 30 36 26 39  - 31 10 11 38 44 45 23  -  -  3 21 29 18 47  8 41  -  - 17 50 25 59 12  - 53 28 57 42 33 15 16
  1 37 23 31  -  - 19 34  9 21 46  -  - 14 42 59 43  6 54 44 30 18 51 28 55 49 40 53 24  5  4 57 17  - 32 56 36 33  - 60 50  2 29 13 48 45  3  - 25 16 11 22 58 20 35  - 10 38  8 26
 40 21  -  -  - 11  - 23 42 27 31  9  -  -  2  - 22 58 14 28 48  - 33 19 45 47  - 26 43 30  3  - 15 25 57 18 50 12 20 41 17  5  7 34 36  - 55  6 60 38  -  -  1 35 24 49 29 39 37  -
  - 45 40  - 53  - 42 46 37 60  - 10 54 49  - 23 57 39 17 12  -  - 16 25  8 41  -  -  - 47  2 52 50  - 15 27 51 11 28  - 22 13  - 21  -  9 34 19 24  - 56 55 59 26 20  1  -  6  - 30
 23 19 20  6 47 10 55  -  -  - 27 45 35 46  4 42 51 29 28 57 16 26 24 48  - 11 22  - 56 37 54 30 12  -  1  -  - 21  7 49 14 40  5 31 60 15 43  -  8 39 36 34 17 58  - 38  -  3  -  -
  - 49 37 58 17 25 15 28 47 14 29 16 52 24  3 10 41 26 40 18 53  - 22  6 19 13 30  -  1 34  -  -  -  -  -  9 21 38 11  -  2 46 60 20 31 42  - 59 44 51 33  8 54  - 39 55  - 35 32  5
  5 42 24  9  8 36  1  - 21  - 47 37 39 29 53 20 34  - 33  6 13 12  - 59 49 55 52  - 51 60  -  -  - 46 17 57  - 50 26 18 32 56  3 15 35  - 45 27 23  - 40  7 25 54 58  - 19 10 22  4
 18 34 43 35 60 26 11  - 59 17 30  6  5 44 36 49 53  -  - 50 24  - 32 45 29 16  2 33  - 41 42  -  -  4 54  1 25 58 23  - 31 52 13 27 46 12  7  - 51 40 10 14  3 55 15 28 47 48 57  -
  9  -  8  -  - 24  2 53 25 30 45 60  -  6 56  -  - 15 23 49 36 58  3 41 22  1  -  - 17 12  -  -  - 35 13 48 43  - 55 34 57 21  4 52 26 16 33  5 27 14 54 47 31 39 42 10 20 18  -  -
 55  - 30  - 44 31 60 57  4 33 58 59 22 50 19 39  -  8 46 27 52  1 11 54 21  - 18  -  7 25 13  2 35  - 37 32 10  -  -  - 53 28 42  5 51 40 20 29 26 34 12  - 43 45 49 36  - 16 47  -
 29 14 41 49  - 60 53 37 43  - 18 47 38 13 54 17 31 52 50 58 34 42 59 57 15  9 10 22 35 40 39  -  - 11 48  6 28 32  5 16  - 26 20 24  4  7 27 12 19  - 45 23 36 56  1  - 33  2 46 21
 21 36 12  -  - 59 16  - 30 28  - 11  -  7  9 57 14 40 39  1 15 10 37 26  3  - 13 47 44 24 58 22 60  - 41 33 48  - 32 54 18 34 19 53 43 27 49  2 31 52  4 35 50 23 56 25 17  5 42  6
 31  2  -  -  3 15  - 33  -  5 41  1 20 21  -  7  - 37 24 10  - 32 35  -  - 48  8 16  - 23 11  -  - 40  - 55  -  - 54 57 56 44 52 17 53 29  - 36  -  - 47 46 42 13 30 59 45 43 38 50
 50 13  - 21 29 44 51 43 39 10 54 33 56  - 55 53 36 59 16 38 31 30 57 18 46 42  -  - 32  - 40 35  - 34 19 52 15  4  1 27  9 60  - 23 24  8 17  -  - 26  7  3 14  6 22  5 41 49 48 12
 45 51  5  - 24  4 49 26  - 31 32  - 48 25 10 38 39 44 15  - 41 27 14 36 53  - 43  1 52 29 33 60  -  - 12 28 56 57 35  3 42 30 21  -  7  -  2 23 59 20 58 16 19 40 55  6 11  -  9 18
 34  - 33 57 36  - 27 12 45  1  5 23 32  -  -  - 58  - 52 31 42 25 30 44 20  -  - 37 47 14 16  -  3  8 10  - 24 60  4  - 48 53  -  - 49 56 35  - 41 21  - 29 55 18  - 43 51 46 59 38
