2880
 30  - 42  4 40 37  -  -  2 59 52 29 54 36 27 34  -  5 49 31 41 16 55  - 58 56 47 43 15 60 14  - 22 32 24 25  7  - 45  - 13 20  - 18 44 48 19  - 38 35 57 51 33  3 12 50  1  8 21 28
 16 52  - 37 21  - 35  7 28  6 49 10  - 44  -  8 26  - 60 19 23 34  -  1 36 13 38  -  -  - 33 18 27 15  - 57  - 59 47 39 12 41  - 42  - 40 48 58 30 32 14  - 20 24 11 43  9 31  -  -
 49  3 29 32 58 39 14 40 60 45  - 53  -  -  - 48 46  4 18 30 13 19 41  - 11 25  1 38 34 17  - 52 24  8 28 15 44 33  - 56  - 55 16  5 57 12 35  - 54 22 23  - 10  7  9 51 47  -  6 36
  - 41  - 26 13 23 54 18 20  - 39 43  1  - 57 40 10 51 36 16  - 25 35 24 31  7  5 30 52 29 49 11 38 19 21 46 45  -  8 37 33 15  2  3 59  6 56 48 12 34 17 28 27 50 55 32 53  9  -  -
  - 60 18 25  7 51 28 22 38 23 10  6  9 13  2 15  - 16 47  - 30 35 57 12 53 31 33 14 41 27 43 40  8 29 37 24  5 58  - 36  4  - 26 48  - 46 39 20 49 56 34 42 21 45 52 19 50  - 55  -
 17 12 39  9  - 59 44  - 36 49 32 37  -  8  - 22  - 53  - 38 52 18  4 54 41 42  - 33 29  -  -  5 16  3 31 30 35 26 48  -  7  - 21  -  -  1 45 34  -  - 58 11  - 10 27 46  - 23 25 20
  - 50 49  - 36 57 31 15 58 21 23 44  - 26  - 29 28  - 55 10 48 46 60 41 18  - 27 24  -  9  -  3 45  -  5  - 33  - 30  - 35 32 22  - 43 25 54 56 53 14  7 47  -  4 39 34 16 59 13 11
 58 35  - 45  6 25 43 59 15  -  -  4 31 49 42  1 60 44 48  -  - 10 40 23 32  - 36  - 20  - 13 50 46 52 19 29  - 12  -  - 28  7 30 51 47  - 53 39 26 27  5 37 11 22  - 33  - 18 17 38
  - 21 46 29 12 35 30 28  - 32 38  1 18  -  - 16 23 19  7 41 39 31 59  6 25 34 10 37  - 52  5  -  - 57 15 58 26 56  - 55  2 47  8 53  - 54  - 50 36 44  - 43  9 13  - 49 24 11 14 33
 55 15 57 19  3 29 23  - 44  - 12 11 13  - 33 43 34 45  5  7 40 41 51  - 20 48 39 25 36 35 46 31 32 22  1  9 47  6 18 54 37 10 59 49 24 38  2  -  8 21 60 27  4 16 17 26 58 52  -  -
  - 59 52  - 30 11 21  - 49 15 25  -  - 53 56 12 32 60 27 45 55 20  5 58  7 54 18 13 42 10 37 22 17 43 16 26  - 24 35  -  3  - 31 34  - 14 29 19 48  8 36 46 39 23 44  - 41 40 38 50
 21 31  - 34 17  - 37  -  3 44  - 42  -  1 50 49 13 58 16 18 43 29  - 22 39 59 57 35 11 20  8 27 60 14 33 54  - 48  9 19 40  - 56 12 10  - 30 38  4  5 53 45 51 26  -  - 23 15 41 52
  9 46 38 47 15 18  - 27  -  7 50 36 20  - 22 35  -  - 59 55 31 56  -  3  6 32 30  -  8 16  2 23  5  - 14  - 12 42 11 33  - 13 51 39  - 10 17 52 43 40 41 53 60 34 49 29 28 54 58 24
  3 37 35 21 31 17  2 29 16 52 14 49 36 32 38 59 53 42  6  1 12 45 13 11 40  - 41  -  - 22  4 25 19 39 48  - 60 27 34  7 47  9  - 46  8  - 50 54  - 26  - 20 57 58 51  - 44 24  -  -
 60 53 59 49 23  -  - 11 56  4 30 17 55  - 14 20 31  -  1 28  - 58 44  -  - 46 16 52  9 51 18 29 40 24  2 35 36  -  7  6 26 39 10  8  - 37  3 47 57 50  - 19  - 41 45 25 27 13 12  -
 51 48 55  - 27  8  - 21 50 17  7 45  - 20 13  6 24  - 22 12 34  -  - 16 37  5  4 23 39 49 35 58  - 56 40 60 15 32 26  1 59 29 54 30 11  3 44 18 33  9 25 36 38  - 41 10 14 43 19 47
  6 14 27 57 35  3 50 17  9 36 21 41 28 43 20  - 19  1 44 52 18 26 12 33 15 60 59  - 51  - 53 56 47 16 45 39  8 34 58 40 30  2  -  -  4 49  - 32 24 13 46 29 54 38 42 55 10 22  7 37
  - 32 41 24  - 56 40 20 35 30 13 28 37  - 44 23  9 55 57  -  - 50  -  5  2 52 60  7  - 47  - 49 10 21  3  -  6 11  - 29 58  1 53 14 16  -  -  -  - 39  - 22 15  - 43  4 38 42 36 46
 50 39 30 20 57 58 10 54 17 27 37  - 15 42 19 26  - 43 24 53 32 13  6 40 22 44 55  4 21 33 28  1  3 31  -  2 49 51 12 41 25  8 38 47 48 56 11 14  7  - 45 16  5 29  - 59 35  -  -  9
 52 36  1 40  9 50  - 51 41  - 31  -  -  5 60 33 59 13 32 47 44  -  8 38 24  - 19  -  7 15 45  2 26 54 22  6 27 29 10 28 16  - 14 37  - 53 34 43  - 25 48 55 58 39 35  - 46 21 56 42
 10 24  - 27 19 43 56  - 53 18 51 26 23 34 54 55  5 52 13  - 50 59 36  4 45 17  - 39 16 41  3 12  - 58  6 40  9 57  - 14 32  -  1  7 22 44 38  - 46 31  8 33  -  2 15  - 11 29 37 30
 43 57 23  3 53 24 51 14 22 39 28 46 48 41  - 38  - 49 33 59  - 40 26  2 42  6 13 55  -  8 50 36 44 37 17  - 32 31  1  - 54 58  - 11 25 21 18  -  -  4 20 56 52 27  5  7 60 47  - 35
 18  -  - 56 44  - 16 42 52 31 15 33 38 37  7 19 58 54 14 50 27 17 30  - 21  1 40  2 13  5 23  9  4 55  -  - 41 53  3  - 60 11 48 36 28 29  6  8 22 46 32  - 26  - 24 57 49 45  - 25
  -  -  - 54 56  - 47 50 13 51 40 59  8  - 52  - 38 41 46 26 28  -  - 42 35  4 15 53  2 11 10 30 55 60  9 31 14 37  5 12  1 49  -  - 27  - 24 17  - 48 18 34 45 21  7 39 32 57 20  -
  4  -  - 38  -  5 34  1  - 54  - 24 39 31  - 47  - 23 11  -  8 60  2 48 10 22  - 17  -  - 36 19 18 51  - 16 56 20 15 21 43 59 50 13 53 26  7 55  -  -  -  - 35  - 28 44 57 12  - 40
 15 33  5  - 24  1  - 43 18 53 47 14 56 48 49  - 36  - 20 57 58  - 34  - 50 10 12 40 23  6 60 46 28 27 13  - 38  7  2 59 51 42 19 31 21 45 37 29 44 16  9  3  - 52 22 30 39 41 26  8
 12 54  - 10  - 16 46  9  -  - 48 38  - 30 26 11  4 21  - 29  -  - 19  -  - 36 14 50 44 55  - 33 34 28 42  - 40  2 41 20 23 18  6 17 39 47  - 57  3 60 51  -  8  5 56 53 59 37 45 43
 23 20  - 43  - 31  - 19  7 57 58  9 11 16  3 30 52 24  - 17 35 33 48  -  - 15 45 47 28 37 27 51  1 46 26 36  -  5 22 60  - 44 29 32 42 59 25  2 18  -  6  8 40 56 21 12 13 50  - 10
  - 30  -  5 59 22 27 13 23 60  -  - 10 38 39 54 18 32  8 21 25 36  -  -  9  -  -  3 47  4  7 45 14  - 56 49  -  - 20 15  - 33 40  -  -  - 26 51 11 37 24  1  2 43 19 58 48 44  -  6
 24  - 14  7 50 42  - 58 39 41  6 21 47 29 30 45 16 25  - 56 33 54  3  - 59  - 11 34  - 32  - 20 43  5 46 23 22 10 40 38 15 35  4  -  1  - 51 31 19  2 26 49 55 44 36 48 37 28 60 12
 13 58 33 18 26 36  - 38  8 34  3  - 14  - 51  - 55 35 56 43  - 22 10 15 52 49 46 44  - 53  - 21 37  9 23 45 54  4 50 42 20  - 25  2 17  - 27 41 28  6 16 39 47  - 57  -  5  - 30  1
 40  1  - 30  -  -  5  3  4 19 41 16  - 60  - 46  2  8  - 44 36 42 17 57 13 11 26 28 32 56  - 15  - 49 53 48 55  - 14 18 45 27 39 52 58 31 43 35  9  - 12  -  7  -  6  - 29 25 33 34
  8 27 36 28  5 32  -  - 11 22  - 25 58 17 21 39 51 47 53 34 37 55 16 19 30 18 29  -  6 43  - 44 57 41 20 59 23  3 56 10 42 26 35  -  - 13  - 46 40 52  -  4 48  1 54 45 31  - 50  7
 39 13 15 17 37 53  6 32 47  2 60 22 26 35 43 41 50 29 30 51  - 28 46  - 44  - 52  5  -  1 56 34  7 12 27 19 57  8  -  - 18  4  9 33 45 42 31  3 58 59 11 48 16 55 38 40  - 49 23 54
 48  -  -  - 45 27 32 10 24  3 43  2 41 56 18 44 14  6 12 33 57 21 47  - 55  -  7 22 31 19 30 26 51 35  - 17  4  - 49  -  8 25 20  - 34  - 23 28  - 11  -  5 59  - 13 54 15 60  - 58
 38  5  7 14  - 54 55 12  -  - 18 52 60 58  9 17 29 59 25 48  - 27 49 36  8 39  6 41 35 13 15 10 42 45 32 51 24 19 46 26  - 40 57 22  - 43  4 37  - 28 56 44  - 33 53  - 21  1 11 16
  7 38  8 50 39 60 57  - 40 58 22  - 45 25 46  3 49 18 42 20 54 23 27 56 12 16 43 10 24  - 48 41 35 44 59 28 11 52 21 17 31 30 47  -  9 19 14  6  1 33  2  - 29 53 34  - 51  4  - 32
  - 19 20  -  - 45  -  - 37 25 44 54 50 51 29  -  6  -  4 60 24  9 38 14  3 12 31  8 30 40 39 59 36 11 34 56 42 15 16 43 27 46 52 21  -  5 58  - 35 53  - 41 17  -  -  -  2 33 49 55
 19 16  - 52 54  2  -  - 42 20 34 57  -  -  5 37  -  -  -  - 47 30  - 51 29 26  8 27 17 25  - 39 15  4 43  1 58  -  - 31 22 14 32 35 60 11 46 13 21 18 50  7 23 48  - 38 36  - 28 41
 54  - 43 59 55 20 19  -  -  -  8 34  -  - 28 27  1 56 58  - 22 53 23  -  -  - 51 11 57  - 38  - 33 30 36  5 18 50  - 25 46  - 41  6 52  - 49 12 16  -  - 17  - 31 60 14  -  - 35  -
 36 49  - 48  - 46 42 35  - 40 16 58 19 24  - 14  - 31  - 11 26  6 43  - 51 50 21 18 33 38 22  4 20 47 55 41  3  - 53  - 52  - 27 56  5  -  1  -  -  7 54  9 28 37 59  - 12 10 34 23
 22 56 17 33 28 19  - 31  - 43  - 13  7  - 58  9 20  - 29 46 38  - 37 39  -  - 53  -  - 36 57 24  6  - 18  8 30 35 25 27 44 48 42 59  - 16 47 45 32  - 55 15 12  -  4 60  -  5  2 26
 56 51  2  8 43 33 12  5 59 26 45 40 22 14 36 52 57 34 15  - 29 32 24 55  4  - 37  - 27 46 21 28  9  7 35 53 48 38 39 47 50 17 11 25  -  -  - 10 23 30 13 18 42 60 16 41 19 58  -  3
 33 22 10 51  - 49  -  6 29  - 17  - 30  - 16 13  -  2 37  3 21  - 54 26 19 45 56  9 38 24 12  8 41  -  4 32 59 28 36 34  - 31  7 23 15 20  - 60  5 58 44 52  - 25  - 11 55 39 40 53
 31 26 45 35  - 48  9 55  - 42 53 23  - 46  1 56 41 33  -  - 14  - 32 44 43  -  - 16 37  7  -  6 29 34 49  -  - 40 51  4 11 54  - 10 36 18 13 59 52 57 47 24 25 28 30  2 17 38 27 19
 26 29 28 36  - 44  3  -  - 13 55  - 35 21  - 25  - 27 40 39 17 12 11  8 46 57 22  - 10 18  -  - 52 33 30 37 16 14 60  - 38  6 23 58 56  7  5 24 51  -  -  - 34 32  -  - 20 19  - 15
 20 42 22 60 11  -  4 16 25 47  - 18  -  - 34  - 15 40 19  - 59  - 56  - 48 23 50 45 53 44  1 32 31 17 12  - 10  -  6  9 41  5 24 27 54 35 28 30  - 43  - 26 13  -  -  8  7 55 29  -
 45 34 32 46 16 26 52 47 30 10  2  8 51 55 17 28 33 20  - 14  4 37 15 29 27 35  - 31 50  -  - 60 49 59 25 21 43 13 44 23 19 38 18  -  7  9 40  -  - 36  -  - 24 57 58 56  6 53  1 39
 59  6  - 15 22  -  8 46  -  9  - 31  - 40 35  -  - 28 43  -  -  - 18 20  5 51 48 29 56 26 16  -  - 36 50 38  - 49 54 45 53  3  - 55 37 41 10 33 42 19 52  - 44 17  - 21 34 30 57 27
 47 44  -  -  - 34 39 41 10  - 36 48 32  2 11 57 22 50 28 54  - 24 42 43 16  -  - 12  - 31 59  - 25  - 60  3 19 30 27 46 29  - 33 45 23  - 52  7  6 51 38 21 49 15 37  -  4  -  - 17
  -  8  3 13 33 41 24 26 27  - 59 15 12 11 48  7 54 38  - 35 56  4 22 25  - 21 20 32  1 42  - 53  -  - 39 34  - 55  - 50 17  - 45 44 31 58  -  -  - 49 37  2 19  9  -  5 40 46 47 60
 34 40 56  - 41  9 33 36  - 50 27  5 21 10 55 18 17  7 45 13  - 38 52 46 14 19 44 60  -  - 58 48 23  2 29 12 31  - 37 16 57 43  3  4  - 30 22 11 25 47 42  -  6 20  - 15 26  -  8 49
 11  -  6 23 38 40 41  -  5 37 33 30  -  - 53 10 35 46 21 22  -  - 14  9  - 58  2  - 60  - 32  - 13 48 47  - 39 18 52  - 34 28 17  1 55 36  8 49 29  - 27 54 31 59  -  -  3 56  4  -
  -  7  - 12  -  -  - 56 43  -  - 39  - 28  - 50 47 11 31 40 51  8 33 59 54 30 17 20 18 34 24 16  - 23 58 10  -  - 42  5  9 22 44 57 32  -  - 53 41 15  -  - 46  - 26  - 25  2  - 29
 28 43 51 11 29 30  7  - 46 48  5 56 59  3 41 53 27 14  - 37 60  1  - 50 17  8 23  -  - 45  - 47 12 18 10 20  - 44 32 13  6 57 55 54 40 15  - 22 39 24  4 38  - 42 31  - 52 16  -  2
 42 45 25 58 51 38 20 44 12  - 29 55  5 18 59  - 21 22 35  - 11 15 53  7  - 40  -  6  3 28 26 37  -  - 52  - 17 47  -  2 39 16  - 41 13  4 36  - 60  1 30 14 43  8 50 27 56 34  9 48
  5  9 21 55 25  6 60  - 26 24 11 35 53 45 32  -  7 39 50 23  2  3  1 31 56 47  - 49 46 54 19  - 30 13 44 33  -  - 57 51 10 12 58 38 18 34 42  - 59 17 29  - 14 36 20  - 22  - 48  4
  - 18  9 41 46 52  - 57  -  -  1  -  6 15  -  4 48 37  - 32 45  5 39 13 34 53 42 56 19 14 25 17  - 26  - 47 51  -  -  - 55 24 28 43  - 50 60 40  2 23 49 10  -  -  - 20 30 35 54 22
 14 28  - 22  8  - 58 34 33 16 24 50  3  -  - 51 43 12 54  4  6  - 20 53 60  9  - 15 25 39 17  - 59 10  -  7 21 41 55 49  - 52  5 40 26 23 32 44 37 29 35 30 36 18 47  -  -  -  - 31
  1 10 13 16 34 12  - 60 55  5  4 47 29 27 31  2 30 36 38  - 49 39 45 18  -  - 32 58 40 59  -  7 21 50  8 11 52 25 43  -  - 51 46 28 14  - 57 42 56  3 19  6 41  - 33 37 54 20  - 44
