2880
 16 28  - 48 51 18 59 43 44 50 31 23  - 24  7 22 49 14  6 11  1  - 37 30 52 25 39 17 32  - 60 54  -  - 42 55 45 38 56  4 40 41 10  9 53  - 21 13  5  - 27 35  8  -  3 19  - 33 34  -
 12 52  - 27 44 46 33  1 42 48 57 37  3 34 28 24 53  - 10  7 60 26 32 50 31  8  - 56 15 23 22 30 11  2  - 49 59 39 54  6 16 38 45 14  - 13  - 35 58 51  - 55 36 47 43 18 17 19 40  9
 29  - 51 13 57 58  - 39 37 45 14  3 18 15 56 42 10  -  7  4 23 31 17 59 35 48 26  -  - 54 27 52 53 50 46 22 20  - 32 11 41  6 55 19 38  - 24 33  9  - 34 43 40  - 28  2  - 30 16 36
  7 22 50  -  -  8 56 44 51 29  - 12 55 54 19  4 21 60  - 28 35  - 42 53 13  -  5 24  - 59 32 26 18 23 31 27 43  - 39 37 45  9 14 20 41 17  - 47 10 15  3  -  - 16 52  -  - 36 25 34
 31 25  5  - 18 28 30 56 48  7 11 59 49 36 51  3  -  - 43 52 13 53 40  2 54 22  6  -  1  -  8 20 42 15 35 32 39  - 37  - 23 29  -  4  - 50 17 41 47 34 10 33 38 44 60 27 58 12  - 24
  - 17 12 59 23  3 48 33  - 16 39 15  1 31 54 25 24  -  5 58 56  2 20 14 45 10 44 53  -  4  - 51  - 22  - 36  -  -  9 28  - 47 46  8 19  - 55 50  6 26 52 11 49  -  -  -  - 40  -  -
  1 13 54 39  - 52 41 42  - 10 58  - 38  - 14 23  8  - 31 46 29 24 47 55  6  5 27 40 34 21 18  - 49 30 11 53 25 26 28  - 19 17  - 33 59 36 32 44 56  - 16  9 15  4 48 51  2 37 43 57
 27  - 38  - 24 14 50 17 46  - 13 60  9 47  3 56 35 36  -  8  7 16  - 15 18 21 29 28  - 31  2  -  4  6 22 11  -  -  -  - 34  - 30  - 40  - 54 51 42 19 33 59  - 45 12  - 52 26  - 53
 49  1 18 30  - 23 21 40 56 60 53 42 20 26 16 29 54  9 34 33 22 25 50  4 38  7 51 43  8 45  3 17 10 47 57  - 58 41 44  - 46  - 31  5  6 37 19  - 55 48 59 36  -  2 27 14 39  - 32  -
 13 34 21  6 52 39  8 46 57 53 56  - 36  7  -  - 60 16  - 42 27 29  - 43 59 47 20 44 17 37  - 38 15  9 32 28  - 10 55 26  - 35 58 51 12 31 23 49  2  -  1 50 18 25 33 48 45  - 41  -
  -  - 44 34 22 25 42  6 33  - 19 53 60  -  -  - 23  -  - 36  - 55 14 57 28 15  - 46  - 49 39 47 54 38 30  7  9 35 45  8 48  5  -  - 24 58 43 18  1 21 11 41  4 17 50 20 10  -  - 29
  -  6  -  - 55  - 27 45 40 15 59  9 16  2 23  1 37 34 57 13 39 50 44  - 19 30 35 54 56 42 33 10 20  8  4  3 32 47 38  - 12 49 21 26 18 41  - 29  - 28 48  7 60 22 58 46 53  - 31  5
  9 58 31 10 56 11 12 29 27  - 36  - 42 17 41 34  - 48  1 18 46 13  - 20 57 49  - 52 26  6 54 19 16 55 53 59  -  7  3  2 39 24 47 25 43  4 44  - 45 32 22 40 30 28  5 21 60 38 51  -
  -  -  - 21 20  5 47 10  - 14  - 54 33 51  - 41  -  2 55  6 37 15 53 18 44 36 12  8 42  3 46 49  -  -  -  -  -  -  - 57 25  1 43 58 13  - 28 23 50 29 17 34  - 39 59 40 11 35  - 32
  -  -  -  -  - 51 58 31 23  8 10 50  -  -  - 37  -  3 59  - 47 57  7  - 26 13  -  -  9 33  -  - 17 46  - 56  -  -  4  - 35 11 16 54 60 27 41  -  - 14 20  5 55 29 24 44 36 53 30 28
 19 10 11  - 28  -  - 14  -  - 30  6  8 22 20 54  - 24 27 29  -  - 34  9  -  3 32  - 31  - 51 48 46 35 26 37 60 57 50  - 15  4 59 18  1 52  - 45 23  2 42  - 17  5  - 25 38 55 56 21
  - 33  -  - 46  - 17 58  2 24 42  - 25 18 48 55 27 40 54 49 12 44 28  7  3 32 38 23 20 41 45 57 35 53 50 21 37  -  5 19  -  8 22  6 10 16  - 15 36  4 31 47 11 60 26 39 43 34 59 30
  8  7 15  - 19 40  -  -  6 42 27 29 58 32 45 52  - 18  - 41 38  5 48 47 17 20 55 50 28 16 35  2 34 60 37 13 14 22 31 25 56  - 23 36  3  -  9 11 26 53  4  -  - 49 30 54  1 59 33 51
 17 11 25  8 34 30  7  3 54  5 18 51 12 20 21  - 32 41  - 50 14  -  2 19 36  - 24  6 47 58 52 16 23 43  9  - 29 27 22 31 60 28  - 35 42 55 39  - 38 45  - 13 48  1 37 57  -  4 15 10
 37 29 47  - 12 53 60 30  - 11 15 10  - 46 35  -  -  - 21 25 50 48  3 41  - 34  8  - 14 44 57 43 45 27 58 26  - 24 20 42 13 19  2 22  7  6  1  - 49  -  -  - 33  - 54 59  5 23  9 56
 47  -  - 50 42 29 13 49  3  6 17  - 35 44 24  - 41 33 51 22  8 39  - 25 55 11 45  -  5 12  -  -  - 56 16 48  - 60 21 10 20 32  - 31 14 26 40  9 59 54 19 57 53 58  -  4 23 52 18 46
 43  - 35 18 50 36 19  8 47  -  2 58 21  - 32 60 29  - 15 31 28 37 59 45  - 26 34 11 57  - 55 40 25 39  5  - 10  6 51 54  1  3  - 42  - 46 30 53 17  - 24 27 44 56 38 12 16 14 13  -
 30 48 37  -  6 35 36  - 45 33 24 21 51  3  2 15 42 59 58 57 26 17 27 12 23 38 31  9 50  - 20  8  -  4 49 41 47  5 19  -  - 55 53 16 22 54 56 52  - 18 44 25 32 46 29  - 40 43  - 39
 57 12  9 29 59 32 18 41  - 13  - 27  -  - 11  - 17  - 45 53  -  - 56 26 37 46 49  - 44  7 48  3 22 20 28 30 52  4 33 15 31 50  - 55 23 38 14  8 34  - 51 24 39 40  1 58 35 42 21 54
 38  - 42  - 43 41 29 48  9 27 54 22  - 30 58 40 47  4 17 35  3  - 10 44 49 51 14  - 24 39 50 53 32 12  -  - 11  - 23 13 28  - 56 59 33 25  -  2 57 36 45  -  6  - 19 55  8  5  -  -
 22 43 60  1 29  -  4  -  -  3 49 33 17 50 26 35 40 39  -  - 55 23  - 16 30  2 25  - 48 57  - 15 19 51 18  - 46 36 11 45 42  7  8 32 52 53  - 56  -  6 13 12 28 10 21  9 14 44  - 59
 48  5 33 51 27 22 45 26  -  9 38 16 53 11 40 19 34  - 18  1 58 30 43 17 46 54  4  2 41 10 37 24 39 14 44  8 57 32 12 55 47 52  - 56 29  7 25 28  - 60 50  - 59 31 23 15 21  3  - 20
 32  -  - 24 14 10 20 23  - 39 40  - 37 28  - 36 22 25 50  - 17 60  -  6 16 45 11 31 33 48 42  1 21  5  7 58 12 44 53  - 59  2  9 29 30  - 13  - 27 56 15 46 34 35  4 38 51  - 19 52
  - 41 16 45 36 49  1 59  4 34  - 38 39  -  -  -  -  -  - 27 48  - 11 10  -  - 57  - 23 51 13  6 37 33 54  5 24  2  -  -  - 43 17  - 31  9 52 19 29  - 14 42 12 53 40 35  7  -  - 15
 55 46 30  - 37 26  - 12 28  -  - 20 54  - 18 49 59 50 29 34  -  - 57 23 32  9 21 36 13 22 47 27  8  - 33 25 35 51  6 56 52 53  -  2 48 60 11  1  3 58  5  - 45 42  - 24 31 16 39 43
 60  - 59 26 45 50  5 57 29  4 43 55 44  - 10 28 20 21 49  2 36 11 19 52 41 14 56 13 58 32  - 25  - 34 12 54 18 33 24 51  6 16  1 40  -  8  7 38 48 22 23 30 27 15 39  - 42 17 37  3
 40 32  - 57  1 48  -  4  - 58 21  - 26 41 53  5 36 45  -  - 59 22  9 35  -  - 19 10 54 52 11 31 51  - 25  -  -  8  - 30 37 18 12  7  - 29 20  - 24 33 39 28 14 50 13  - 44 56 60 42
 20  - 55  - 11 56 57 32 26 47 12 19 48  4  1  6 13 43 16 15 52  - 24 49 50 59  - 21 38  9 36  - 14  7 45  - 44 23 34 53 17  - 25 46  5  2  - 10 33  3 28  - 58  - 31 37 18 39  - 40
 25 21 19  - 16  9  - 11 15 37 45 14 43 38 22 59  - 42  -  -  - 10 55 28 12 52 58 34  - 53 23 44 56 36  1 46  - 49 60 35 18 39 13 17  8  3  6  7 51 27 29 26 24 54 20 30  -  2  -  4
 42 19 45  4 10  -  9 52 20 44  - 11 59  - 12 27 38  - 36 32 51 43 23 22  7 57  -  1 25  - 24 56  3 29 60 33  - 16 41  -  - 30  -  - 34 15  2 31 54 40  - 21  - 37  - 49  - 47 55  -
  -  -  7 37  5 34 28 27 38 18 20 24  -  -  -  -  -  -  -  -  4  - 51 39 43 35 33 16 45  2 26 14 55 32  - 40  -  - 17 48 10 60  6 53 49 22 31 21 46  -  - 54  - 11  - 29 41  1  8  -
 39  -  - 28 35  -  -  - 41 59 23  2 27 12 43 48 11 15 37 30 42 18 33  8 21 60 13 22 53 24 58  -  - 49 36 34 31 56 40 14  - 44 51 57  -  -  -  3 19  5  - 20 25 26  -  -  - 29 50  1
  6 18 26 55 53 44 49  - 31 41 22  - 46 21 42 38 58 54 33 17  - 36  8  - 25  - 60 14 16 27 19 34  -  - 15 20 40 30 59 39  9  -  4 12 11 47  - 37  7 10  - 51  2 24 35 52 57 28  5  -
 44 57  4 20  9 15 16 55 49 28 51 13 52 35 25 58 50 53  - 59  -  - 41  -  2  -  -  -  - 14 56  5  1 45  - 17 38  - 18 36 33 37 34 24 54 12 46 42 30 39 21 60 31  3  -  7 47 10 29 11
  4  9  - 22 41  - 24  - 19  - 48 34 30 60 55  - 25 20 28 23  - 21 49 13 10  1 42  -  6 17 43 36  -  3  8 31  5 50 35 47 58 56 54  -  - 32 51 14 37 38 12 53 16 52  - 26 46 18 11  -
  -  2 39 54 32 55 25 47  7  - 41 43 57  -  9 18 44 28 26  3 40 49 30 11 60 37 46 33 36  - 34 35  - 52 59 10  4 19  -  5 50 14 24  - 21 20 22 16 12  - 56 48 42 38 15  8  - 13 23  -
 14 35  3 43  - 57 37  9 36 22 29 17 31 16 52  8 18  - 39 38  -  - 60 58  5 33 59 27  4 13  - 55 47 42 23  2  7 28  1 24 44 15 48  - 51 19 50 34  -  - 53 32 54  -  - 11  - 21  6 49
 11 38 10  - 25 59 53 50 16 31  1 36 28 29  - 14  3 56 52 40 15 46 22 60  8 58 41  -  - 43 17 42  -  -  -  - 19 45  - 18 51 27  - 13  - 21  - 55 44 24 32  6 35  7 34  -  -  - 49  2
 24  3  6  7 17 37  2  5  - 21 46  -  - 40  - 43 19 38 44 48 41  -  1 29  - 12 53 32  - 11 59  9  -  -  -  - 55  - 57 50 49 10 28 47  4 30 60 39 14  8  - 52  - 23  - 36 27 54 20 45
  5 44 57 46 38 27 15 21 35 17  - 31  -  -  - 47 52 30 22  - 19 42  - 33 24  -  9  - 11  - 41  - 36 48 40 43 49 12 58  1  - 45  - 39 55 51 10  4 16 37 25 56  7 13 14 53 29 20  2 60
 33 40 29 38  - 45 31  2  1 51 34 25 13 56  -  -  - 58 41 16  - 52 26 21 20 24  - 12 46 19 28 37 60 17  3  9 48 43 27 23 32 42 49 15 36 59 18  5  4  - 57 39 47  6 10  -  -  8 53  7
 45 56 40 12  8  1 39  7 14 23 26  4 47 59 30  - 33  - 24 60 25  9  -  - 42 18 52  5  2  - 53 28 13  - 21 35 22 15 29 43  - 54 20  - 44 34 36 27 32 57 41 49 46 48  - 16 50 58  -  -
  - 42  - 56  - 47  3 28 11 32  7 49  4 52 31  - 30  - 53 12  2 38 58 34 40 50  1 35 21  5 14  - 41 13  6 60 27 17  8 44 29 20 37 23 46 45  - 26  -  - 43 15 51 36 25 33 55  -  - 48
  - 37 46 49 30 42 22  - 43 36  6  - 19 39 15  - 31  - 14 45  -  7  5  1 56  -  - 55 59 18 21  -  - 28  - 57 41  9 25 29 38 23 50 60 47 44  4 40  - 52 26  -  3 12 16 34  - 32 35 17
 58 30  -  - 54 38 52  -  -  -  3  - 40 53 36  - 39 49  4  - 21 28  -  -  -  - 23 57 55  - 44 32  5 26 13 45  - 37 42 27 14 12  -  - 25  1  - 22  8  - 18 29 43 19  7  6  - 60  -  -
  - 60 27 14  4  - 51 34 30 20  -  1  5 48  - 32 43 55 42 54  - 45 16 40 58  -  - 47 19 25 31  -  - 37  - 24 36 52 49 46  2 13 39 44 56 57 12  -  - 23  7  3 21 33 18  - 26  - 22 50
 15 55 49 32 31 16 34 36 24  1  4 26 14  -  - 50 28 52 11  -  - 56 29  3 33  6  7  - 27  - 25 39  - 21 19 12 23  - 10  - 53 51  5 41  - 42 48 59 60 35 38 18  -  8 57 22 54  9  - 44
 46 27 28 11 58  7  6 19  - 52  5 44 10 33  -  9  - 31  8 55 32  - 21 36 15 42 37 20  - 40  4 45 12 18 14  - 50 13 30  -  3 25  - 38 17 35 57 60  - 43 49  - 56 34 51 41 59  - 48 26
 56 47 20 53  2 60 14 15 55 12 35 39 45  - 29 33  5  6 19  - 43 51 52  - 48 41 17  4 37 50 49 11 57 44 24  - 28  - 13 59  7  - 32 21 26 10  -  - 40  - 36 58 23  9 22  3 30 46 38 25
 23 50  2 35 49  -  - 53  8 43  9  - 22  - 59 31 48 12 40  - 45  - 15  - 27 16 47 60  3 30 29  4 52 57 10  - 26 34  -  7 21 33 38 37 58  -  - 46 13 42 54 44  5 51 41 32 24 11 28  6
 53 16  8 52 48  6 46 18  - 19  - 28 56 49 34 51 14  7 32  - 54  3 45 24 47 55 36 15 30 35  5 12 43  - 38 44 33  1  - 20  4  - 26  - 50 23 59 25 11 31 40 10 37  - 42 13 22 57 58 27
 41 59 22  - 21 31 44 20  - 54 32 46 50  -  -  - 12 37 48  9 11 27 13 38  4  - 16 42 35 60  - 23 26  - 39 19  6 18 47 58 55 57 15 30  2 24  5 17 52  7  8  -  - 43 56  -  - 51  3 14
 34 14  - 42 39 19 23  - 53 26  - 18 11  - 49 16 46  5  9 51 24 35  4 37  1  -  - 29  -  - 12 41 44 10 55 47  - 25 48 17 36 58 40  3 27 56 33 54 22  -  6 38 57 59  8 45 32  -  -  -
  -  - 24  5 26  2  - 13 58 46 28 32 34 14  6  -  7  8 56 37  9 20 31  - 51 44 15 30 22  1 40 60  - 16 17 18 42  - 52 33 11 48 27 50  - 43 47  - 41  - 55  4 19 21  - 23  - 49 10 35
 26 31  - 47 15 21 40  -  - 55 44 35  7 37 33  2  9  1 38 14  6 19 12  5  - 23 43 45 18 29 10  -  - 25  -  4 51 54 36 32 22 46 42 28 16  -  3 24 39 11 60  8 41 30 49  - 48 50 17 58
