2880
 60  -  - 28 11  2 21 50 52 33  - 51  6  - 29  7 16 26  4  - 48  - 20 14  3 31 45 24  -  - 18  - 13 56 44 43 17 25 15 19 10 39  - 12 35  -  - 57  - 53 32 47 23 55  -  - 38  - 36  8
 44 40 28  -  -  - 13 47 46  - 12  3 17 43 58 20  - 32  - 54 60  -  - 39 11  - 48 55  - 51  9  8  - 27 10 42 29 38 57  - 30 25  - 18  -  6 33 21 16 45 53  - 24 52  - 14  - 50  - 34
  5 54  - 51  -  1 36 26 41 23 37  - 25 17  - 55 35 43 14 49 39 34 10  7 31  - 47  -  -  8 21 27 45 12 56 30 13 46 40 38 32 18  9  3 44  - 50  2 58 42  4  - 60 33  -  - 57  -  -  6
 32 22 35 30 33  -  3  9  - 18 48 43  5 13 44 42 25 52  - 45 29 17 16 24 57 41 21 23 26  - 49 39 58 15 12  -  - 36 46  7 11  2  1 56  -  4  - 10  6 37  - 55 53 50 34 38  - 27 51 59
 55 52  6  4 16  5 30 10 33  - 49 22 27 57 32 18 29 34  9  - 46 21  - 38  2 36 50 43 41 42 14 17 12 13  - 24 51 53 20 25 58  1 19  - 60 59 26 15  - 47 39  - 44 45  - 23  8  -  - 48
 59 12  -  - 24 34  9 27 38 57 28  8 23 10 16  1 48 31  2 19 14  -  -  -  - 58 49 17 54 56  - 20 53  5 32  - 55  - 33 51 41 60 26 42 13 18 11 46 44 52 40  - 21 43  - 15 45 22  7 37
 19 29 30 22 57 12 37 41  - 15  -  - 46 24  3 33 51  -  - 16 56 27  -  6  -  - 53  - 47 17  8 52 25  4 40 20 18 28  7 58  - 44 49 45 38 39  - 50 26  5 42 43  2 21 54 31 36 13  - 11
  6 60 53  1  - 14  7  8 51 38 46 52  - 25 10 11  -  - 31 50 18  -  - 36  - 33 35 54 30 21 59  5 27 43 22  -  9 55 26  - 19  - 16 49 40 32 44 13  -  3 15 39  - 12 57 42 37 20 48  -
  - 26 22 19 47  6  -  -  7 49 10 36 28 31 43 53  - 27 18 37  -  1  -  -  - 23 54 14 20 30 33 46 57 48 39  - 24 58  5 44 51  3 45 15  -  - 60 55  - 13  -  4  - 11  - 40  - 52  - 25
 10 53  -  -  -  4  -  - 21 40 47 58  2 35 17  - 59  -  3 18  8 46 30 37 42  -  - 56 38 31 44 43 16 23 52 55 39 34  -  -  5 27  -  - 15 26 14 11  9 12 49  6 50  -  - 41 25 48 20 60
 46 17 34 10 32 51 33  - 15 42  - 44 31 26  2 37 23 53 49  7 54 30 57 19 50 18  - 41 27 48 20 59  5  1 29 16  6 39  4 55 47 58 52 28 11 12  3 36 40 24 35  8 38  - 56  - 43 60 25  -
  - 13  -  - 48 56 52 32 54  5 58 29 39 60  - 21  7  - 50 35 57 49 40  3 28 45 36 18 33 20 22 55 15 24  4 53 42 43 41  2 38  - 27 44  - 10  - 19 11 16 17  9 25 37  8 46  - 23 12 47
  - 25 56 36 29 48 19 28 34 44 23 46 33  3  -  - 52 21  - 22 59 18  8  5 40  2  - 35  9  -  - 57 10 30 26 60 50  7 49 14 16 12 55 24 37 43 45 47 38 27 20 53 58 54 11  1  4 31 42 13
 13 37  7  - 59  - 60 31  9 52  4 15  -  - 36  - 22 47  - 20 30 12  - 48  - 10 11 58  2 46 24 34  - 55  - 32 54  5 18  -  -  - 21  -  - 44 35  - 19  -  8  1  - 16  - 27 14 49  3  -
  - 47 14 46 52 33  1  -  8 43 50  -  - 23 24 19 26 36 53  3 35 60 18 21  4 32 31 59 15  - 28 29 49 45 42  2 40  9  - 48  7  - 25 58 41  - 27  -  - 55 11 37 20 22 13  6 56  - 17 12
 29 44 46 11 19  - 39 40  -  -  6 28 56 50 31 38 58 20 37  - 27  8 26 55 54 52  -  -  7 41 30  9 51  2 43 15 47  - 23 32 34  - 33  - 18  - 59 25 60 22  -  3 49  5 48 17 42  - 13 53
  - 18 27 47 58 52 40  4 31  - 41 50 57  6 19 16 44 51 28 32 34 55 60  - 25  8 17 22 59  2 45 48 42  - 20  3  - 24 53 21 35  - 30  9 49 11 43  5  7 36 10 29 46 56  - 33 23 38 54  -
 52 36  - 39 18 54 27  5 17 45 56  - 34  - 12 30 24  7 58 41  - 11  -  - 55  6 57  1 28 50 26 15  -  - 37 23 32 21  - 60  -  - 44  8 20 14  2 16 31 10 29  - 43  - 49 48  3  4 53 42
 42  6 11 53 28  - 48 57 30  -  - 20  7 21 56  - 46 35 39 15  2 22 25 60 29 34 44 51 12  4 55 33 40  3  - 59 37  - 13  9 45 10 58 43  - 27 23 24  8 26  1 50 17 47 16  5 19 14 49 38
 15  9 41  -  7 45 10 43 36 31 16  6  - 38  5  - 12 59 23 13  -  - 52 56 53 55  -  4 24 49 25 32  - 18 58  - 35 44 28  - 20 33 48 19 34 29  - 51  - 60 22 11 42 57 37 39 54 47 14 50
 43  3 16 26 36 19 31 44 20 30 29  2 60 46 13 54 49 58  - 59 42 35 22 23  9 27 52 12 53 34  7 10 14 37  1 51 28 41  -  - 40 24  - 50  6 38 25  4 48  8 21 15 39  - 32 45 33 56  5 57
  - 30 51  9 55 38 34 59 56 10  8 26 13 16 53 35 37 28 29  - 52  -  -  - 23  7  - 31 49 47  -  -  2 40 17 48 12  3 54 39  6 36 22 32  4  -  - 60  - 11 25 45  -  1  - 57  - 44 18 15
  -  - 52 42 37 60 50 23  - 47 14 30  -  -  - 24  2 48 43 17 13 44  - 41  1  -  6 25 36  3 58 26 18 49 33  - 19  - 56 20  -  - 59  - 57  9 39 27 45 34  - 54  - 15 29 32 12 16 31 55
 57 50 58 35 13  8 53 16 11 21  - 59 15 20 60  - 34  1 45  -  - 25  -  4  -  - 26  -  5 52 36 31  3  6  -  - 33 23 44  - 28 14  2  - 43 42 48 17  -  9 54 56 29 40 12 18  -  7 37 41
 48 21  -  -  - 11 17 14  1 13 20 34 59 36 42 31 45 37 25  - 22 39 56 15 26  -  9 38 10 27 43 54  -  - 50 57 49 30  6  - 44 19 18 35 24  - 58  - 51 41  2  - 32 29  5 12 55 46  - 33
 39 28 15 59 23 43  -  - 13 41 53 35 38  -  -  - 40 11 56 51  6  - 14 32  - 12  -  9  3  - 34 24  1  7 46 52  - 54 27 22 25  4  5 31  - 20  - 29 47  2 50 26  -  - 58 19 10  - 45  -
 49  - 40 52 15 28 59 58  - 29 57 45  9 41 47  8 43  5 27 39 23  7 51 18 37  4 60 34 35 13  -  - 32 22 21 50  3 48 11 31 55 30 24  - 54 33 38 56 53  - 16 14 19 17 26  - 20  1  6  -
 20 10 57  - 21 13  2 54 19 16  -  - 40 51  - 15 47  3 32  1 25 42  5 27  6 26 37  - 29  - 35 45 30 50  - 49  -  - 60 53 46 55 34  4 48 52 41 12 28 23 24  -  9 38 33  - 44 43 11 36
 51  -  3 14 44 53 57 11 16 25  - 27 36 58  9 46  5 15 24 31 47  2 28 59  - 50 34 42  8  6 13 22 55  - 23  7  4 12 32 54 49 29 37 48 17 40  -  - 10 33 56 38 41 35  1 43 26 30 52 20
  9  5  - 57 51 24  -  - 40 14 27 33  - 32  7 52 15 13  6 29 10  - 11 46 12  - 59 20 58 45  -  -  - 41  - 36 21 37 47 42  - 49 54  - 30 34 31 22  4 28 38  -  - 25 39  -  -  -  -  -
  1  -  2 41 27 50 38 35  - 28 21  -  -  8 40  - 39  - 55 48 44 15  - 13 22 19  - 30 32  9 51 53  7 58 49  6 57 52 45 10 18 16 56 46 25 36  -  - 29 17  5 42 11 26 47 20 60 37 59 43
 23  7  - 56  - 40  - 55 24 39 11  4 44 28  1 60 41  - 38 30 36 57  6  - 16 17 22  - 18  - 46 12 59  - 19 26 58 31  - 52 48  -  - 25  -  - 21  - 43  - 33 51 13 32 14 50  5 15  9  -
 56 38 20 45 46 59 22 33 57 37  - 25 10  9 54 51 50 44 52 53 19  -  - 30  7  3 55  -  - 32  2  -  8 11 48  -  5 47  -  -  - 41 15 14 21 17 12 39  1 35 60  -  4 42 23 16 18 34  - 27
 14 59 13 34  - 49 12  - 37 60 24  - 19 18 28  -  - 54  - 52  5 40 48  - 33  -  - 16  1  - 15 51 43 42 27 47 45  - 17  8 53 32  3 23  7 41 22 30  -  - 46 21 57  6 31 26  - 25  - 58
 18 58  - 32 56 31 16  2  - 17 52 37 21 29 20 50 53 23 19  9 51 28 15 22  - 14 12 44 60 36 47 42 41 57  3  - 11 49 38 35  - 40 46 27 59 13  8  - 54 30  - 10 33  4  6 34  1 24  - 45
 37 56  - 38 14 26 24 36 29  6 51  - 52 42 50 40  - 49  5  2 45  - 55 20  -  -  -  - 13  -  -  3  - 17 16  - 34 22 31 59  -  9 39 41 46 48 54  - 18 44  7  - 28 53 19  -  -  8 43 23
 47 35 32  6 10  -  8  -  - 12  5 14 43  - 48  3 21  4  -  - 26 33  1 57 27 53 38 19 37 16 42 11 60 59  9 17  -  -  - 23 56 45  - 22 39 50 52 28 41 46 30 13 15  7 18 29 40 54  - 31
  - 55  - 33 39 18 58 51  - 54 32 57 30 49  - 56  8  - 17 11 15 23 24 34 36  9  4  6 50  -  - 14  - 19 31 41 48  -  1 16  - 20 60  - 12  7 53 59 27 43 26 35  5  - 25 13  - 28 44 22
 36 14 60  2 54 27 41  3 43  7 42  5 22 59 51  6  - 19 20  -  4 38 44 35  - 15 32 13 45 29 37  - 34 16  -  -  - 33 58 26 24 53 28 21 23  -  1 40 57 18  -  - 48 39  -  8  -  - 55 10
  -  - 12 16 49 58 15 37  5 34 17 18 20 27  -  9 55 33 48 38 24 29 59 28 19 35  8  7 25 44  - 40 22 52  -  4  - 56 42 46 26 31 23 57 36  3 10  6  -  1  - 41 30  - 51  - 11  2 21  -
 12 39 48 21 22  3 25  -  - 35  - 55  1  -  8 13  6 14 59 43 50 16 53  2 45 46  7 26  4  - 32 38 36 33 24 44 41 11 10 34 57  - 17 20 42 56 51  - 37 19 52  5 27 31 15 54 49  - 28  9
  - 46 54 13 34 41 11  1 28 56 44 12 53 15 59 14  9  8 51 33 32 26 58 47 39 48 23 37  - 25 10 19 31 36 57 21 43 35 29 17  4 42 50  - 16 22 40 49 52  - 27 18 45 60  2  3  6 55  -  5
 35 20 31 12  - 21  4  - 26 24  3  -  -  1 57 22 30  6 40  5 38 50  - 52 34 59 43 45 23 19  - 41  - 47 25 28 36 29  -  - 14 15  7 17 51  2  -  9 39 58 44 33 10  8 53 55 16 42 27  -
  4 48 38 20 45 46 32 39 49  - 35 40  3 53  - 28 18 25 21 14  9 43 31 12 51  - 13 60 11  7 29 30 17  8 41  -  - 26 34  1 52 56 47 55 10 19  - 33 50 54 36  2 59  - 27 44 22 58 23 16
 24 42 26  7  - 16 46 22  -  3 31 39 48 54 15 32 19 57 44  6 21 58 17  - 14  - 18 28 56 60 12  -  - 38  - 29  -  -  - 40 43 47 10 51  -  1 34 23  - 25 41 59  8 27 52  9 13 53 35 30
 53 49  4 54 26  - 43  - 39  - 13  -  -  -  - 17 56 30 46 23  1  9 32 31  - 24 28 15 14  5  6 58 37 10 45 12 16  - 52 33 36 11 40  2 27 25  - 38  - 51 19 57 55 34 20  -  -  3 60 35
  3 19 47 60  - 37  - 13  - 59  9  -  - 34 18 57 32 56  8 10 33  -  - 25 58 44 16 49 17  1 48 28 21 29 35 31 26  - 43 12  -  5 20  7 55  - 46  - 14  6 51  - 22 36 42 24 50  - 30  -
 16 15  8  - 12 25 42 52  - 36  -  - 55 39 23 49 14 17 11 47  7  - 21 53  - 51 24 32 46 35  5  -  - 60 38  -  2 18 50 30  9 34 41 26 45  -  - 44 33  4 58 20  1 48 43  - 31 29  - 54
  - 43 33 29 53 32 35 34 47  9 15 41 45  2 27 23  - 50  - 28  3  - 54 51 38 13  5 40 55 59 57  -  - 46  -  - 14 10 48 11 37  7  6  -  1  8  - 42 21  -  - 12  - 44 24  - 58 26  4 56
 22  8 10 24 42 57  5  -  - 11 38  - 49 52 45 25  1 39 60 21 17  4  - 26 59 28 58 46 19 37 40 50 48 34  7  9 27  -  - 15 29 23 13  6 31 53 32 43 36 20  -  - 54 18 41 51  2 35 56 44
 38  1  - 49 40  9 18  - 32  4 22  7 16 44 33  - 27 41 13  - 37 53 45 58 24  5  - 36 42 39  - 56 54  - 59 14  8  2 12  6 60 17 11  - 29 31 57 26 46 50 48 25 51 28 55 47  -  - 15 21
  -  - 19  8  - 55  6 18 60 22 33 16 29 30 39 41 17 46 26  - 12  -  -  - 49  -  - 48 44 38  3 23  - 31  5 10 20  - 24 56 21 37 32  - 50 54 42  - 15 40 45 36 14 51  -  - 47 59  - 52
 34  -  - 15 17 22 20 21 42 27  - 31 50 37 49  -  3  - 54 26 40 52  7 45 32 43 30 53  6 18  -  1 29 51  2  - 23 59  -  - 39  -  8 10 14 47 16  -  - 57  - 19 35 13 38  - 41 36  - 46
  - 23  - 55  6 29  - 17 10 58  1  -  - 14  - 12 42  2 47 44 31 51  3  -  - 38  - 50 34  - 27 49 52 54 60 40 25  8 30 36 59  - 57 53  5 35  -  - 20 21 43  - 56 41 45  - 32 18 22 39
  2 11 59 50 30 20 54 19 12  1 25 53 37 55 26  -  - 18  - 27 58  3  -  8 47 40 42 52 31 10 16 44 38  9 51 45  -  - 36 57 13 21  - 34 22 28 29 35  - 48  - 46  6 14  - 49 39 41 33 24
 30  -  - 17  - 10 49  - 50 19 43 38 32 40 34 45  4 60 57  8 20  - 12  - 41 22 27 39  - 28 31  - 24 53 54 18 56 13  -  -  1 59 35 11  2 55 47  -  5 15  3  - 26 46 44 25  - 51  - 14
  7 57  - 31  - 44 29 24  4  2 26 48 42 33 41 10 36 22 16 34  - 59 38 50 35 49  - 27 40  - 54 25  - 32 14  8  -  1 55  -  -  6 12 60 47  - 17 58  - 39  - 52  -  3 28 30  - 11 19  -
  - 27 17 58  -  - 26 20 44 48 30 32 51 45 11  2 54 12 36 60 53 24  - 16  - 25 29  8 21 55 50 18 39  -  - 38 46  -  3  - 31 22 14 40  - 37  -  1 42  - 23 34 52 19  4 56  -  6 47  7
 33 41  5 43 31 30 28  - 23 55  -  1 12 47  - 48 11 10  -  4 16 13 27 40 18 56  -  3 57 54 39  2 50 25 36  - 44 51 35 29 22  - 42 37 52 58 24  7  - 14  6  -  - 49 17 59 46 21  8 26
  -  - 50  -  8 15 23 56  3 26  7 19 54  - 37 43 38  - 33 40 49 10 35 29 30  - 25  - 39 11  4 21 47  - 13 46 52 57 59 41  2 48 31 36 53 60  -  - 12  - 55 44  - 58 22 28  9  5 32  1
