2880
 26 10 32 19  5 20  4 42 58 27  -  - 36  3 55 51  - 57  6 16 44 13 53 21 39 52 41  8 37 59 34 43 28  -  - 45  -  7  2 31 38 25 60 49 50  1 17 29 18 56 22  -  - 15  - 12 24 47 30  -
 44 49 36  -  4 45  - 60 52 58  5 29 24 47 17 18 50  -  - 53 28 25  7 10 55 37  - 38 42 12 22  - 11 34 41 26  2 59 57 43 13 21  3 39 35  - 46 54 32 27  1 48 14 40 23  -  8 16  - 20
 43 41 18 14 28 49 46 22 60 42 11 52 50 12  9  -  - 51 56  - 29  7 44  6 23 20  - 19 40 25 54  3  -  1  - 31 13 38 58 48 16 17 24 53 15  - 33 47 45  8 26 32  - 39 36  2 55 37 27 57
 22 55 45 52  - 30 20  - 19 60 37 17 46  9 44 40 23 31 21  - 50 33 48 24  2 54 32 47 34  4 43 15 41  -  6 28 59  - 18 14 49 51 35 58 57 42 56 39  7  -  -  - 38  3 27  -  -  8  1 12
  9 25  - 43 12 11 10 52 29 26  4 34 39 41 60 13 44  - 19 31  6  - 33 30 45 56 54  - 14  8  -  -  7 38  - 16 27 17  - 40 18 53  - 15  - 35  -  - 51 59 28 37  1 22  - 50  3 36 49  -
 13 44 17  -  -  - 18  - 22 25  - 16  - 60 35 46 14  5 49 39  9 56  -  - 48  2  - 34 38  - 21 32 52 55  -  3  7  - 15 53 54 30 50 41  6 11  8 23 58 51 29 59 24 43 10  -  - 40 19 47
 14 56 47  4 39  - 16 21 11 45 33 60 42 38  3 53 49  - 34 52 19 15  - 31 27  9 40  7 26  - 37 20 29 50 46 51 23 35  - 41 28 10  -  1 36 17  - 59 13 12  -  -  - 25 18 30  - 57  - 22
 12 26 58  1  - 29 60 49 15 52  - 10  2  - 54 17 37 14 30 25 40 24 51 55 13  - 59  6  4 47 28 36 57  3  - 33 50 21  9  8 43 45 27 34 11 22 42  - 44  - 35  5 48 38 20 56 23  7  - 31
 46  - 28 40 21  - 25  3  9 51 19 47 56 39 36  - 18 10  - 45 33 41  - 12  - 22 37 43 11 29  -  - 17 59  -  4 52 14 20 38 27  1 48 16 54  - 44  -  - 42 34 15 13 32  7 49 31 26 53 35
 10 16  8  - 37  - 27 25 12 29 56  6 53  - 30  - 26 41 20 35 52  - 34  -  - 44  2 15 50 22  5 38 33 14  -  - 58 11  4 55 40 39 19 17  1  7 28 60 47 57 18 13 36  -  -  - 42 24  - 54
 39 14  - 16  -  5  - 19 25  7 47  - 49 33  - 11  - 37  8 54  2 57  6 18 30 58  - 12  -  3 36 28 22 56 60 15 45  - 41 42  - 48  1  - 43  9 59  -  - 10 20 17 26 21 50 38  - 13  -  -
 29 31 56 38 26 17  - 32 43 34 13 54 58 48  - 47  - 46 25 55  1 49 24 20  3 41 21  - 57  - 53 42 50 33 12  - 44 39 37 18 11 59  6 28 45  - 60 30  - 15 14  4  9 27 52 23 22  2 16 10
  1 37 35  8  - 31 59 58 38 10 20  2 55 27 42 57  - 50  - 40 12 44  - 19 28 30  - 17 51 33  - 26  6 47 45 25  - 18 46 29 36 54  -  5 21 48 13 41 14 24  3  9 39  - 34  7 49 22 23 11
 31 52 50  -  - 14 21  - 56 40  6 37 19 45 34 23  2 30  9 51 36  8  -  - 29 15 49 59 18 48 25 17 26 58 10 55  - 53 22 46 35  4 44 20  3 41 57 11 28  7 60 54  5 12 32 27  1  - 24  -
 25 39 14 31 23 13  - 26  6 21 29  4 40 49  - 28  - 55 15  - 37 58  -  1 38 59 47 56  -  - 57  7 16 54 30 35 34 27 11 52 22 18 20  - 44 32 51 19 10 48 24  - 45  5 41 17 50 42  -  8
 15 34 43  -  -  - 14 55 48 59 53 22  3  1 33  7 41 19 36 11 51 54 31 49 26 18 52 60  - 17  -  4 24 42 20 27 32  5 47  - 58 35  -  - 46 57  2 21  9  -  -  6 40 23 12 10 25  - 28 29
 21  4 29 45 47  1 15 16 39  -  -  3  - 25  - 24  5 56 28 46 59  -  -  9 18  -  - 20 31 49 60 35 44 30  8 48 51 22 43 57 23 11 40 32  - 10 52 37  - 26 36 41 55 17 33 19  2 27 58  -
 20  - 44 27 33 47 34 39  3  - 46 57 51 16  - 35 28 49  - 38  4 17  9  2 22  -  -  - 58  - 10 30 59 45 53 60  6 15 32 11 52  5  - 40 29 18 55  - 48 23  - 19 37 54 31 26 41  - 43 36
  -  -  - 59  7 38 57 37 45 18 40  - 20 53  - 42 13 34 46 29  -  2  5 15  -  -  - 22  -  6  - 51 58 28 19 56  8 24 21 35  -  - 39 14  9  4 47 10 16 17 32 26 50 31  - 11 43  1 44 48
 45 18  - 29 15 25  - 56 26 30 39 13  6 34 27 50 38 59  - 37  - 52  1 47  7 10 23  2 28  -  -  -  - 35  -  - 31 36 48 12 33 49  9 21 17  - 40 51 24  3 53 46  8 14  4 20 54  -  -  -
 27 60 59 36 48 26 30 45 14 49 52  - 41  -  - 54  9 11  3 44 16 21  4 23  5 47  -  - 15 24 50 58 39 13  - 46 57 20 51  -  6 43  7  2 28 34 37 32 55 31 10 22 19 53 25  -  -  - 12  1
  8  - 55 33 58 41 35 50 57 54 22 44 37  - 19  - 29 52 59  - 42  - 32  4 16 24 30 51 12  - 48 46 23 53 39  - 15  -  5  - 47  3  -  7 18  -  -  - 27 11 49 14 43  9 17  - 36 25  - 60
 41  5 31  - 42  7  - 29 10  -  - 38 15 59  -  - 24  -  - 49 27  3 12 11 50 32 46 48  - 40 20 23 21  9 35  - 33  - 14  - 19 36 17 44  - 51 30  -  4 43 25 60 54 37 13 34 45 39 26  -
  4 29 34 30 56 15 51  -  8 14 35 50 32  6  - 16 19 24  - 20 53 47  - 37 31 36 22  5  7 18 17  - 55  - 21 23  1 25  - 45 12 28 49 42 59 39 58 44  -  - 57  - 27 48 40  -  - 43  2  -
  3 23 26 60  -  4 28 31 21  2 14 55 57 52 15  - 40 35 10 32 49 51 59 42 46  1 48  - 47 27 19 22  5 24  - 18 54 30 36  -  9 12 16  -  7 53 29 38 11  6  8 50 17 34 56  - 58 45 13 43
 32  8 30 42 19  2 11 53 51  3 24 28 27 29 37 31  - 16  - 50 15  4 55  - 41  6  9 21  5  7 39 12  1 46 25 13 36 45 10 49  - 58 18 56 60 26 54 20 38 35 44 23 33 57 22 48 59 14  - 17
  7 11 27  - 24  8 49 20  - 56 10  - 17 14 47 32 55 12 40 43 54  - 42 52 59 46 13 39  - 41 58  9 25 21 18  1  4 19 44 36  2  6 33 31 37 60 15 48 53 45 16 35 29  - 28  3 30  - 57  5
 28 32 10 58 44 42 26 47 33 31 17  -  5 54 53 30  1  6 38  9 13 39  -  -  - 21  - 52  - 55 35 11 27  4 15 40 19 50 59 22 57 23 12 29  - 14  - 25 34 60 48  8  -  7 43 24 18 20 36 51
 30 33  6 55 17  -  - 48  1 35 54 46  - 31 56 14 51 18 44  3  7 20 45  -  - 42 36 27 25 10 40  -  - 23 13 58 60 12 28  2  4 38 57  - 24  5 49 26 19 50  - 34 52 29 15 43 39  9  - 53
  - 28 23 21  3 27 39  - 18 16  8 30 26  - 20 41 36 25 14 15 11 59 13 34 24 33  1 46  - 58 55  - 48  - 47 54  - 57  - 10 31 52 22  -  4 40 43 42 37  - 12 29  -  - 60 51  9 32 17 38
 19 35 22 49 36 10 41 12 28  - 25 53  - 44 48 60 46  -  - 42 23 30  - 29 14  -  7 11  -  -  6 24  8 51  3 57 20  1 52 32 37 40 15 27 47 21 39  9 33  2 43  -  - 13 16 58  - 50 54 59
  -  -  3 10 11  -  9 18 35  5 26  -  - 57 24  -  - 29 23 17 48  - 39 54 51 16 25 40 32  - 45  6 12 52  - 30 47  2  1  - 14 44 42 13 49 27  - 50  - 58 33  - 20 56  - 37  7  -  - 55
 53 38 21 41  8 54 33  -  7 15 34 12 45  - 59  3 39 20 35  - 14 42  2  5 40 31 44 18 30 50 27 10  -  - 49 22  - 28 16  - 56 26  - 19 52  -  -  4  6 37  - 51 23 55 57 60  - 48 47  -
  2 20  - 24 60  3 48 13 44 43  7 11  - 26 32 49 52  - 18 57  - 29 58  8 17 40 27 50  - 53  9  1  - 37 59 38 10 41 55  - 25 56 51  - 16 31 34 36 22 47 21 30 28 45 42 15  4 35 33 14
 52 19 53  - 14 34  - 36 59 38  - 24  - 28 51  -  8 22  -  -  3 55 40 33 58 11  4 32  -  9 30 21 46 16  - 42  -  - 50 39 29 27  2  -  - 43  6 15 35 49 47 25 56  - 48  - 20 60  7  -
 24 21  - 56 52  - 38 30 20  - 31 14  - 22 39 45 58 42  5 27 34 11 26 50  4 35 53 57  - 32  - 19  -  - 17  7 12 49  3 28 60 47 37  -  8 29  - 43 46  - 54 36 16  2  -  6  - 18 48 13
 47 22 49 25 54 32 31  7 23 44  - 18  1 17 52  4  - 53 45  2  -  - 50 59 36 57 10  - 48  - 56 34 20 60 51  9  3 29 24 37 30 55  - 46 26  -  - 16  8  -  5  -  -  6 35 40  - 12  - 41
 16 47  2 20 40 33 53 44 31 23 48 25 43 15 22 52 60  3 54 56  5 28  - 41 35 45  - 24  - 26 29 49 14 27 11  8  9  4  - 30 46 34  -  6 32 12  7 57 17 21 13  - 59  1 37 36 19  - 39  -
  -  -  1 51 59 24 52 38 46 12 55  - 23 40 41 20 30  8 33 22 39 14 29 43 10 49 35 44 56  - 47  -  9 19 34 36 16  -  - 15  7  2 45 11  5 54  4 27 57  - 58 21 25 60 26 42 32 31  6  -
 60 40  9 54  2  -  5  - 53  - 28 33 52 11  - 56 35  - 43 26  - 38 36 48 44 12 57 23 46 51  7 47 18  -  - 20 39 32  - 19  -  - 30 10 42 13 16 49  3  4 31  -  - 24 14 45 37 34  - 15
 42 43 19  7  - 18  2  -  - 11  -  - 21 37  -  - 53 48 51 60  - 26 41 36  8  - 17 31 33 16 14 40  -  - 32 59 28 55 56 27 50 24 34 38 58 49  9 13  - 52  -  3  - 20 54  - 29 44 35 39
 51 12 20 23 27 50 54 46  4  9  - 21 25 24 45 29 11 47 32  - 56  1 38 60  -  - 55  -  8  2 18 59  - 15 22 49 40  -  7  - 39 13  5 30 10 44 48 35 42  - 19 53 57  - 58 41 17  - 34 52
 58 15  - 37 57  - 42  2 32 39 45 35 34  7  4 27 47 13  -  - 17 48 60 46  -  5 18  -  - 56  - 41 31 11  9 50 53 54 25  3 26 33 14  - 20  - 10 12 40 36 52 43 51  8  - 22 44 30 29  -
 57  - 24 39 10  - 50  5 34 36  9 58 11 55 18 25 56 28  - 19 32 45 27  -  - 43  3 35 21 54 33 44  -  8 37 47  -  - 38 59 42 22  -  - 13 20 23  1  2 29  -  7 15 30 46 14 16 41 60  -
 18 54  5 13  9 53 36 10  -  6 44 45 33 51 58  -  - 17  1  - 20 35 16 26 11 38 43  -  - 57  4 27 37 32 14 21 24 48 39 50 55 31  - 12  - 46 25 34 60 22 23  - 30 42 59  - 40 52  3 56
  - 42  -  6  - 44 19 41 49 55  -  -  - 18 28 37  4 43 52  - 45 16  - 57  -  8 31  - 23  1  - 56 38  7 50  - 22 60 33  - 17 46 10 24 48 25 14  - 36 54  - 39 12 35  2 47 13 59 15  -
  - 58  - 32 46 55  8  9 36 48  - 40  -  4 57  6 22  2 41  5 24  - 11  - 37  - 38  1 60 20 49 52 35  - 23 34 43  3 27  7 44 15 26 25  - 16 21 18 31  - 30 56 53 10  - 39 12 33 42 28
 40  9 38 28 32 46 58 59 27  1 57 48  -  -  7 10 21 36 24 33 55 53 22 13 15  - 45  4 44 35  2  -  - 39  - 12 14  6 26  - 51 41 54 43 34 30  5  8  - 18 37  - 11 19 29 52 56 17 25 50
 33 13 25 57 20 52 17 24  - 53 15  -  -  - 21 36 42  7  2 47  - 22 14 44 32 60  5 26  - 38 16 31 40 10 54  - 41 51 23  4 48 37 29  9 56  -  - 55 30 34 46 27  3  - 45 35 11 49 18 19
  -  7 51  2 29 28 22  - 41  - 60  9  - 56 43 38 54  - 16 36 25 23  - 14 12 13 20 49  3  - 24  8 19  -  -  6 42  -  -  - 59  - 11  -  - 58 31 40 52  -  -  1 35 50 55 53 33 10 45 44
 54 48  -  - 53  6  1 33  - 13 38 59  - 50 46 21 45 39 22  - 26 43  - 16  -  4 12 28  -  - 44 18  - 41  2  - 35  - 42  - 34 60  - 52  - 15  -  - 23  -  9 55  7  - 51  -  -  5  - 58
 36  6  - 46  - 43 56 11  - 41 18  - 48  2 38  - 33 60  4 12 21 50 17 28 52  - 58 13  - 34 15 37 51 26  - 24  - 16  - 44 10  -  - 57 39 19 45  3  5  9 59  - 22 47 49  8  - 23 55 27
 49  -  4  9 30 56 13  - 17 50 27  5 14 23  -  - 12 15 47 18 60 10 20  - 19 48 26 25  - 42  8 57  2 44  7  - 46 52 29 33 21 32 53  - 22 37  3  - 39  - 40 11 31  - 24  1  - 55 51 45
 55 46 42 15 50  9 47 57  - 17 51  - 35 43  8 48  - 58  7 14  - 36 37 32 34 19 39  3 49  5  - 60 30 18  - 29  - 23 31  1 20 16  - 59  -  - 41 33 56 40  2 12  - 26  6  - 10 38 11  4
 56  - 48 11  - 21 23 14 37  - 30 41 12 13 40  1  6  - 26  -  - 60 35 27  -  - 28 42 59  -  - 39 15 57 43  5  - 58 17  -  -  7 25 22 33  3 20 53  - 38  - 47 10  -  - 54  - 19 46  9
 17 30 13  - 16 37 32 35 55  - 12 39 28  -  - 58 27 45 31  1 38 40  - 56 20  - 15 36  2 44 42 25  4 22  5 19  - 43 34  6 24 50 52  3 41 23 18  7  -  - 11 10 60 51 21  - 48 46 14 26
 11  2  - 48 25 40  -  - 13 24 16  - 29  5 10 39  - 54  - 59  8  - 49 58 53 50 34 14 17 30 12 45 42 31 56 32 21  9  - 60 15 19  - 36 55 47 35 28 43  1 41  - 18 52  -  - 27  3 22  -
 23  -  7 17 43  - 55  4  - 57  -  - 54 30 13 59 10  - 50 34 31  5 52 39  - 27  - 16  - 60 32  -  3 25 36 41 26 44  - 56  - 42 21 51 38  8 12 14  - 53 45  2  -  - 47 18 46 29  -  -
 48  - 54  3 34 58 12  1 47 28 42  7 60 46 31  -  - 33  - 10 57  6  -  -  9  - 11 30  -  -  - 16  - 29  - 14 37 40 45 21  5  8 23 26 51  - 38 22 49  - 55 18  - 36 53 25 15 56 20  2
 34 45 52 50 55 51 37 43  -  -  -  1 47 36  -  5 15 21 17  8  -  -  - 40 60 29 42  - 13  - 46  - 54 49 57 53 25  - 19  -  3  9 58  -  2  -  - 31 20 30 39 33  6 28 38 32 26  4 59 23
