2880
 28  - 14  3 52 59 13  - 32  - 48 25  - 58  8  - 60  - 30 53 43  - 39  - 42 27 21  -  -  1 17 54  6 49 41 50 34 44  2  - 56 16  - 19  - 55  5  - 40  - 10  4 46 23 33 26  - 47 29 51
 47  - 57  - 33 58 21  - 36  - 30 34  - 22 10  2 44 59 50 39  -  - 26 55 24 53  -  -  - 28  4  7 29 15 14  - 48 42 45 32 27  - 54 38 17  1 40  5 31  -  -  -  6 60 18 46 13 25 56 49
 34 26 46 27  -  3 11 23 18  1 14 58  4  -  - 20 17 48 29  - 51  - 19 32 38  -  9 40 28 25  - 39 43 47 12 36 15 52 30 35  - 42  7 49 10  - 54  -  8  2 55 22 37 50 56 45 60  - 31  -
 25  4  - 29 11  5  - 52 41 24 38  - 55  8 22 30 48  - 37 12  6 36  - 15 21 45 56 18 42 17  2 53  - 51 60  9 27 43 10 39  1 40 26  3 19 35 32 33  - 59 57 20 49 34 31 58  - 28  7 14
 49 48 55 60 37 39 28  - 53  - 17 16 38 52  -  - 43 51 11  - 10  -  5 41 18 15 29  -  2 58  -  6 59  - 33  - 35 50 56 54  8  3 57  4  7 40 30 44 45  -  -  9 32 22  - 19  - 27  - 46
  4 22 41 26 30 51 17  3  5 13  2 50 18 16 53 40 54 32 14 58 52 20 46 11  - 49 59  1 35 10 24  -  -  - 15 39  - 55  9 21 44  - 38 12  - 29 28 42 57 34  8 37  -  - 27 33 23 36 48 43
  - 10  - 21 51 34 55 12  -  - 27  - 20 40 35  1 14 38 19 60  -  - 16 44 22  -  3  - 52 49 42  5 23 43 26 25 47 57 37 18  -  - 46 58 24  4 39  9 28  8 50  2 30 17 54 29 41 53 13 11
  - 57  -  -  - 45 37  4  - 10 26 47 17 41  - 27  - 11 55 30  - 16 22 51 14 12  -  6 33 31 49 19 52  - 53 38 56  -  - 58  -  2 15 59  1 36 23  8 46 40 54 21 25  -  9 28 29 50 32  3
 14  2  6  - 53 20 24 31  -  - 51 55  - 23 13  -  - 28 54 17 15  1 58  -  - 21 39  9  -  -  - 50 44 30 19  -  - 60 16 57 11 52  - 34  5  -  8 37  3 27 40 35 10  -  - 22  -  - 26 29
 10  -  -  - 12 13 15 58  2 43  - 48 46 59 11  7 53 55  1 44 16 30 28 24  - 36  - 52 20 21 19  9 57 56  - 14  - 18  -  5  - 45 47 31 54  - 34 49 51 26  6 29  3  - 41 50 17  4 42  8
 56 47  -  -  -  8 18 59 29 46 36  - 19 33  -  9  - 42 12 57 39 53 14  1 37 22 48  - 24  - 38 13 34  4 31 26 10 30  - 52 58 20 43 60 15 41 27 51  - 55 23 44  7 54 16  6 40  - 50 28
  - 24  - 25 36 27  -  - 11 37  - 15  -  - 21 41 16  - 26  3 57  6 52 59 17 38 49 42  -  4  - 35 50 22 43  - 60 47 33  - 29 58  9 48 31 14 13 45  - 19 30  - 44 39  5  7 18 10  - 32
 38  1 28 12 18 17 14 34  - 60 19 23  - 49 40 21 46 29 32 20  - 52 47  8 31 13  5 15 37 41 27 57 33 36  4 35 22  - 59 42  - 26  6  - 50 56  - 30 39 10  -  -  -  3  2 54 44 51  -  9
 20 50 30 18 58  - 45 10 48 41  -  7  - 14 26 19 47  1 53 16 13 34  8 40 32  6 38 56 54 44 57  - 37 24 42 60 23  3 21  9  - 31 52  - 11 59 12 22 29 43 25 46 15 51 17  - 28  5  2 39
 41  8  3 52 29  -  2 22 34  - 45 24 31 37 51 38 25 36 58  7 30 59  -  - 39 43 53 12 57  - 15 21  - 18  6 27  - 26 13 47  5  - 35 14  - 60 33 50 55  1 20 28 48 46 32 17 19 42  4 40
 30 32 35 56  2 10  - 57  8 53  -  - 47 20 24 52 21  - 13  4 55 46  9 18 60 50 28  3  - 59 36 51  - 29 27 45 16 12  7  - 39 19  -  - 40  - 38 54 23 15 17 33 43  - 44 37 34  1  - 48
 35 21 44  -  - 32  - 26 22 27 37 36  - 25  3 56  7 39  4  9 31 19 18  - 30  - 57  - 51 45 16 55 40 11  -  8  2 49  - 23 17 43  1 41 38 50  6 48 60  - 34 42 33  -  - 13 12 59  - 15
  -  5 40  -  3 37 42 25  - 12 10  -  - 30 39 16  1 44  - 47 54  7 29  - 35 52 18 14 38  - 46 56 28 33 22 32 43  4 36  6 20 49  - 27 59 15  - 57  - 53  - 58 11 21 26  8 48 45  - 55
 12  - 53 15 35 54 16 29  - 25  1  8 28 24 31 36 51  -  -  5 14 43  4  - 58 46 50 48 40  -  - 20  9 52 57 42 38  7  6 30  -  - 27 17 41 37 45 39 59  3 44  - 55 19 34 32 33 13  - 47
  7  - 59 31 57 15  - 43 56  9 55  - 37 53 48 39 50 47  -  - 44 18  - 38 40  8 30 26 12 32 10 24 49 17 28 46 33  - 23 36  - 35 51 29 20  5 52 14 22  - 42 45 34 41 25  3 54 11  -  6
 29 25 47  - 38  - 52 60 30 31 16 51 44 43 33 58 11  - 40 41  8  -  - 49 53  - 45 46  - 50  - 22  - 20  3  -  - 28 18  1 10 57  4 35  2  -  - 32  - 42  9 34 19  - 24 59 26 14 23 21
 53  6  - 50  - 48 59 35 49 23  3 20 54  - 27 13  2  -  - 10 33 45 25  4  - 14 43  - 15 11 22  8 30  - 51 44 40 34 19 37 16 28 56 57 58 47  1 21 12 29 18 39 17 36 55 41 31 60 38 26
 50 60 25 19 34  - 48 46 59  -  - 22  - 35 32  - 30 41  - 24 29 47 56 33 45  -  - 36 14  3  9  1 11 54  5 53 20 51 58  - 42  7 12  - 43 39 17  -  6 37 21  -  4 26 40 57  8 55 18 23
 16 41  - 44 50  - 27  -  7  -  - 38  - 12 49 26 34 52  6  2  - 28 21 23 54 37  -  -  4 14 59 42 36  1 58 55  8  - 15  -  9 24  - 46 48 20  -  - 25 31 60 13 39  - 45  -  - 43 33 18
 44  - 17 28 40 57  - 45  - 42  5 60 26 36 19 59 39  - 20 23 34 41 27 43 50 33 32 38 49 13  - 10  - 25 16  1  7  9 48 53 18 30 21 54 55 51  4 47  - 35 46  - 29  6 15 52 11 31 12 56
 37 31  -  -  - 46  3  - 20  - 35 56 45  4 43 34 33  - 48 59  - 10 38  7 11 54 17  - 13  - 47 23 41 14 36  2  5  - 44  - 26 51 24  1 21 28 16 27 30  - 52 60 53 25 22 12 49 32 19 42
 57 19 16 48 44  2 20 11 23 50  -  1 51 27 14 42 29 13 25  -  -  - 54 39  4 18 12 35 43  7 34 59 38 26 45 28 31 17 60 40 37 22  8 10  6 46  - 36 47 33 49  -  9 56  -  5  -  3 55 24
 22 55 12 46 17 31 49 27 57  - 47 13  3  6 34 18 56 10 44 45  9  8 32 16 15 29 23 60  -  - 41 14 42  -  2  - 28 19  5 43 25 54 59  - 52 48 26  - 21 50 39 11  - 30 36 35  - 40 24 37
 15 51  7 20 22  - 46 37  - 44 60  6  9 50 23  5  4  3 42  - 38 17  - 54 36 57 11  8 10 56 29 33  2 31 59 19 30 39 55 25  -  1  - 43  -  - 53 12 26 24 32 27 18 35 21 16 45 49 14 58
 58 40 52 13  -  -  7 47 60  8 41  5  1  3 12 28 59 20 15 46 21  4 44 48 16  -  - 27 34  - 25 36 54 53  9 51 57 10 14 45 24 11  - 50 23 32 43  - 56  - 38  - 26 42 37 49  6 35 39 33
  - 18 51  -  -  1 23 24 58  2  7 44 59  - 54  - 42  - 31 33 60 48 20  6  - 25 34 43  3 19  - 45 10 27 35 47 41 11 49 12  -  9 50 16 56 57 22 55  4 52 36  -  -  - 28 30 32 17 53  -
  2 35 42 14  - 19  -  -  - 17  - 43  - 29 46 54 58  - 49 13  - 33 51  9 41 28  4 25  - 20 18 31 56 55 30 11  -  -  1  3 38  - 36  5  -  7 60  - 53 23  - 12 59  8 39 34 37 21 57 52
 55  -  - 41 59 47  - 50 21 34 24 45 29  9  4  - 38 57  -  1  3 54 12 13  - 42  - 22  - 33 31  2 51  - 40 18 58 25 20 17 15  6 30  - 44  -  -  - 49  - 11 56 60 16 43 14  5 52 28 36
  6  -  - 51  - 44 22 32 26 20 21  - 27 57 42 23 45  2 56 35 49 38 15 36 28  1  -  7 59  8 30 60  4 41  - 48 12  - 40 46 19  - 29 18 39 53 11  -  5 13 31 52 16  9  -  -  - 37  - 50
  -  -  - 42  4  - 31  1 15  - 54 26 32  7 20 10 35 34 22 50 58  2 23 53 19  9 60 21 55 57 40 43  - 16 39 49 44 24  - 28 41 18 14 25 29  -  - 52 33 38 37 17 51  - 46 47 30  6  8  -
 60  - 34 30 19 52 57 42 25  - 22  -  - 21  7  4 12 45 43 11  - 23  - 58 49 26 24 33  6  5 20 38  8 32  1 54 39 14 31  - 53  - 44 15  9  2 46 56 13 36 47  3 50 48  - 27  - 41 37 59
 11 52 33 22 10 14 19 56 28  3 50 42 57 15 60  6 13 17 59 31 46 12 36 37 20 41 26  4 47 35 51  -  7 38 23 43 21  -  -  8 54  5 39 55 16 25 44  - 27 30 53 48  1 32  -  - 58 24 49 34
  - 16 32 47 28  4 33 39 37 59 58  2  6 13 29 31  8  9 10 22 17 21 50 25  5 19 52 41 30 15 26  - 18 45  -  - 24 56  -  -  -  -  - 23 49 44 42  3 43 46 12  7 36 11 53 40 55 54 51  -
 59 15  4 57  8 55  -  5 46 19 44  3 21  -  - 24 37  - 41 43 42 60  - 22  9  7 33 20 25 52 45  - 31 40 32 13  -  - 50  - 28 39  -  -  - 27  - 10 17 11  - 30 38 47 51 18 35 29  -  -
 43 59  - 53 41 26 51  -  9  7 31 39 30 48 47 15 10 12 17  -  - 24  -  - 29  - 22 49 19 34 56 16 55  -  - 40 32 33 25 27  -  8 23 21  -  - 37  - 42  -  4  1 14 18  3 11 52 46  6 35
 51  -  - 16  7  -  -  - 47  - 56 49 25 34  6 48 41 58 33 55  1 13 31  - 12 44  2  5 60 40 35 17  -  9 54  3 29 37 26 50 32  -  - 24 18 19 15 46  - 39 27 38 45 43 20 23 14  -  -  -
 36  - 39  -  - 60 53 48 31  5 57 14 11 28  -  - 40  4  7  - 45 51  -  - 59  - 54 29  -  - 37 15 16 42 18 58 55  -  - 24  6 21 10 44 47 52 41  -  -  - 33 26 23  2 50 20  3  -  - 12
 48  - 37  9 39 53 25  2 16 51 20  - 13 18 38  -  5 50  - 54 32 56 60 29  6 58 42 31 21 46 23 12 45  7 17 33  3  - 57 15 52 47 22 36  8  - 10 41 19 49 24 40 35 27  4 55  1 34 30  -
  - 44 13 55  - 33 58  - 38 15 59 31 35  1 36 32 19 23 47 40 24 11  6 21  3  4  -  - 48 30 39 49 26  -  - 41  9 46 51 34  - 27 16 28 14 54 18  - 20 45 56  5  2 52  - 25  - 12 43 57
 17 42  5 45 25 21  -  7 35 18  -  9 36  2 44 49 26 46 27 29  - 32  -  -  - 55  8 10  - 38 11 30 60 23 52 57 19 31 34 48 22 53 33  6 12  -  - 24 14  -  - 41 20 59  - 51  -  - 40  -
  9 27 21 59 56 29  - 55 17 32 40 52  7 26 18 37  -  - 24 19 22 15 49 12 25 11 10 57  8 42  - 28 48  6 46 34 13 58 41  - 50  - 31 47  4  3 14 23  -  - 35  -  - 38 60  1 51  2 20 45
  1 43  -  - 49  7 54 40 45  -  -  -  8 47  - 51 18 53 46 38 35 42 34 31 52  2  6  - 39 27 14 11 21  5 24  - 17  -  - 19  3 37 48 30 25 33  - 60 50 28 29  - 58 12 10 56  9 26 59 20
 33 36  9 54 21 23 39 51 42 52  6 18 24 60  - 55 15  -  - 32  5  - 11 10 56 30 16 44 27 26  -  -  -  3 49 37 53 59 12 20 13 25 40  7 34 17 58 38 35 57 41 50 31  4 14 48 47 19 46  1
 18 34 36 40 13 35 56  -  - 39  - 10 16 46  2 29 49 14 21  - 47 22 17  - 51 20  - 54  5 12 55 58  - 59 50 23 26  8  -  -  - 15 32 11 42 30  -  -  9 25  3  -  - 28 48 53  4 44  - 41
 45 58  1  6 27  -  9  - 24 28 23  - 12 42 37  - 22 16 51  - 40  - 33 34 10 17  7 19 53 29  3 47 32 57  -  - 14 21 39 41  - 59 60 56 36  -  2  4 38  -  - 15 54 49  8 44 50  - 25  -
 40 17 60  -  6 43  - 18 14 49  - 27 56  -  - 57  3 31  - 51 25 50 13  - 34 23 41 11 36 16  8  4 58 35 37 24  -  1 42 22 46 33 28 26 30 45 59 29 32  7  2 53  - 55 12  9 39 20  - 38
 23  3 50  1 24  6 36 28 54  - 42  4  -  5 25 43 32 21  9  8 20  -  -  2 33 34 44 30 45  - 60 37 39  - 56 29 46 35 52  7  - 38 41 22 51  -  - 59 10 12 48 14 27  - 13 15 53 58 16 19
  - 33 11  -  - 50  - 49  -  -  - 57 15 51  - 22 28  -  2 34 37  - 48  3 23 40 14 59 46  9  -  -  - 60  -  -  4  - 43 55 47 10 18  - 35 16 20 31  -  5 26  - 21 58 29 36  - 30  - 17
 24  - 15  - 55 56  4 17  -  6 52  - 49  -  9 11 36 40  3 14 41 57 30 26  - 47  - 53 16 43 28 29 25 13  8 22 18  2  - 44 48 46  - 51 37 38 21  7 54 60  - 19  5 20  1 10  - 23 45 27
 26 30 19 24 42 38 40  -  3  - 49  - 48 56  - 14  - 43  8 36 23 35 57  -  2  - 51 58  7 53 52  -  1 50  - 10  -  6 46 16 21 29 13 32 33 12 25 15  - 18 59 31 28  5 11 60 27 39 17  -
 42 56  - 11 26  -  - 15  -  4 34 54  - 44  - 45 55 27 16  - 19  -  - 57  1 24 47 51 41 48  5 18 12  - 21  7 59 13  - 33 60  - 53 37 46 49 50 28 36  - 58 32  - 29  -  2 38  -  - 10
  - 28 22  - 14 42 43  9 50  -  - 32 10 55 45  - 23  5 36 27 26 58 35 46  -  -  -  - 29  - 54 48 47 44  - 21 25 53 11 56  7 17 19 33  - 18  3 16 37  -  -  - 12 24 52  4 57  8 34 30
  8 29 49 17 43  -  5 30  6 38 18 21  - 39  - 46 27 24  - 37 28 44  2 60 48 51 31 55  -  - 53 25 14 34 10  - 36 20 47  4 35 12 45  - 22 11  - 26 58 32  7 57 13 33  - 42  - 15 52 54
 46 23  8 49  5  - 41 54 12 29 32 53 33 17 15 25 57 60 28 18 27 14  - 50 44 59 36  -  - 24  7  3 19 58 55 20  -  - 38 10  2  4 42 13  -  - 51 34 48  -  1  - 22 40 35 39 21 16 11 31
 54  9 58 34 31 24 29 16  1 33 28 40 42 45 59 50  6 56 23 48  4 37 41 30 26 60 27 39 17  2 12 32 53  -  -  5  -  - 22 14 36  - 25  8  3  - 19  - 11 47 15  - 57 10  - 43 46 18 44  7
