2880
 35  - 22 24 44  2 36 58 54 28 39 18 31 11  - 25 19  - 57 23  - 12 59  3 17  - 52  6 60 30  - 41 47 13 46 43  -  8  1 14 37  9 48 20 29  - 16  -  4 27 50 34 42  5 49  - 56 55  -  -
  7 55 37  1 16 40 42  - 56 35 18 19 17 45 20 54 58 24 34  -  2 50 22 28 15 30 46  - 48 44  -  - 10 57  -  -  -  - 53 38 23 51  8 25 13  - 12 43 26  6 59  9  3  -  - 39  - 41 14 49
 15 44 36 34 57 10  - 52 20  - 22  - 46 43 45 58 24  -  - 16 12 28 27  - 50  - 30 17  - 48 25  - 26 49 55 32 39 47  -  4  - 19 18  3  - 14  - 13 23  5 38 51 29 37  6  1 60 35 11 59
 57  4  2  - 26 23 60  - 39 34  -  8 12 47 59 17 31 18  -  5 11 15  -  -  9 36 43 41 55 42 53  - 13 16 25  - 44 21 50 54 30 58  - 35  - 52 56 22 51  -  -  1 40 46  -  - 28  3  -  6
 27  - 59 42  9 48 23 39  7 53  5 41  - 15 21 18 28 26 22 30 57 54 51  6  2  8 49 40 43 52  - 32 37  - 10  - 45 33 44 12 19  1 47 29 16  -  -  -  3  - 20  4 36  -  - 31 46  - 58 60
 20 33  -  -  - 51 55  -  8 50 16 26 27 30 28 15 10  6 11  - 21 59 45  -  - 49 22 44 25  - 34 19  - 37  - 35 38 53 13 41 54  - 40  - 31 36 23  5 47 43  3 14 17 60  -  - 52 42  9  -
 59 36 12 50 45 24  - 38  - 48  2 16 44 51  - 57 46 42 37 25  3 11  - 43 30 20  -  4 29  - 47 53 15 56  -  7 22 40 14  9 32 26  - 58 41 17  - 34 19 60  5 39  - 49  -  - 31  -  6 33
  -  3 44 26 21  1 53  2 59 14 10  -  - 13  -  - 29 56  - 37 52  -  - 12 60 32  -  - 57 51 49  4 28 46 15 22  5  - 47 17 20 41  - 18 38 58 43  - 31 36  -  - 23  7 34 33 40  - 24 39
 42 37  - 33 31 18 48  - 17 54 60  - 45 49  - 10  - 46  -  -  - 32 30  8 51 24 21 12  3  5 40 26 35 43  2 38  7 41 28 55  9 50 56  - 52 13  - 44 27  - 34  - 57 58 36 59 14  - 20 25
 10 47 53 59 51  -  - 40 12  2 58  - 43 27 50 38  1 37 16 45  7 31 48 23 55 22 33  -  - 32 42 60  9  4 20 34  -  - 21 46 29 30 26 24 25  3  - 14 17 13 19 35  -  - 11  - 15 18  - 41
  5 50 41 55  - 28 24 42  - 19 15  - 52 46 60  -  3  - 45  8 26  9 25 40 47  - 10 49 13  - 43 56 53 35 58 17 29 32 33  -  -  - 36  - 54 34  - 37 30  4 31 44  1 39 51  6  - 14 12 21
 34 13 52 10  7 49 29 31  1 23  4 37 47  - 11 22 45 51 36 58 59 57 33 14 25 39 38 55 56 26  - 44 20 48 40  5  - 19 43 42 24 17  9 53  6 60 21 28 50 46 41 30  2  3 15  8 27 12 16 54
  2 54 55 53 37 20 19 24 44 11  6 25  - 39 32  7 42  - 43  - 29 58  - 18 40 23 48  1 27  - 35 10 33 50 41 28 34 15  8 51 31 57 21 14 59 56 13 49 38  9 52 45 60 47 17 16  5 30 46 36
 30  9 42  - 28 60 44  - 49 25 34 55  6 33  -  - 53 38 17 27 19  5  1 21 48 18  -  - 22  3 52 59 54 12  - 58  2 13 36 40 11 14 41 10 43  4 31 26  -  7 45 20 37 32  - 29 24 15 39 46
  -  1  - 32 29 36 10 17 30 39 13  9 19  5  -  - 59 60 55 21 40  8  - 46  - 58  2  3 52 54 51  - 41 53 44  - 31  - 22 20 16 38 45  -  - 11 47 23 24  - 12 25 33  -  4 48  -  6 42 14
 11 42 20 14  8 16 54 32  - 12 51 35  1 22 34 13 56 15 49 44 25 40  7 36  - 31  9  - 53 37  5  - 60  - 18 24 21 59  -  - 10  4 23 27 57 28 48 52  2 39 26 19 46 43 58 55 30 50 38 45
  3 17 46  - 25 44 52  7 53 15 23  - 58 29 39  4 26  - 50 10 33 27 16 30 21 35  - 19  2 12 60 57  - 31 11 37 36  6 41 28 51  - 38 56 55 40 14 48  9  1  - 24  - 34 20 18  -  8 45 42
 36  2  -  3  1 27 49 51  -  - 47 33 32  - 31  -  - 29 28 20  - 38 57 52 23 26 45 37 34 40 50  - 46 18 59 15  9 35 19 58  6 56 54 60 17 41 44  -  - 55 42 16 43 14  -  - 39  -  -  -
 53 18 24 19 34 25 39  3 40  5 44 49 16 21 29 31 33  -  - 47 55 20 15  4  - 11 28 23  6 17  9  -  - 60  7  - 35 52 38  -  - 59  - 50 32  -  1 42 22 12 14 57  8 48  - 37 45 54 36 51
  -  - 30  4 33 50 17 41  - 24 12 51 18  -  - 23 22 32 20 60 47  6 53  -  - 43 54 57 40  - 10 45  - 42 13  3 59 29  7 44 46 27 16 36  - 31 49 19 21 58 25  2 39  1  5 26 11 28  - 48
  -  - 21 51  2  7 31 25 38 22  - 53  - 60 30 44 15 14 24 46 32  - 13  - 43  - 56 27  9 11 36 50  3  -  1 39  - 17 45 34 42 47 52 59 18 26 35  6  -  - 28 49 10 40 55 41 57  5 33 29
 22 16  -  7  -  - 47 20 41 46 36 58 38  4 49  5  - 23 31  - 45  2 32 35 56 34 50 54 33  - 11  1 21  9 37  6 52 27 15  - 60 25  -  - 40 10 30 53 13 17 51  - 48 29 24  -  - 57 44  -
 21 43  -  - 22 15 57  - 35 47 38 45 37 28  4 50 52 27 30  -  -  3 44  - 54  1  6  - 59  - 18 34 58 29  - 41 14  7 10  8 12 60 11  -  - 33  - 36 42  2 17 48  -  - 23 51 16  -  - 26
 17 19  1 23 53 59 27  - 29 43 37 10 20 57 26 36 11  7 33 12 54  - 39  - 46  3  - 34 35  - 41 42  -  6  - 51 49 60  4  - 22 24 15 48  -  -  - 30 56  8 40 13  - 50  -  2  - 45 28 47
  9 52  - 20 35 56 21  -  6  - 26 36 50  3 15 55 18 31  8 29  5  - 58  - 14 57  7 59 44 45 33  -  - 47 60  4 32  - 30  -  - 48 42  - 53 19 24 12 11  - 49 43 38 13  1 40 22 51 25 37
 40 56 14 27 46  - 38 19 42  1  - 13 55 18 24 33 39 41 51 32 53  - 11 44 26  6 12  - 58 50 37 17  - 45  - 49 10 28 52 15  4  - 34 31 47 35 22 57  - 48 36  8 30 25 43 23  -  - 21  7
 12 25 43  -  3 54 30 45  -  - 27 28 13 17 18 47  4 40  - 51 60 37 42 15 19  - 29 39  - 35 46  5  -  -  8 16  -  - 58 56  -  - 24 26  1 38 33  - 52  - 55 50 53  - 31 20 49 32 48 23
  - 38 56 60  5  - 46 48 25 58 41 20 36 19  7  6 17  9 32  3 27 33 40 53 52 28  - 42 45 14 39 21 49 26 31  - 16 23 29 37  - 11  -  2 30 50 10 54 44 47  8  -  - 22 57  -  - 59 35  -
 49  - 26 15  - 29 58 30 21 18 53 48 51  -  - 60 23 11  4 17  -  - 38 50 36 40 27 46 32 33  8 55 43  -  -  -  - 42 31  -  3 52  1  5  -  7  -  - 14 56 24  - 35  9  -  - 25  2  -  -
  - 51 17 44 18 14 25  1 36 41 57  -  4  -  6  - 38 54  -  - 50 21 52 31 59 45 37  8  -  - 27 48 34 10 30  - 15 58  - 60 39 33 46 42  -  - 55 16 12 24  -  -  - 28 40  -  -  - 23 32
  - 60 50 30 48  - 20 21  - 10 55  - 57  9 56  -  7  - 29 40 49 47 28 41 32 38 59 14  -  1  - 36 45 24  5  8  4  -  - 35  - 13 33 22 58 18 17 11  - 42  -  -  6  - 54 34 44 46 27 19
 46 59  - 12  -  - 18  -  -  6  9  -  - 10 35  - 27  2 47  4 58  -  - 11  1 44 60  -  -  - 20 30 19 36 56 42  8  -  3  - 45 22 17 38  -  - 51 31 32 34 53 40 21 23 26 14 41 49 13  -
 16 58  - 18 38  9  - 54 43 29 31 60 23  - 19 27 51  -  - 41 22 36 35 45  6 25  3 20 14 24 12 11 59 52 48 55 50 46 56 47 21 49 57  1  7 15 39 33 28 37  -  - 26 17 10 42 32 44 30 34
 32 21 31 28 58 57  4 59  - 51  - 29  7 40  8 19 36 44  5 24 16 18  6 48 11 56 23  - 50  2  1  - 30  - 22 27 13 10 39  - 49 34 53 47 12 37  -  - 33 14 35 26 15 42 41 46 38 52 43 20
 51 57 33  -  - 43 28  -  - 38 56  - 21  6 52 26  9 19 14 35  8 60 34  - 27  7  5 13 39 47 48  - 40 23  3 20  - 12 46 16 55 44  - 45  4 32 11  1  - 15 10 31 50 24 22 25 54 53  -  -
 25  -  9 13 54 21  - 33 34 40 32  - 11 41  2  3 16 43  - 59 51  - 19 24 28 10 26 45  8 22  4 18 52 14  - 57 23 48 37 30  - 12 39  -  -  5 38 27 60  - 29 36 47  - 42 15 20 56  7 53
  6  - 28  - 13 17 50 53  2 26  - 21  8 44 42 40 49  - 39 31  - 16  9 32 20 29  4  -  - 18 57 46 27  - 33 36  -  3 34  5  - 15  -  - 19 47 58 10 37 38 43 22  - 54 45 60  - 48  - 24
  - 46 25 37 30 11  - 26 58  -  -  -  - 36 53  - 20  -  9 28 48  -  - 57 38  - 51  -  - 15 14 54  4  -  - 31 27  2  - 39 34 23 22 19  5 42  -  -  - 29  -  - 41 52 12 56 43 60 49  -
  -  - 49 29 36 47 59 50 32  - 54  - 41 25 33 52 13 12 23 39  - 53  4 10  -  5 20 31 30  - 56  - 11  8 42  2 17  -  9 43 15 55  3  6  - 27 37  7 40 57 21 46 19 16 60 38 18  1 51 22
 14  7 54 57 10 30  - 60 22  - 52  1 42 48 51 32  - 50  3  - 28 43 56 33  5 17 39 29 31 21 55 38 44 40 34  - 37 20  - 13 59  -  - 41  - 16 53 18  6 23  4  - 27  -  2 12 19 26  -  9
 31 14 10 25 47 22  7 27 19 44 28 42 34 58  5  - 41 55 56 11 38 45  - 20 57 50 16 60  -  -  - 39  1 33 35 12  - 49  -  - 52  - 29  8 37 48 15 46 53 51 18 21 54 26  -  - 59 23 40 17
 39 11  -  9 50  - 26  - 57 27  8 15 49 14 47 35 34  - 12 42 30  7 46 55  - 37 36 25 20  - 31 51 24 22 19 21  1 44  5 10  -  6  2 52 28  - 45 32 18 53 60 17  4 59  -  3  - 16 29 40
 38  - 32 31 20 46  2 49 16 21  1  -  3 23 13  8 60 22  7 19 37 26 50  -  -  9 15 58 28 59 44 29 25 41  6 33 55 34 24 45 57 54 14 30 36 39  - 35  - 18  - 10  -  -  - 47 48 43 56 27
 52 23 35 49 40 38 22  - 18  9  -  4 33 55 57  1 25  - 58 26  -  - 21 54 41 15  - 47  -  6 59 14 42 11  - 19 20 51 12  -  8 37 13 39 44  2 34 24  5 28 56 60 45 36  3 27 10 31 53 50
 48 15 51  5 39  - 13 23  - 45 21  - 25  - 16  2 37 30 46  - 20 35  -  - 49 59 53  - 36 19  - 40 22 34 32 44 26 56 42 52 50 18  4 12  -  -  8 29 41  - 54 47 24 55  -  - 17  7  - 31
  - 29  - 56 52 39 12 46 45 17  - 43 28  -  - 34 47 57 60  7  - 23 20  5  - 42  8 51 37 13 24  -  2 15 26 18 54 31 27 36  - 53 49 32  -  1  - 41 35 59 30  - 14  4 48 11 58 10 55  3
  1 10  7 43 23  5 41 11  - 55 59 54 15 31 14 12  8 34 42 18 13 51 60 47 44  - 17  9 24 28  -  3 36 25 16 30 58  4 48  2 26 39  - 40 35 46  6 21 45 32  - 27  - 19 52 22 29 38 37 56
 44 34  - 46 60 52  5 57 13  7  -  - 14 12  1 16 35 25 40 50 31  - 49  - 33  - 24  2 38 10  6 37 55 32  4 56  - 30  - 48 27 29 19  - 51  - 26 17 59  3 58 41 22 21 18  - 42  - 47 28
 19 24  6 54 27  4 14 12  - 37 35  - 59  - 48  - 40 39 26  2  1  -  - 16  -  - 34 22 15 25  -  8  5 17 50 53 56 43 60  - 47  7 30 11 21  9 20  - 57 44 32 29 58 10 13 52  3 33 18 55
 60  - 11  -  -  3  -  - 27 33 14 56  9 24 40 45 21 59 41  1 44  - 29 13 35 48 58 36 12 43 30 52 57  7 47  - 51  5 55 26  2 31 32 46 49  - 42  8  - 10 23 15 28  - 16 53 37 20 22 38
 45  8 60  - 11 42  1 36 46  3 48 40  2  - 27 30 14 10  6 55 41 52 47  7 58 21 57 26 19 29  - 33 38  5 49 13 12 22 16 50  -  - 31 43  - 53 54 20 34  - 15 28 56  - 37 44 51 39 32 18
  - 35 16 36 24 12 43 47 55 32  - 52 30  2 38 59  5 20 13  6  - 39 26 22 37 51  1 10  - 41 21  - 29  3  - 14 42 57  - 33 28  - 60  7  - 23  9  - 48 25 11 54 34 15 56 50  8  4 31  -
 26 32 15  - 12 45 56 35  - 57 42  6 48  - 17 14  - 33  - 13 23  - 55 39  3 41 19 53  4 49  -  - 31 54  - 46  - 50  -  - 44 16 25 37 20 51 40 59 29 52 22 11 18 38  - 30 47 24  2 43
  4 30 57 17 14 26  3  - 51 16  - 46 10 37 25  -  6 28 52 22 24  1 18 27 53 33 44 43 11 58  7 20 39  - 12 29 48 55 35  - 56  5 59 49 15 45  -  - 54 50  2  - 31  - 32  9 23 40  - 13
 13 26 23 21 41 32 11 28 47  8 46 59 39  - 12 29 44  - 18 53 15 22  5 42  7 54 35 38 17 56 58 43 50 19 36 60  - 16 51 25 48 45 20 55 10 57  3 40  - 31  6 52 49 30 33 24  4 27 34  2
 55  -  4 40  - 41 16 29 14 36  -  - 35 38 22  - 30 48 21 43  - 49 24 58 13  - 25 52 10 46 23 28 51 59  - 47 53 37  6 18 17 32 44 57 45  8 60  -  - 54  7 42  5 31 27 19  1  - 50  -
 58 22  -  -  -  8 33 10 28 56  7  -  5 50 44 41 12  - 38  9  6  - 23  1 18  - 40 24 51 57 32  - 48 55 21 54 30 45  2 27 14  - 35  - 26  - 29  - 49  - 46 59 25  - 53  - 34 13  4  -
 24 39 38  -  6 35  -  8  3 31  - 44 60 52 41 37  - 49 15 54 43 14 10 56 42  - 11 48  7 16  -  - 23 20  -  1  -  - 57 29 40  - 50 17  - 59  2 51 36 45 13  -  - 27  9  4 21 34  5 58
 56  - 34 39 17 33 45  - 31 52  - 11 29  - 37  - 48 36 19  -  -  - 54 59 24 27 55  - 23  8 22 47  7  - 53 26 41 38 25 57  -  2 43 28 60 12  4  9 16 20  1  6  - 18 46  5  - 21 15 10
 28 41 19 45 56 58  9 34  -  -  3 32 22  1 23  - 55 47 35 52 42  - 31 37 29  - 18 30 26 39 17 27 12 21 51  - 11 24 49  6  7 46  - 16 50 54 59 60  -  - 57  -  -  8  - 43 33 25  - 44
