2880
 19 27 20 46 52 15  3 53  - 38 47 35  5  -  -  - 45 50  7 49 30  9 26 36  4 16 28 29  - 11 57 24 13 10  - 54 55 32 58 59 43 22 21 51 56 17 60 12 42  - 44 39 48  8 37 41  - 40 25  6
 56 50 48  1  -  6  -  - 19  - 60 11 23 49 59  - 16  9 47 53 18 30 33 45 12 52 34 37 27  5  - 22 36 17 51 14 54 24 57 41  - 21 38 15 35 32 25  2  - 28 31 29 46 55 58  3  7 44 40 13
 36  - 43  - 18 25 42 13  8  -  9 57 53  -  2 15 59 47 33  6 20 27 31 32 55 45  - 38 30 10  3 58 52 22  - 40  - 19  - 28 26 48  - 50 39 29 34  -  - 14 37 46 16  1 41 35 17 54 51  7
 54  - 40 38  8 34 57 21 30 46 33  -  2 16 10 17 28  - 51 31 35  - 11 55  1  - 39 20 22 60 15 53 47  - 59  6 25  -  -  - 45 14  - 12  4 42  3 44  -  7  - 36 24 49  - 29 37 26  - 43
  7 20 26 43 60 55 36 48 10  - 54 46  -  1  - 45 23  2 58 17 15 40 44 11  - 34 32 47  - 59 25 18 53 13 21  - 56 27 41 50 24  - 29  -  5  4 16 57 12  6  3  -  - 33 42 31  - 52  - 39
  - 31  -  2  6  -  -  -  1 42 24 12 29 58 36  -  - 17  - 56 22  - 35 21 59  5 27 43  - 34  7 32 39  -  - 13 19 57 38  -  9 16 46 52 49 11 53 18 55  - 23  - 44  4 45 33 26 48 60 41
 20 56  - 18  - 40 24  7  - 47 10 23 11 60 34 59 14 31 27  1 57 36 46 26  - 35 25  9 37 19  - 12  -  - 22  -  -  2 49 38  - 52 41 48 32 13  - 30 33 51 29  5 45 58 55 54  3  8 17 16
  2  - 56 39 45 10 32 11 51 50  - 14 25 57 53 12 18 60  -  - 21 59  7  - 16 31  - 48  - 20 17  - 38 28 24 30 36 13  4  6 22  3 35 19 33 46 41 37 23 43 26  - 55 40 44 58  - 34 47  -
 50 59 52 14 43 23  7 42  - 18 44 38  1 21  4 10 22 27 32  5 25 58 15 19 37  9 49 26  - 36 29  - 20 48 12 33  -  3 55  -  -  2 11 35 28  - 54 34 16 17 57 53 30 13  6 51  - 60  - 45
 26 32 12  - 51 60 43 24 41  5  2 33 28 11  9 38 54 25 45 29 46  -  - 48 36  1 22  - 35 47  - 37 49 27  -  -  - 16  - 14 31  - 56 59  7  -  4  -  -  -  -  -  - 52 20 50 53 23  - 58
  - 30 39 17  - 51  4 49  - 14 37 56  8 33 19  2 58 36  - 42 34 45  1 50 41 13  - 40 52 23 31  - 46  5  - 16 44 25  - 26 55 57 43 38  9  7 10 15  -  - 35  - 29  - 11 21 59 22  6 53
  1 42 27 23  - 43 39 50 40 11 57  - 41 28  -  - 24  - 49 46 10 16  - 18  - 22 51 14  - 12  2 30 35 33 32  5 47  7 53 52 58  6 34  -  - 26 15 29 60  - 55  - 17 38  -  9 31 25 45 20
  - 10  - 37 32  - 33 41 39 25 40 27  3  2  - 13 46  7 44 21  1 20 54 15 18 42 38  5  6 49 35  - 22 60 16 24 28 51  - 45 29  - 36 56 50  8 31 58 14 52 17 47  -  - 59 48  - 30 23 26
  -  - 23  - 48 13 28  - 37 29 22 26 52 36 14  - 41 12 55 39  - 18  6 33 60 11  - 44 25 54 20  5  8 43 40 27 10 17  7  -  -  -  2 42  3  - 24  4 51 45 58 38 31 56  - 30  -  9 53 57
 43 34  - 56 54 30 18 60 15  -  - 32 45  - 46 36 52 26 37 28 59 57 29 23 19 47  7  2  - 22 53 16  1  -  - 38  -  - 25  -  8  -  -  3 10  - 48  - 11 20  - 12  4  9 33  -  6  - 50 55
  - 36 11  - 37  -  - 34 22  6 42  - 49 52 23  - 25 30 43  -  -  -  4  - 50 58  -  3 21 44 14  -  7 41 17 53 27 60 29  8 35 26 12  -  - 15 39 20 38 32 10 18 54 59 56 19  2 57 33 28
 33  8 58  -  7 36 54  - 18  4 17 37 20  -  - 11 57 23 48  - 39  6 30 31 35  - 59  - 49  -  9 25  3 44 55 34 45  5  - 46 53 51  1 29  2 19 22 27 15 12 43 41 50 26  - 28 13 14 24 56
 27  - 15 34  - 28 17  6 56 24 51 21 30  4 26 50 37 20 29  -  3 32 43 54 33 44 10  1 47 48  -  7  - 49 46 55 41  -  - 13 57  -  - 31 14  9 42 23  - 18  - 40 19 45 39 36 60 35 22 52
 22 38 16 35 14  4 55 36 48 56  1 59 24 27 28 33  -  - 46 12 44 34 52 40 39 43  5 57 42  -  - 50 21 29 60 58  - 41 45 51 10 47 49 20  8  - 17 31  9 26  -  -  3 25 32  6  - 18 19  2
  -  7 30 41 33 48  -  1  - 37 11 53  -  -  - 54  - 39  5 14 40 38  9  - 28 29  - 58 18 45 13  2 27  8  6  - 32 44  3 60 25  - 19  - 42 34 59 21 36 35 50 57 49 17 12 56 10 15 31 23
  8 47  - 51 25  3 10  9  - 16  4  - 13 26  -  - 15 44  -  2 24  -  - 49 11 57 40 32 59  - 41 28  -  6  -  7 43  -  - 27 18 37 60  - 19  -  - 52 34 56 53 45  5 46  - 42 21 20 58 38
 30 60 36 29 42 53 52  - 44 19  3 15 46  -  - 51 21 22  9  4 50  -  -  5 10 40 23 49 26 39 56 13 45 47  - 17 34 35 33 37  - 55  6 16 27 48 14 38  -  -  1 32  2 20 31 57  - 41 54  -
  - 52 41 21  - 31  - 30  - 20 53  8 42 24  - 49 43 18  -  - 60 17  5  - 57 55 26 50 32  -  - 19  - 23 48 36 14  - 11 34 44  -  -  4 38 47 33 45  3  2 54 37 59  - 13  1 35  - 15 25
 37 54 10 50  2 38 34 17  6 52 35  4 47 41 11 43 60  -  - 33 53 25 12 42 56 30  - 55 24  3 27  1 59 46  -  - 51 31  -  5 20 40 23 21 36 44  -  9 13 15  - 26 58  - 18 14 39 16  - 48
 11 44 57 36 34 18  6  - 16 39  8 51 40 42 52 29 48  -  1 15  - 22  - 46  -  -  2  - 38 26 12 43 60 59 58  - 21 50 13 47  4 35 33 10 55  - 19 28 24  3 32 17  - 31 53  5 30  7 41 37
  - 37 51 30 40 54 11 55  -  - 27 45 14 53 16 31  6  - 20 22 52  -  -  - 23  - 12 34  - 29 18 47  - 58  3 28 15 33 19  2 48 39 13 36 21 35 57  -  -  - 56 44  -  5  8 49 25 10  7 60
 24 40  6  9 39 14 35 23 25 51 34 19  -  7 42 28  3  1  - 57 43 47 56  - 46 37 15 21 45  - 52  4  - 50 33  2 26 18 12 58 32  8 16 27 11 20  - 41 10 31 30 49 60 29 22 38  - 53 55 54
  -  6 33 32 30 21 23  4  -  3 16  - 37  - 58 53 29 13  - 43  - 56  2  - 22 27 47 46 50 57 24 49  -  - 35 26  5 11 52 17 42 20 44 54 45 12 28 40  - 48  8 25 14 41  7 34 15 31 39 10
  5  4  2  - 56 19 49 45 21  -  -  1 12  6 44 41 11 46 14 37 58 23  -  -  9 26 35 28 43 27  - 51 17  3 54 59 22 47  - 20 13 31  -  -  -  -  - 39 53  - 40 55 57 18 24  7 16 33  -  -
 10  -  8  4 27 22 37 32 53 40 59 16 44 31 13 47  -  -  - 41 54 39 49  - 29 20  6 17 34 43  1  -  9 56 18  - 58 45  - 42  - 25  -  5 30 28  - 36 52 23 46 14 15 12 48 60 51 21  - 35
 17 26  - 45  - 35  - 25 20 12 21 30  - 46 32 48  -  -  - 23 27 54 37  4 13 36 53 41 51  -  8 15  -  7 57  -  1  9 42 19 16 49  - 14  - 22  2 55 44 60 52  - 18  - 40 43 58  3 38 33
  4 17 34  -  - 20 38 54  2 26  -  - 22  - 41 25 51 57  6 30 37  8 24  - 44  - 52  -  1  -  - 56 40 14 19  3  -  - 16 39 15 45 31 47 23 33  9 50 21  -  - 58 36 27 35 11 12  - 59 32
 38  9 18  - 19  7 53 44 50  -  - 40  -  - 12 35  -  5  3 25  -  1  8 30  - 60 24  - 46  4 26 33 48 32  - 52 57 39 51 55  - 15 17 23 58  - 29 56 54 41 42 31 34 10 16 13 28 47 37  -
 23 13 53 49 22  - 40 38  9 59 30  7 58 35 25 37 47  3  - 11 26 33 36 24 17 12 42 18 29 28 46  - 43  - 45 31  - 14  5 15 34 56 39 32 44 41  6 16 20  8 48  - 10 19 57  -  1 27  - 51
 58 24  -  3 57 32  8 33 13 41  - 47 35 25 17 60  - 54 12  9  6 43  - 27 30 38 16  - 53  -  - 29  4 37 20 10 40 55 48  7  - 59 50  -  -  - 21  -  1 34 39 52 56  -  5  -  - 19 26 46
  - 55 29 25 28 39 15  -  -  - 20 17 18  8 24  5 31  4 56 60 42 50 16 59 34  7  3 11 58 53 30 52 51 19 27  1 37  -  2 23 49 46  9 40  6 43 26 10 57  - 38 13  - 48  - 22 33  -  - 36
 44 14 50 11 31 56  -  - 49 21  -  - 26 29 27 52  - 45 28 38 12 24 47 20 42  - 46 23  3  - 36  - 15 16  2 25 33  6 30  9  -  1 55 58 41 54  7  8 17 19  - 48  -  -  - 32 40  5 18 22
  - 21 44  - 13 29  -  2 26 17 41 55  - 14 39 24  8 34  - 36 32 35 59 52  6  - 58  - 28 50 37 31 12  - 10 45 48 20  -  -  1  4  3  - 40 23 56 47 49 22  - 42  - 53 19 15 18 46  -  -
 39 46 49  - 41 42 47 35 52 55 58 29  9 50  5  -  - 19 10 34 51 37 40  - 54  - 36 24 16 38  6 27  - 45  -  -  -  1  - 12  - 43 26  - 18  - 13 33  8 11  -  7 22  -  -  4 48 59 44 21
 12  - 38 42 53 46  -  - 36 35 32 43 16 45 22 58 56 59 41 47 13 49 28 10  -  - 50 54 60 24 19 23  6 40 52  -  8 48 44  - 39 33  - 57 15 21  -  5  - 25 18  2  7 14 27 20  -  - 29 11
  - 25  5  -  - 11 16  -  -  1 15 44  - 18 33  7 32 29  8 50 48  4 41  9 20 39 31 36  2 58 34 57 30 38 49 21 46 56  - 54  3  - 28 45 52 60 55 19  - 37 13 22 53 24 17  -  -  -  - 47
 60 41 59  7 23 47 19 31 35  - 56  9 57 22  - 27  - 51 21 16  2 42 32  -  -  - 17 10 14  - 54 38  - 15 34 29 39 40 50 36  5 18  - 30 48  1  8  3 43 33 25  - 13  -  -  - 44 24  - 49
 25 28 54 15 59 17  - 18  4 23 43 49 21  -  7 40 26 52 57  -  8 44 39  -  2  - 29 51 31 33 45 46 41  - 42  - 24  - 10 32 56  - 58  - 12 37 20 48 19  5  -  3  -  - 14 27  9  - 35  1
  3 15 28 60 29 52  9 59 23 32  7  - 27  -  -  - 49 55 50  - 41 51 14 16 31 48 19 56 11 13 47 26 24  - 39 20  4 37 34 40  6  - 10 43  1 25 58 53  2 44 22 21 35 42 36 45  8 38 12 17
 16 39 60 20  -  8 31  3 32 44 28 54 17 43 47  - 13 56 53 18 23 19 25 34 26 49 45  - 40  7  - 10 42 35 36 11 38  - 21  1 14 58  4  9 59 52 27 51 37 30  5  - 12 50 46 55 24  6  - 29
 51  -  - 27  -  -  -  - 54 60  - 42 36 48 49  -  5 37 38 10  -  - 34  1 15  -  -  4 23  - 32 59 11 18  - 46  - 53 40 33 41 19  -  6 31  -  -  -  - 47 12 20 26 28 43 52 29  -  - 14
 52 53 37  -  3 44  2  -  -  - 38 20 15 56 50 30 17 14 18  -  7 29  -  - 58  - 41 19  - 32 40 34 54 12 11 60  9 26  - 49 46 13 24  -  - 55  - 22 31 27 16  6 42 39 10 47  4  1  -  8
 34  3 21 57 17 49 20 47 45  - 55 58  7  -  -  - 42 48 26 27  5  - 23 25 32 59 43 60 54 37 44 41 18 31  4 50 35  8  - 10 11 12  - 22 16 38  - 13  6  1 15 19 28 30  2  - 14 51 46 40
  6 16  1  -  - 59 26  5  7 49 12 18 43 23 54 46 30 28  2 13  4 21 19 38 25 14 11  - 20  -  - 39 29 36  8 42  3  - 22 24 17  9 32 55 60 45 40  - 27 10 51 33  - 35 47 37 41 50 57 15
 28 11  3 58 38 45 14 46 33  - 29 10  - 15  - 23 39 42 24 40 49  5  - 51  8  - 54 12 13  - 43  6 55 30  - 56  2 59 26 57 37 60 52 25  - 18 44 32  7  4 20  9 21 36  1 16 34  - 27 31
  -  - 47 54  -  - 60  -  5 27  - 39 55 59 57 21 10 58 40 26 45 15 38  -  -  8  9 33 41  - 42 11 50  4  - 32 18 34 14 48 19  - 25 44 43  - 35  1  - 49  - 30  6 51  -  2 36 29  3  -
 31  2  7  - 21 58 12 15 17 48 26 28 54 44 51  9  1 32 11 59 16 14  3  - 27 33  - 30  -  6 23 35  -  - 37  - 53  4 20 18 36  - 40 34 29 50 47 25 46 57  - 24 38 60  -  -  - 55 56 42
 47 23 55 33 24  - 21 43 46 30  - 50  -  3  -  8 27 11 25 35 31 26 20 17 49 41 14 16  9 15  - 44 58 39 56 19 29 38 18  4  2 28  7 13 54  5  -  6  - 53 59 10 51 32 60 12 57 37  - 34
 49 51 25  - 47 16 48 19 42  7  6 34  -  - 18 56  4 43 54 24 28 10 45  - 38 21 33  8 57  - 58  9 44 55 29 41 59 52 37 31 50 53 14 11  -  -  1 35  5 13 60  - 39 22 15 40 23 32  2 12
 45 48  9 19  -  - 25 26 55  8  - 36 32 20 31  - 12 33  -  7 11  3 51 35  - 46 56  - 10 18  - 60 14  2 44 43 50  - 15 53 27  5 59  - 57 30 52 17  -  - 21 34 40  - 28 23 54 39 42 24
 57 22  -  5  - 24 51 12 29 13 18 60  -  - 37 55  9 49 31 58 19  2 10  - 48 56 21 53 15  1 33 20 34 26 38 39 42 28  - 11 52 23 27 41 17 16 43 14  - 54  6 35  - 47  - 25 46 45 32 59
  - 33  -  - 20 12 44 14 11 43 31  2  - 51  - 39 38 41 16 45  - 52 27  7 47  -  8 15 19 40  5 55 23 53  - 22 17 30 28  3  -  - 57  1  -  6 32 54 35  -  -  4 25 34 29 26 50  - 21  -
 21  1  - 26 58 57  - 27 60  - 25  6 19 54 20 18  2 53 35  3 29 12 50 37  - 17 55  - 56 14  - 40 28  9  -  - 23 15 24  -  - 41 51  8 13 39 46 42  4 16 45 59  - 11 38  -  - 49  - 44
 42 19  4 52  -  1 46 57 14 36 13  3 56 32 30  6 33  - 17 54 47 55 22 12 40 23 18 35  7  - 39 45 16 51 41 37 49 43  8 44 59 11  - 53 26 31 38 60 25 21 24 15  9  2 34  - 20 58 48 27
 29  5 45 53 44  -  1  - 38  - 39 22 31  - 43 34  -  6 23 52  - 46 17 14 51 25 37 13 55 42 10 36 32 57 50  - 20  - 59 35 21 24  -  - 47 58 30 49 41  9 33  - 11  7  -  8 56  2 28  4
