2880
 58  - 57 49 18  - 39  - 59 43  - 32 23  2  - 26 35 29 17 36 42 11 40 56 21  -  -  4 34  - 60 24  9 25  - 30  6  - 41 45  - 51  8 50 55  3  - 15 33  - 27 12 53  7  - 48 46 20  1 52
 12  - 46  - 60  -  - 15  3  9 17 25 29  -  8  1 21 59 58 28 27  -  - 48 38 14 49 32  - 51 22 45 16  4 57 54  -  - 13 55  - 35 56 53  -  2 44 23 18 33 30  - 40 11 50 20 37  7 19  -
  4 26 44 13  - 19  -  -  - 18 51 56 38 14 53 35 16 55 33  - 10  5 25 23 40 42  8  - 41 48 20  - 50 11 58  - 57 24  -  - 15  - 39 43 31 29  2  7 60  - 47 32 45 37  - 17  6 28  -  3
 49 25  -  5 41 15  - 13 30 29 60 16  7 23 17 48 12 56 26 31 47  8  6 55  - 46 24 53 27 44 11 10 40 52  -  3 43  - 33 36 59 20 37 42 57 28 50  9 54 32 45 34  - 21  1  - 35 18 22 39
 39 13 21 58 46 32 43 48 11 35 37 31  2  1 23 10 38 19  - 20  -  -  4 28  - 56 59 24 40  - 36  -  -  - 50 29 15 52  8  6  -  - 30 27 44  5  7 12 16 53 41 51  -  - 33 60 42 14 26 55
 37 39 38 10 13 31  6  3 46 26 22 42 30  7 55 59 29 25  - 35 49 51 33 60 47  4  -  - 53 56  - 43 32 48  -  - 50 54 15  1  9 28 27  -  - 20  - 14  5 44  -  -  - 19  - 16 40 12 24 41
 16 58 17  2 21 44  9 26 15 60 46 28 57 52 48 27  - 11 19 42 40 13 53 37 41 29  5  -  -  - 23 36 33 45  1 18  - 55 32 54  4 10 22 35  - 34 14 47 24 12 43 50 51 25  7 31  3  8 59  -
 26 17 14  - 43  3 52 42 13 53 21  - 18  - 35  8 58  7 29 46  - 60 50  - 22  - 23 40  1 11  5 44 56  9 45 28 32 59 38  - 48 33  - 54 16 25 36 20 19 57 34  4 24 12  6 51 31 10  - 30
 11 16  - 38 59 18 46  6  4 44 25 57  - 27 36 37 15  - 56 14 39 30  8 53 33 34 54 41  - 45 31  7 55  - 43 26 49 17 19 10 23  - 42  - 52  -  - 58 29 21  9 22  5 20 12 28 32 50  3 51
 43 20  5 17  -  - 22 19 33 13  - 52 59 45  -  - 26 48  1  - 29  2 32  - 10  - 18 46  7 35  9 51 44 24  6 39  - 53  -  8 58  - 16  -  4 47 15 34 11 55 21 38  3 57 40 49 25 36 60 37
  - 50  4 54 48  2  - 53 18 45 20 24 51 38  - 14 11 58  - 49 26 34 56 12 23  3  - 44 36 22 52 35 39 16 17 32 40 21 30 15 60  6  -  8  9  1  - 37 13  -  -  - 55 47 59 33 41 57 46 27
 40  - 43 25 30 13 24  -  -  - 42 29 55 56  - 31  5 26 12 10  - 28  - 36  2 54 53 39 38 50 21 37 46  -  -  - 22  6 14 16 32 52 41 33 11 35  9 59 48 49 15 27  4  -  3 44 34 19 57 23
  - 38 47  - 39 48 19  - 28  - 45 53 56 54 31  -  - 10  - 12 36  -  9  8  6 23  -  - 21 15 14  - 60 17 59  - 27 57  1 33 55 44 43  2  - 50 30  - 35  - 42 37 29 18 49 25  -  - 40  7
 28 47 12  6  1 27  8  4  - 36  7  - 58 46  - 50 57  -  - 29 32  - 38 11 37 13 20  3 60 53 59 16 51  -  9 33  - 22 42 35  2 14  - 31  - 24  -  - 21  - 26 45 15 44 25  5 52 34 48 18
  2 43 36  -  - 55 41 33 21 11 44  -  -  - 51 52 28  - 14 34  - 50 58 59 60 35 48  5 24 40 56  1 25 10  4 37 12  -  6  - 19 26 15  3 30  - 18  -  -  - 23  - 32 31 39 46  - 45 38  8
 18 14 34 11 10 35  - 29 58 23  6 17  - 41  5  - 39  - 22  -  -  - 57 27  -  - 16 55 47 32 28 19 49 56 26 15  - 36  2 60 40 37 13  - 25 54 42 21 45 50 24  -  - 48  9 53  1 43  - 12
 42 23 31  -  - 14 10 18 17  - 50 27 41 13  -  - 37 22  - 45  - 53  - 39 58 24  - 57  -  - 48 34 21 47 56  -  - 30  -  - 35  5  - 16  - 52 59 25  1 20 51 33  6 40 38  7 12  - 49  -
  - 46 26  1 42  - 54 39 25 58 11  7 20 57  - 13  -  - 48  - 23  - 15 31  - 22 28 37 12 16 55  9 38 18 40 49 45  2 21  -  8 50  3 17 29  6 52 35 27 56  4 60  -  -  -  - 51  -  5 10
  7 41  - 16 51 38 27 49 32  4 57 26  5  9 11  -  -  - 13 30 37 17 22  - 29 52  3 25 43  6 42 40 23 35  2  - 28 20 53 14 54 36 24 48 39  - 47 45 15 46  - 10 19  - 34 21  -  1 58 59
  - 54 35 15 12 45 28 38  2 31 27 58 37 59 14 44  7 21 42 24  3 47  - 43  9 51 34 56 55  -  - 23  6 49 11  - 13 18  4 41  - 40 19  5 46 48  8 17 57 36 33  1 22 30  -  - 50 39 52 53
  -  9 19 34 20 47  - 40  -  - 39  -  1 29 28  2 36  8 21  5  -  4 12 52  7 55 56 45 31 17 16  - 42 14 18 48 25 51 50 37 33 38  - 49 32 22 46  - 58  -  - 41  - 53  - 35 57 27  - 44
  - 42  6 52 17 51 32 36  - 37  3  9  - 10 18  - 33 38  4  - 56  -  -  7 26 19  - 59 48 24  -  - 31 54 35  - 21 14 57  2 39 29 55 40 45 46  -  5  -  - 28 43 58 41 47 12 20 11 23 50
 51 22 29 18 36 25 16  9  -  -  5 20 11 50 10 45 55 57 49 48  2  -  1 40  -  - 42 26  - 54 39  - 37 15 41  7 19 31  - 38  - 27 44 28 23 17 53 13 14 59 52  -  - 43 30 47 24 35 12 58
  -  - 45 20 44  8 36 58 42  -  2 19 21 49  6 41 59 52 31  -  - 24 13  4 32  - 60  1 23 37 15  - 14 53 10  9 35 50  7  - 30 46 48 56 26  - 40 43 12 22 38  3  -  - 54 18 17  5 29 16
 55  6 50  9 57 43 30  7  -  - 36 21  - 17 40  - 10  3  5 23 52  - 31 24  -  -  1 51 42  - 58 41 20 44 12  -  -  - 27  4 38 16 33 45  - 18 11 39 37  2 14 54 48  - 46 34 47 59  -  -
 52 49  - 39  6 36  3 59 20 30 53 41 45 35 60 40 42 16  7 11 14  -  - 38 50 18 58 15  -  - 34  - 17 29 32  - 54  - 10 28 43  -  - 12  - 33 31 24 47 23  5  8  2 27 57 13 26  - 25 46
 59  -  8 36  - 41 47 14 48 54 30  - 50  - 39 60  - 32  2 58  5 37  7  - 43 31  4  6 44 29 19 26 13 42 33 51 16 11 28 22 25 18  - 24  1 12 56 49  3 45 20 23 35 55 52 38 15 53 27 17
 15  - 40 53  4  - 44 50  8 25  - 34 19 31 54 47 52 27 37  6 13 12  5 58 59  - 46 23 57  - 18 39 26 32  - 41 33  7  -  -  - 21  - 20  -  - 43 48 30  -  3 17 16  - 35 22 45  2  - 49
  -  - 56  - 19 34  7 54 45  5  - 12  - 25  - 32 20  - 24 57 17 49 29  -  - 37 35 42  3  -  -  - 10  -  8  - 47 13 26 53  -  2 18 41 48 21  1 38 51 58 36 28 43  9 27 14 11  - 31  -
 48  8 51  - 23 24 12  - 60  -  4  6  - 58 56  - 18 39 32 37 41 25 21 19  -  - 14  -  -  5 38  -  - 55  7  - 30 33  - 27 34  - 35  -  3 15 45 50  - 16 46  2 44 28 17 43  - 29  9 57
 57 52 13 28  -  - 60 34  5  - 59 38 27 15  3 21 50  - 16 26  8 33 23 51 55 43 29  - 46 58  - 48  - 31 42 19  -  9 11 12 44 54  - 10 40 45 25  2 22 24  1  7 14 56 18 37 49 47  -  -
 13  5 18 56 32 30 45 35 22 20  1 51 48 42 38 15 17 54  - 41 58 43 55 29 39 44  7 49  -  9  - 31 12  2 19  - 26  -  -  3 57  -  -  - 24 53  4  8  6 40 11  - 23 16  -  - 60 46 47 14
  6 56 20 48 50 40 33  2  - 41 54 44 52 26  - 23 24 28 30  8 31  -  -  - 12 53 38  - 29  1 49 15  - 19  - 22 11 39  - 18  7 17 60  - 27  4 34 10 42  - 13 47  9 59 21 36 58 16 45 32
 45  - 15 55 58 39 51  - 44 46 32 22 54  4  - 16 41 60 20 21 11 48 30  2  - 57 50 47 10  7 53 27 43  - 37 36  5 23 34  -  3 49 28 52 56 59 17 18 40 25  - 42  - 38 31  9  -  -  8 19
 29  3 49 19 28 58  -  - 41 47 26 45  8 22  4  6 32 44  - 17 25 40 16 14 53 30 51 12  - 33 24 20 35 39 60  -  -  - 48  - 56  -  -  -  2 23 21 27  7  5 54 52 37  - 43  1 36 38 42 11
 19 44  - 60 27 26  - 31 55  7 41  5 25 53  1 58  - 42  9  - 38  - 54  6  3 12 11  2 15 34 46 22 24 43  - 56 37 49  - 21 51 32 17  -  - 30 35 16 23 47 10 59 18 39 20 52 13  - 36  4
 33 30 27 29 22  - 21 25 40  1 38 18  - 16  - 56  - 23  6  3  - 54 37 45  4 50 57 10 19  -  -  -  8 60 15 59  9 34 49 24 52 47 36 58 53  -  - 42 31 14 55  - 41  - 13 26  - 44 51  -
  9 32 10 50  - 60 13  - 39  8 48 30  - 19 34 12 25  - 44 18 46 23 52  - 35  - 17  - 11  - 29  6 15 58 16  -  2 47 54 26 42 43 14 51 28 57  5 33 41 31 53 40 59  1 37 55 27  4  7  -
  - 55 32 31 29 46 20  - 52 40 24  -  3  6 47  - 19  9  8  - 53 39  2 21 25  - 15 30 58  - 35 33 48 38 34 14  4  - 23 57 17  -  7 37  - 51 27 28 59 18  - 13 56  - 42 10 54 49 11 60
  1 10  9 47 38 20 17 37  - 24 14  -  - 33 46 55 48 35 53  -  7 57 28 34 15 60  - 27 45 13 30  -  2 40 21  6 18  -  - 39 50  4  -  - 51  -  - 36 32 26 25  5  - 52 56 23 22  - 54 42
 41  - 16 27 31  7 53  -  - 56 23 15  - 28 50 42  6 34 40 13 43  3 35 49 44 33  -  - 37 55 25 47 57  5 38 17 58  - 45  9 36 24 32 18  -  -  - 19  -  4 39 26  - 10 51 54 14 52  2 20
  3  4  7 59  -  - 37 11 16 28 55 33 22 34 27 57 44 17  - 39 30 26 49  -  - 45 43 38 32 31  8 25  - 13 20 46 60 12 52 47 10 23 40 19 41 14  -  -  - 54  2 36 42 58 15  6  -  - 21  1
 23 21 11 14 40 16  4  - 47  -  9 60 36 37 58 34 51  - 45 33  - 52  3 13 28 17 39 48  - 12 57  - 59  1 46  2 24 44 35  - 31 22  - 26 49 27  -  - 43  -  8 53  - 54 41 19  - 25 50  5
 53 60 22 12 52 11 18 43  -  - 35  3  4 30 24 25 34  - 28 27  - 15 44 54 16  - 41  - 33  - 45 58 47 26 55  5 36 10  - 42  6  8 23  7 59 31 37  - 20 48 57  -  - 17  - 39 21 13 56 29
 14 36 52 46 24 49 40  - 10 15 29 59 17  -  7 38  2 33 47 51 12  - 27 50  1 20  - 13 56 21 41  8 34 57 54 45  -  5 43 25 11 42 31  9  -  - 16  3 39 37  - 58  - 23 44 30 53 55 18 28
 47 40 25  4  8 54  -  1 27 51 15  - 14  - 13 19 46 20 50  - 24 16 10 18 49 32  9 29 39 59  -  2 11 28  - 60 41 37  5 31  - 53  -  6 38 55 26 52 56 17  7  - 21  - 48 58 33 22 34 45
  8 45 55 40 14  9  - 41 34 48 18  - 39 51 29 53  3 46 35 52  -  - 19 44  - 26  - 31 30  - 37 13 54 27 36 11 42 15 58 56 22 12  -  -  - 38  -  1 28 60  6 24  - 32  4  2 43 23  - 25
 25 24  1 44  7 52 59 60 26  -  - 39 34  3 33 43 53 37 55  -  - 35 17 57 20 11 31  8  5 38  -  - 22 21 51 50 46 28 18  - 47 56 58 32  -  - 48 30  9  6 19 16 36 45  - 27  - 54  -  2
  - 11 37 43 55 12 31  - 38 33  -  2  9 48 41  5 13  1 23  -  - 36  - 10 57 16 27  - 54 49  - 52  -  -  -  - 51  - 39 50 28 45 47  - 18 58  3 56 44 29 17 20 46  8  -  -  4 32 30 35
 17 15 54  - 37 53 57 51 31 34 13 35 28 18  -  4 27  - 36 19  - 55 42 41 24  - 12 22  6 39 47 59 52  -  3 43 10 46  -  5 45  7 29 25 58 44 20 60 38 11 50 14  8 49 32 40 23  9  - 21
 32 53 41 42 33 10  -  -  1 50 47  - 26 43 45 39 22  - 11 55 15 31 51 35 18 38 36  9  8 23  4  3 30 20  5 52 14 60 44  7 24 58 25 59 54 49 29 40 17 27 48 19  -  2 28 57  - 56  - 34
  - 51 30 33 49  6 29 46 36 39 12 40 42 55  - 20 60 18 41  - 35  - 47 16  5  9 44 14 26  -  1 54 27 50 22 58 59 25  3 13  - 11 21  - 34 43 57  - 53 52 56 48 28  4 24  8 10  - 32 38
  - 34 23 41  -  4  - 55 24 57 43 54 53 21 32 28  9 31  -  7 45  -  -  - 36 48 22 20  - 47 27 30 19  - 52 25 44 42 37 11  5  3 26  1 10 13 33 46  8 38 59 39 49 15 29 56  - 60 14  -
 44 19 58 22 56 29 25 52  6  -  - 10 47  - 59 36  1  5  - 40 51 42 14 32  -  7 26 21  9  -  - 28  3 46  -  8 48 43 20  - 27  -  2 57 35 60 13  -  - 34 18 49 11  - 23  4 38 37 15 31
 36 18 48  - 34  -  - 21  -  - 28 55  6 24 37 30  - 43 10 38 54  - 41  -  -  - 40  - 13 57  - 56 29  - 31 53  8 58 17 32 20 39 45 60 47 16  - 22  2  1 35 25  -  3  5 42  -  -  4  -
  - 59 53  - 26 50 11  -  - 22 56 14 12 32  -  - 54 40 15  - 34  - 18  -  -  5  - 33 52 10  2 60 45  - 24 27 23 38 25 51 41 13 49 30  - 36 39  4 55 42 29  9 57 46 19  -  7 31 28 47
 60 31 33 23 16  5  -  -  9 14  8  - 15 11 25 54 47 53 27  - 20 45 34 17 52 36 21 18  4 46 43 12  -  7 30 24 29  3 22 48 49 57 10 55 19 41 51 26  -  - 37  6 38 13  2 32 59  - 39 40
 20  -  - 30 47 57 26 28 23  - 58 37 16 40 21 17 31 15  3 22 33  - 43  - 54 25 52  -  - 41  7 11 18  - 14 35 34  1 51 19 29  - 53  4  - 42 60  6 49 39 12 44 27 36 10 50  8  - 55 56
  5 33 39 32  - 37 56 45 57 59 16 50 31 20 12  - 30 36 51  2 60 21 24  1 27 41 10 43  -  - 44  -  -  8 53  - 52 35 47 58 46 34  4 29  -  9  - 55  -  - 40 11 54  - 22 15 19 42 13 26
 46 57  2  8  3  - 48 27 35 52 40 23 44 47  9 24 56 12  - 53  - 14 36 42 11  6  - 34 28 20 51  -  5 33 25  1 38 16 55  - 18 30 50  - 43 19 10 31  -  - 60 15 13 26 58 29 39 41 17  -
