2880
 53  7 49 44 52 26 60  - 24 22 45  4  8  -  2 48  3 15 19 35 37 39 28  5 36 41 59 40 50 10 57 38  - 29 18 31  -  9 33 58 12 32 16 30 20  - 51 46  1 11  - 55 25 54 47 27 42  6  - 34
 45 52 29  9 46 41 31 32 33 39 26  7  -  - 25  8  - 53  -  - 59 12  4 57 24 36 28  - 54 48  3  2 20 55 43  -  - 27  - 51  - 13 35 50 21  5 11  6  - 10 34 17 15 23 44  - 14 47 22 56
 15 30  - 37 44 13 40 34 19  6 43 10 54 20 28  1 14 36 52  3 23  8 57  - 45 38 53 58 56 26 32 50 31  2 12  - 18  4  -  - 55 25 22 11  - 27  - 47 42 46 39 49 17  5 35 51 59 41 16  -
  - 57 42 25 39 56 22 21  - 50 23 37 13 49 27 28  -  -  4  5 14 47 43  - 53 34 32 54 60 51 36 59 12 31  -  1 33 38  2 19 10  -  3  - 46 26 15 24 29 30 48 18  - 44 52 20 35  7  8  -
  9  6 25 21 13  - 45 18  -  - 54 22  - 38 29  2 20  4 36 39 34 26  5 15 17 43 19 31 10 44 30  - 27  -  1 16 12 32  7 28  8 51  -  - 58 47  - 11  3  - 60 56 55 46 23 14  - 33 49 40
 46  - 30 16  -  8  -  - 56 43 57 52 20  1 60 10 35 47 55 59  - 34 22 54 19 27  7 48 58 32 50 33 23  -  5 12  - 18 17 11  -  9 40 51  - 25 39 41 36  -  - 45 42  4 31 53  6 14  - 24
 39 45 36 24 22  -  - 44  2 34 52 19 21 40  - 56 37 50 35  - 51 20 48 14 30  - 31 10 23  9 33 32 53  - 57  6 49  -  - 42 18  - 25  3 55  - 47 13  -  -  4 26  7 43 54 38 15  8  1 28
  - 40 17  7 42 19  - 54 20 57 11 30 50 31 55 23  -  9 46 58 36 25 45  2  6  3 43  - 53 15  - 16 24 28 21  - 35 60  4 56 29 27 26 59 37  - 41 34  5 44 13  - 39  1 22 48 38  - 18 32
 37 59  - 51 15 30  7 46 47  5  4 21 31 56  - 58 24 34 17 12 10 43  - 40  8 55 23 39 57  -  - 20 42  9 49  - 16  - 36 41 50 52  1  - 35  - 25  - 53 45 33 38 13 48 19 28 18 29 11 22
 35 51 26 11 27  1 56 55 45 13  9  3 44 57 38 50 15 42  - 25 53 48 40 60 41 39  5 33 36 47 49  6 19 58 17  -  - 59  -  8 22 34 24 20  2 52 29 23 12  4 21 16  - 32 14 54  -  -  -  -
 56 21 22 47  5  -  - 19 42 38 17 35  - 24 18  - 49  2 37 20 55  - 58  3 57 26 27 15 52 13  -  8 34 44  9 46  6 39 59  - 51 43 23 41 50 31 10  -  - 14  1 28  -  - 45 36 48 40  - 60
  -  -  - 35  - 28  6  9 15 55 30 16  3 21 23 33  7  - 58 47 56  4 11  -  - 51 14 27 48 49 19  - 45 37 20  - 44 10 57  -  - 38  5  2  8 50  - 26 41  -  - 60 22 18 29 39 24  - 32  -
  - 26 58  - 50  4 51 47  8 27 31 20 19 13 48 11 22 38  3 52 16 30  - 42 14 12 18  - 45  -  -  5 32 35  2 21 36  - 44  - 53 17  -  -  7 57 56  - 60 55  9 33  1  6 40 23 10 24 34 54
 51 11 19 42 40 23 28 52 60 10 14  1 16  -  - 17  6  - 44 30 46  - 24 22  -  - 36 55 12 43 48 54 59  4 47  -  7  3 38 21 41 29  9 58 31 15 18  2 32  - 56 27  5  - 34 49  - 57 25 53
 30 53 60 22 14 46  - 27 36  -  - 55  -  8 58 37  4 18 41 49 15  6 34  -  2  - 50 44  1 33 51 19 29  3  -  - 38 13 48 45  -  - 21 16  - 54  -  - 26 57 59 32  - 11 10 17  5  - 40  -
 12 38 21 26 10 35 13 36 18  8 53 28 33 23  - 29 43 60  - 51  -  1 59  4 47  9 34 37 39 40 22 31 46 49 58  - 11  5 27 44  -  -  -  7  - 14  - 32 57 19 17  3 56 25 15 24 52 45  -  -
  - 17  - 14 24 21  -  6 26 25 22  -  1  3  - 18  -  -  - 56 32 52  - 12 40  7  - 23 31 42 41  -  - 30 44  -  2 55 45 29  -  4 19 28 13  - 35  - 48  - 37 57 47 60  - 33 53 15 27 58
 40  - 37  - 34 20  - 30 58 53 44 41 46 35 52 59 60 33 13 29 49 27 25 28 22 45 26 16  -  -  4  9 43 54  - 24 23  - 10 36 56  2 15 32 12  - 48  -  - 38  3  8 50 57  6  7 31 39 14 19
 60 33 27 55 35 31  - 40 52 58 16  - 32 34 36 26 12 41 54 57 28 46  -  8 10  -  2 21  - 37  - 17 13 38  - 29 59  7 51 49 11  - 53 22 14 19 24 39 25  -  - 48 43  9  - 18  1  4 30 47
 34 46  8  - 41  6 37  - 55  -  - 15 26  - 59 57 29  - 21  -  2 35  9 25  4 32 17  - 18  5 38  7  3 19  - 48 42 53 52 40 60 44  - 13 45 58 27 51 11 56 12  1 24 39 30 43 54 22 47  -
 31  - 18 10 45 40 19  - 43 51 50 11 38  - 17  3 28  -  - 14 54 29  1 34 25 46 56  - 21 16 20 39 55  - 53 15 27  - 30  9 58  -  - 47  - 49  7 48 59  - 36  5 33  -  2 26 57 52 44  -
  - 49 50  1 57 52 46 10 25  -  - 33 45 18 11 53 19 55  5 37  6 16 26 39  -  - 42 51 22  4 17 56  - 41  7 34 60 31 54 24 23  - 12 35 27  3  9 59 14 43 58 47 48  -  - 13 21 36 15 44
 43 22 40 52 11  - 32 17  7 16 41 23 24  - 50  -  9 25 33 45 27  2 15 48 26 19 57 60 49  - 53 28 44  -  -  - 10  - 58  5  6 12  - 36 54 18  - 42 13  3 30 46  4 31 55 21 39  -  - 29
 10 43 32 23 56  7 18 31 17  -  - 12 40 60  -  4  - 11 51  2 42  - 53 29  -  -  - 41  - 38  - 13  8 46 52  - 48  -  - 39 30  - 50 21 24 44 20  1 28 59 16  6 35  -  3 55  - 54 58 14
 33 13 15 41 53 24  - 45 31 21 40 17 57  5  -  -  2 54 22 38  1  3 42 55 44  - 52 49 46 12 58 18 30 59  -  - 25 28 37 48  - 23 32  - 60  7  8  9 47  6 51 39 36 19  - 29 27 34 56 35
 13 28 12 27 43  - 57  - 49 17 25 42 47 54  -  - 41 51 40  4 33 45  3 26 15 56  8 46 19 59 14  1  7 24 16 58 39 29  5 32  - 48  - 52 34 22 31  -  - 23 53  - 18 38 11  9 60 50 35 10
  - 16 33 38 49  9 34 53 40  - 51 54 12 11 26 47 45 20  1 19 31 41  - 58  - 28 30 32 17  3 39 35  - 50 23 22 46  -  -  - 48 60  -  - 25  8 13 15 56 27 55 37 21 14  4 44  -  - 52  6
 19  5  7 17 55  3 21 28 14 15  - 40 39 30 33  - 10 13 56 18 35 60 12 49 59 58 24 34  2 11 31 42  - 25 36  4 41 37 46 53  - 45 20  8  - 51 16 43 22  -  6 54 26  -  - 50 44 27 23  9
 50 60 31  -  9 11  - 51  -  -  3 45  -  -  5 14  - 57  - 21 39 44  6 32  - 52 20  4  - 28 54 24  1  - 56 43  - 35 25 33  - 37 47 48 29 59 46 27 49 58  - 10 38 26  - 16 30 18  - 41
 59 48 11 49  - 39 47 22 38 33  7  -  - 43  - 41 44 14 27  8 26 32 19 23  - 42 51 45  9  2  - 37  - 53  - 10  -  - 29 13  - 56  - 46 16  1 57  - 54 24 28 52 60 35  -  6  4  - 20 36
 57 15  - 33 20  - 59  - 28 24  - 47  - 14 54 51 40  1 48 10 25 17  -  - 52 11  -  -  8 29 16 12 38  - 46 27  - 49  - 60 45  7 42 43 22 39  -  4  2 31 23 21 44 53  9 19  - 30 26  -
 42  - 24 39 36  - 41  3  5 26  - 49 23 46 15 22  - 12  - 54 52 40 37 47 35 31  4  - 20 57  7 29 18  1  - 38 30  6 43 16 13 50 10 27 19 45 34 56  - 51 11 14 32  8 53 25  9 48 33 17
 55  - 56 59  - 48  -  2  - 42 33 38  4  -  -  5 54 31 57 40 58 22 36 37 20 17 29 12 26 30 18  - 10 34 39 41 19 47  - 52  9 28  7 60  1 24 44  3  - 13 35  - 49 51 32 11 23  - 50 15
 48  - 44 13  8 53  -  - 35  4 47  9 18 45 20 52 59 30 29  7 22  -  -  - 21 60 12 28  6 56 24 10 54 15 37 36 43  - 16 55 19 31 17  - 33 34 40  -  - 32 49 51 57 42 50  3 41  -  5 38
 44  -  -  -  - 54 14 24 22 49 42  8 36 39  - 35 34  - 12  - 11 28  -  -  5 50 25  3 47 19  -  - 15 27 41  - 45 48 26 38 21  1  2 23 57 20 43 17 37 40 18 13 58  - 56 10 32  9 29  -
 16 39 51 57 29 37  1 14  4 45 56 53 52 19 35 20  -  -  - 44  -  - 49 30 32 21 48 13  5 17  6 43 40 42  8 11 28 58 60 12 36 46 33 34 47 55  2  - 15 25 31 50 23 22 27 59 26 38 54 18
 38  3 59 12 30 32  2 35 44 47  -  - 11 15 31 21 46 49 45 41  - 24 54 53 60 20  - 43 42  7  9 51 22 52 25  -  -  1 39 18 17  5 13 14 28 10 36 29  -  8  - 34  - 56  - 58 55  - 57 16
 49 31 35 53 18 17  8 48  -  3 21  - 34 52 43  - 55 26  2 16 41 50 51  - 12 15 13  5  -  -  1 27 11 57 29  -  9 30  - 54 25 19 36  4 59 60 14 33 38  - 44  - 40  - 58 47 46 37 24  -
 32 24  2  5 60 44 49  8  9 14 28 31  6 53  -  - 42  - 39 48  - 57 13 20 33 23 58  - 25  - 37 26  4 17  3 52  - 41 21 50 43 54 18 38 10 29 22 55 16 15 19  7 30 36  1 45 47 12 46 27
  1  8 55  6 37 22  - 16  - 54 27 29 41 32 47  - 26 58  -  9 44 36 23 11  7  - 38 50 51 60 56 46 33 45  - 39 40 34  - 25 57  3 52  -  5  -  4 19 43  - 14 12  - 59 49 35 28 31  -  2
  7  -  9  - 28  - 35  - 53 40 34 36 48 10 41 46 38  3 47 23 20 55 14 45 42 22  -  - 27  - 11 15 58  6 50 18 56 44 24  1  - 39  - 54 26 21 37 60  - 12 52 31 16 30 13 32 25 51 17 59
  4 25 46 32  1 12 48 50 11  -  2 24  9 58 53  - 33 27 26 60 45 54 30  7 16 49 22 19  -  - 47 34 51 36 28  - 29 56  -  6  5  -  8 57 39 42 23 38 20 37  - 44  -  3 59 31  - 10 13 52
 24 55  6 48  - 51 52 26 57 44 18 60  - 36 46 12 56 19 32 42 47  - 41  1 49 10 16 25 34 58 15 30 39  -  - 35  - 22  8  -  2 33 28  - 40 37 53 14 27  -  -  - 29 20  5  4 11 43 21  3
 52 44  -  4 16  - 11 56 50  - 19 48 29 37  -  - 23 22 34 33 43  9 60 13 28 40 10  -  - 14 21 36  -  - 42  8 47 25 32 15  - 30 55 49 41 46 26 57 17  1 27 20 51 58 18  2 45 35 59  7
 29 20 34 58 33 42  - 25  - 46 35 32 30 59  - 49 17  -  7  -  - 10 21  -  -  8 54 57  - 18 44 23 50 40 45  - 52  - 14  4 31 53 37  6 51 38 55  - 24 22  - 19 11  -  - 15 36 28 41  1
  8  4 13  - 23 18 24 41  - 60  1  -  - 27 56 39 48 45 38 28 19 59 44 52  -  2  3  7 11 31  - 25 37 12 34  - 21  - 47 46  - 36 49 29 30 32 17 50  6 26  -  9 10  - 33  - 20  - 51  5
  - 19 28  2 54 57  3 39 32  -  - 51 49 22  9 40 21  - 50  - 29 18  - 41 48  1 11  - 15 23  5 14 60 16 35 17  - 12  - 47 52 59 34 37 43 56  -  7 31  -  -  - 45 13 38 46  - 58 55  4
  -  -  -  3  - 60 30  -  1 28 29  2 43  -  4 15 53  8  - 36 12 19  7  - 37 57  - 26 13  - 45  - 17 56 24 55 58  - 42 14 47 20  6  5 49 33 21 25  - 52 32  -  9 16  - 34 50 11 10 23
 11  - 39 20 25 14  - 33 51 29 58 26 37  -  - 34 13 59 10 17  4 38 46 31 56  - 60 53 32  -  - 44 57  - 19 30 55 40 49 43 35  - 54 18 23  -  1  -  7  9 22  -  - 28  8  -  - 42  -  -
 36 34 53 45 58 50  4  -  -  7  - 39 27 17 30  - 52 10 18  -  - 21 31 59 54 16 37  - 29 24  8  - 35 13 11 57 32 14  -  2 15 55 48 26 42  6  5 40  - 49 43  - 28 41 46 56  - 60  - 20
  -  2 20  - 12 27 53  - 48 18 60 25 15  - 19 36 32 43  6 13  5 23 29 51  -  - 33 24  - 45 46  -  9 22  - 14 57  - 41 10 44  - 56  1 17  - 59  -  - 34 54  4  - 37  -  8  3 16 39 26
  -  1 47 43 32 38  -  - 39 20 24 18 14  - 42  - 57 48 25 50  3 51  - 19 46  5  - 52 41  - 60  - 56  - 54  -  -  - 11  7 33 10  - 45  4 13  - 37  8 16  - 30 53  -  - 40  -  -  2 49
 28 14 43 34 59  - 15  - 12  - 46  -  - 29 21 30 25 40 20  1 57 11 32 50  - 18 35 22 16 54 10 47  5 39 27 19  - 51 31  -  - 24  - 53  6 48 38 36  - 60  7  -  - 17 41 42 58  2  4 55
  6 58  1 46  7 10  -  -  - 11 48  5 60  - 14  - 50 35 42 53 24 37  2  - 39 25 55 36  4  - 59 41 52 33  - 47  - 45  9 30 27 49 38 44 32 12  - 28  - 17 20 29  - 15  -  - 22 23  - 51
 21 54  - 60 19 58  9 57 46 32 38 14  7 44  -  - 27  5  - 15 48 31  -  -  - 35  6  1 28 36  2 22 25 43 26 40  - 20 53  - 24  8 45 10 52 30 33 18 50 47  - 23 59 12 51  - 13 49 42 37
  2  - 16 19  -  5 54 49  -  - 32  -  - 33  -  - 36  -  - 11 30  - 38 44  -  -  1  - 14 53 28 48 21 10  -  - 51 15  3 23 26  - 60  -  - 17  - 12 18 39 24 22 27 52 57 37  7 55  6 50
  - 36 23 30 26 43 55 38 21 37 15  -  - 28  3  9 51 24 11 22 60 42  -  - 13 14  - 59 44  - 12 58  2  - 48 53 20 33 34 27  - 35 39 40 18 41  - 52 45  7 29 25  6 50 17 57 49  - 31  8
 22 56  -  - 51  2  -  4 59 30 55 58 35 16  -  7 31 32 60  -  - 53  -  6 50  - 46 20 24 41 27  3  - 21  - 54  -  -  - 37  - 26 14 25 36 11 19  -  - 28  5 43  8 40 12  1 33 13 48 45
 26 41  5 36 38 49 42 13 29  1  8 50 17  2 10 44 18 46 31  6  -  - 55  - 23  - 40  9  3 22 43 60 16 20 14 32 24 11  - 57 59 15 51 33  - 35 30 54 39 21 47 58 19 27 48 52 56 25 53 12
 27  - 57 18  4  - 39  - 54 36 10 56  -  - 49 42  5  6 28 31 50  - 52 38 43  - 41 14 30 46 29 40 48 32 33 51  -  8 15  -  - 47 11 24  3  9  - 44 58 35 25 59 20 34 26 22  2 21 37 13
