2880
 17 33 58  - 25  - 36  - 48 20 15  -  9 23 27 32 44 45  - 56  - 57  3  - 22 12  6 16 60  4  - 37 30 49  -  - 47 29  2 18 24  - 35 53 59 19 42 50  - 55 38 46 52  5  - 11  7 14 51 31
 21  - 28 58  5  -  - 55  2  6  - 49 59  - 47 31 48  3 39 13  - 38 11 32 25 46 18 35  4  - 12  - 29  9 51  - 45 23 16  1  -  - 24  - 43 40 56  - 44 14 19 57 34 10 30  -  - 22  - 27
 55 22 41 50  4 29 30  7  -  8 28 48 49  -  - 42 11 34 38  - 47  1 19 60 36  -  3 25 24 32  - 17  - 14 35 20 56  2 43  6  - 13 31 54 51 16 44  - 12 52 37 40 23 27 18  -  - 59 46 45
 38 60 18 27 56  - 31 25 33 42  - 13  -  -  7 16  -  2 55 22  - 47  4 46 11 30  9 53 54  -  8 48 44 17 50 24 41 52 21  -  6  -  - 37 12 23 40  3 58 59 36 20  1 51 26 29 43 57  -  -
  - 32  - 13  2  5  - 56 23 40 39 17 14 21 22 20 36 57 25 53 35  -  - 41 34 55 28  8 12 48 45 30 24  - 33 37 26 50 15 51 10  6 27 43  1 52 29 42 38 11 54 59 19  -  -  - 16 31 58  -
 58 20  5 26 16 33 47 21  - 50 53  4 37 36  - 24 17 29 35 19  -  -  - 39  - 28 45 18  8 57 10 52  -  - 38 23 31 41  7 44  - 46  - 42 60 34 59 15 22 25  -  -  -  6  9 43  - 51 13  2
  -  - 44 54  - 31  - 49 10  -  - 21 47 60 19 28 57 48 59 26 22 20 30 14 24 32 43  - 36 55 52 16 46  -  - 13  -  8 58 25 17 42  -  2 29  7  6  - 56  - 50  1 35 40 12  -  - 15 11 33
 51  - 32 37 29  -  1  - 25  -  - 57 55  -  - 33 31 38 53 39 44 43 22  6 20 13 24  4 56  8 47 42 60 16 52 54 12 40  -  9  7  -  5 34  -  -  - 23 45 30 21 50  - 14  - 15  - 26  - 49
  - 24 43  4  - 27  6 60  7 26 52  - 23 13  - 34  1 50 14 38 17 53 21 10 30 57 11 29  2 18 20 46 15  - 22 58  - 39  - 59 12 56 37 32  9  3  - 19 28 54 41  8  - 49 35 42 51 33 44  -
 14 11 57 18 21 12 10  - 30  - 16 46 52  -  -  4  3 55  6 51 27 50 36 45 29 19 54 48 22 42  - 15  2 44 56  1 32  5 40 20 43  - 28  -  - 35 24 47 53 17 59 13 41  - 31 49 37 34 26  7
 19 12 11  - 30 37 54 42 52  1 58 25 24  - 60 50 35  - 18 55 14 17  - 13 48 15  4 41 32  - 38  -  - 40 45  - 28 34 22 57  2 53 46 26 31 21  - 10 49 36 23 43 56  - 27 39 47 16 33  -
 25 36 45 52 49  - 60 47  - 12  -  - 22 50  - 43 37  9 20  - 24  - 10 26 14 17 13 34 48 56 23  7 28 19  - 44  1  3 30  2  4 29 16  -  5 58  8  - 18 40  -  - 21 33  - 32 27 41  - 15
  1  - 50 57 28 34  - 37 29 39 60 23  - 44 45  9 16  - 56 43 30  - 35  - 54 10 59 21  -  - 42  - 13  3  2 47  - 19 41 38 33  8 36 18 52 46 17 51 14 26 55  -  7 22 15 48  6 24 25 40
 33  4 16 38 22 21  8  - 49 28 20 26 39 56 52  - 43 17  2 60  9 29 14 35 51 24 57 27 44  - 59 31  -  -  5 25  6  -  1  -  - 30  -  -  - 10 37 40  7 15 11 47 36 55 41 53  - 18 23 58
 53 55 27  - 44 51 28 57  - 60 38 35 40 15 12 48 49  7 47 52 32 33 20 50  -  - 30 59 29  1  -  6 22 10 23 21 18 14  - 58  5 34  3  8 37 43  -  -  9 46 24 56  - 41 17 36  - 54 31 39
 41 59 26 28  -  - 33  - 20 34 57  8 30  7  9 29 53 12 32  6 11 10 31 21 44 56 35  1 51 25 40 55 37  - 54 27 19 22  - 23  -  -  - 24 38  5  -  -  4 13 39 52 15 46  3  2 49 45 16  -
  - 45 56  - 35  9 55  - 24  5 46 34 51 10 54 23 39  6  7 20 13 60 49  2 37 18 22 44 52 50 26 33 21 43 40 11  3  - 27 12 19 17  4 48 14 38 41 25 30  - 15 31 58 36  1 57  - 28 53 47
 20 18  8  - 36 16 48 59 51  - 35  - 43 12 39  -  - 44 10 14 53  4 27  - 41  - 34  -  - 22 25  1  - 15 47  3 30  - 49 40 32  - 26 21 56  - 11  7 52 19 57  - 50 29 60 33 13  9  5 23
 39  3  - 17  -  1 19 52  - 45 48 27 38 16 49 13 15 11 31  - 55 26 34  -  -  6  -  2  9 14  7 40 47 50 24  8 22 37 28 42 20 57 21 35 30 56 33  4 59 12 18 51 60 25 23 10 53  - 32 43
 35 39 33 31 54 60  - 30 17 22 12 29 34 38 18  3 13  - 44  7 40  - 42  - 53  5 23 37 16 43 14 26 52 51  -  -  - 15 10 11  - 21  - 25 48 28  9 24  - 41 32 27  -  4 56  -  - 49  1  -
 45 17 38 59 15 10  4 26  - 44 13  6  -  -  5 21  9 51 33  1 20 48 60 34 32  -  - 11 50 53 57 14 58 18 19  - 52  -  - 43 37 31 39  - 49  - 47 22 24 42  - 12 46  -  8 27 29 25 54  -
  - 34 60 47  7 44 21 20 38  -  - 18 31  5 53 30  - 54 19 15 49  - 23 27 52  -  1 12 59 33  - 10  - 35 48 55 24 26  -  -  - 28 13  9 58 39 57 36 37  - 42  6 22 17 14  - 45 32  -  3
 36  9 49 12 52  6 35 38 44 17 32  1 19 20 29 51  5 16 24 47 56 27 54 58 45 59 42  7  -  3 30  -  - 48 55 26 34  -  - 46  8  - 18 60 25  4 39 31 50 28 43  - 14  2 33  -  - 23 10 22
 22  -  - 35 38  -  - 15 39 32 36  9 60 55  - 44 29  5 58  -  8  - 40 18 57  - 41 24 30 34  - 50  -  -  - 56 37 33  - 19  -  7  6 20 28 26  4  - 31 49 13 11 27 43 45  -  3  - 48 54
 46  - 36 49  - 18 57 22 60 48 33 14 27 34 41 10 54  - 28  4 52 58 55 59  -  2  - 39 40  9 16 35 50 42 12 29 38  6 44  -  1 25 20 19 13 15 21 45  5 23 56 37 51  3  -  - 17  7 24  8
  - 54 23 22 20 26 49 40 11 18  - 28 58  -  - 15  2 42 21 30 43  -  9 55  7 14  -  -  - 12 39 41 56 57 32 33 46 31 53  8 45 59 25 17 19 51 50 60 36 24 47  -  5 16 34  3 52 13 27  -
 40 38 22  1 26 19 42 48 16 47 56 41 44  - 32  - 60 15  -  2 18  - 59 20  - 36  -  - 46 52 29  4 43  - 49 12 23 17 50  - 55  - 30 33  - 11 31  -  - 27 45  3 37 39  -  8  5  6  7 57
  - 49 19 34  - 15 32 27  9 10  - 55 53 30 16 46 33 41  3 59  - 23 24  1 50 44 47  - 35  5  -  - 42  6 37 36  - 56 20  - 28 22 54 51  7  8 43 13  2  4 31 29  - 11  - 18 57 17 12 60
  9 47  - 33 48 41 12 29 40 55  - 37 10 52  - 56  -  -  -  8  7  -  -  -  2 11 38 57 31 58  - 22 32 59 15 39 21 35 24 36 13  - 45  1  - 54 30  - 17 44 26 28  - 50 46 60 42  4 19 25
 34 37 24  7 60 22  - 53  8 38 50  -  - 42  -  - 47  - 57 18  4 16 39 33 19  -  5 31 55 59 13 32  6  -  - 30 14 21  -  -  -  9 44 28 11 45 51 58  -  2 20 48 25 23 52  - 10 43 41 56
 48  -  4  - 55  - 44  -  6 54 26 53 33 57  3 40 32 22 45 49 15 56 41 28 58 39 17  - 47  2  9  - 16 11 10  - 36 51 18 52 25  1 29 14 20 24 38 37 35 34 46 42  -  8  - 13  - 19 50  -
  2 29 34  - 43  - 27 16  -  -  -  7  4 58 20 14 25 52  - 21  -  - 46 17 26 35 36 33  -  -  5 12  - 24 39 57 49  - 60  - 42  3  9 31  8 18 54  1 51 47 40 55 44  - 13 56  - 48  - 41
  6  7 21 20 27 23  - 51  - 43 41 40 42 54 44 25 50 32  -  -  3 12 58 53 46 60 52  - 18  - 15 49 39  -  - 17 11  1 31  - 56 24 47 13 26 48 34  - 16 45 10 22 38 37  -  5 35  -  8  -
  -  5  - 30  1  - 52  - 43 13 18 33  - 47 36  -  - 35 17 46  -  9  - 42  4 50 19 60 37 11 58 45  - 54 28 31 27 25 56 55 16  - 32 41 39 29 12 26 10  7 49 21  - 38  -  -  2  -  - 59
 44  6 14 41 46 28  2 10 53  - 40 52  5  - 17 26 21 31  1  - 45 49 56 11  -  7 55  - 23 54  - 51  3 12  - 32  -  -  - 37  - 18 42 16 35 47 19  9  -  -  - 58  8 57 48 59  - 27  - 36
 30 41  9 15 58 45 14  - 37 59  -  3  - 46  6 39 34 27  - 50 48 40  - 29 12  - 26 22 53 16  - 47 51  - 25  5 35 24 23 54 21 20  -  - 42 49 36 43  -  - 44 33  4  - 19  -  - 10 28 11
  - 27  6  9  - 58 50  - 21  - 34 56  7 29 51 19  8 39  - 45 23 22 12 43 15 41 32 49  - 38 17  3 53 13 60 16 25 20  4  - 30 47 59 11 10 57 48 52  -  1 33 35 28 44 36 26 40  2  - 18
 23 52  -  -  -  3 22  4 45 29 27 51 56  - 50 12 46  - 37 48  1 55 44 15 38  9 33  5 21  - 11  2  8 32 53 28 58 10 57  - 59  - 41  - 18  - 35 14 25 43  6 34 24 13 42 30 54 40 20 17
 57 44  2 21  - 13 16  - 26 46 23 12  - 11 56  7 28 53 49 29  -  8 15 24 33 43 14  3  - 17  -  - 38  - 58  - 60 47 54 48 34 52 22  5 40 31 18 27 42 37  1 39  9 19 51 50 41 30  4 55
 31 50 47 48  - 17 18  8 15 33 49  -  -  -  - 27 20 30 26  5 54 45  -  -  6 29  - 51  - 37  3 60  9  -  4 19 39 38 25 13 40  2 10 46 23 32  -  - 11 21  -  - 12 59 28  7 44 42  -  -
  - 28 17 36 11 53 13 14 46  9 30 22 26 25 15 35 41 21 60 40 38 37 50 23  - 45  - 20 33 10  - 43  -  2 42 18 29 16 51  7 58 54  1 39  4 44  3 55  -  -  8 24  -  - 57  - 56  - 59  6
 52 10 42 16 47 57 43 11 18 19 24 20 46  - 31 17 30  8 15 54 26  - 37 25 56  3 58  - 27 39 41 34 55 53  6 49 50 28  5 45  - 38 51 59 36 13 22  -  - 32  7 44  -  -  -  9 14  - 60 21
  3  1 12 53  -  7  -  - 55 52  4  -  -  6  - 58 26 24  - 42 46 31 48 44  8 21 37 13 11 23 54  - 33 56 41  - 57 30 19 39 27 50 14 10 22  - 32  5  - 38  - 15 47  -  2 40 28 35  9  -
 24 53 35 29 33 39 45 18 34 23  8 36 28  3 46 54  6 13 27 12  -  2 25 48 60 47 15  9 10 31  4 19  1 55  - 41  5 58  - 14 11 26 40 30 21  - 20 56 43 22  - 38 42  7 16 52  - 37 49  -
  - 25  -  - 34 52  9 44  -  -  - 39  8 26  - 49 23 10 40  -  -  - 51  - 21  1 48 32  - 19 27  5 59  7 20 35 17 45 38 22 14 43 56 15  -  -  2 57  -  6 16 18  - 53 50 31 36 58  3 29
 16  -  1 51 23 14  5 50 22  - 17 58 11 19  2 55  - 56 41 35 10 25 57 47 40  8 46  6 39 44  - 24  7 26 59  - 54 43 34 33 29  4 49  3 27 20 13 38 48 18 60  9  - 30 21  -  - 12 52 53
  - 40  -  - 17 36  - 39  5 27  1 10 21  2  4  - 56 43 34 24 51 46  6 54 47 23 25 26  - 45 55 20 19 58 31 15  7 11  - 35  - 33 57 49  - 37 52 32  3 16 28 53  - 60  - 12  8 50 42  -
 50 30 40 46  8 47 23  - 19 36  - 42  -  - 11  - 59  - 51 34  - 32 29  4 55 49 27 43 38 28  - 25 20 22 13  - 10 57  -  - 15 39  - 52 45 14 58 53 26  3  -  7 16 31 24  -  9  - 35 48
 12 13 29 43 24 42 26  - 14 21 22 59  6 40 58  - 18 36  8 28 31 19 16 52  1 37  - 50 57 60 35 44 34 45  3  9 53  4 55 15  -  - 23  7 47  2  -  - 39  5 25 17 54 32  - 41 33 11  - 30
 47  8 54 39 59 50 53  -  1  - 37  - 15 27 35 45  4 33  - 57 16 14  -  - 10 51  2 23 42 13 46  9 18 28 36  7 48 12 26 21 31 19 43  6 34  - 49 41 20 56 22 25  3  - 55 38 30 52 40  5
 10  -  -  - 50 40  3  - 47  - 45 54 25 59  1 37 14  - 23 36 29 30  5  7 39  - 44  -  6 46 19 38 17 52 11 60 51 18 13 27  -  - 55  - 57 22 28 35  - 33  9 26 48 21 53  - 32  - 43  4
  7 26 31  - 10 43 20  2  -  4 19 11  -  8  - 22 55 23  9 17 58  5 28 38  -  - 21 30 14 40 49 54  -  - 44 53 15 46 32 60 36 37  -  -  6 12  - 33 13 39  -  - 57 24  - 25 48 56  - 34
 13 51 25  - 31 46 41 36  - 56  - 60 20 49  8  - 12 47  -  - 34  - 33 57 27 52 53 28 26 24 44 21 11  1  - 14  -  9 42 16 50 23  7  4 15  6  5 59  - 48  - 10 43 35 22 17 19 29 45  -
 15 31 59 14 19 56 39  5  3 51  - 45  2  9 13 60 42  4 36  -  - 11 38 37 23 34 12  -  - 30  - 58 10 41 43 46 16 55  8 17 57 40  - 47 33 25  - 18 21 53 29 32 49 48 20  1 26 44  6 28
  8 21 48  2 39 30 25 34 13  - 47 32 57 17 10  -  - 37 11  - 60 15  1 31 28 20  - 52 45 29 50 56  - 33  7 42  - 54  3  - 49 35 38 58  -  9 53 12 23  - 14 41 55  - 40 44  4 36 22 24
 26 58  -  - 41 38 34 17  4 11 59 50 18 28  - 53 40  1 43 33  2 42  7  5 16 22 39 14  - 27 24 23 25 37 57  6  9 13 35 47 48 10 12 45  3 36 55  - 32 29 30 49 31 52  -  -  - 46 21 19
  - 35 37 44 53  2 40 33 50 14  -  -  - 24  -  5 10 28  -  9 12  - 26  -  - 54 49 46 25 36 60 57 27 21 18 38  4  7  6  3 22  - 17 56 41 30 23  - 55  8 51 19 29  1 59  - 15 47  - 13
 29  -  - 60 45 11 56 19 12 49  - 47  1 22 34 18  - 25 52 31  -  -  8 40 43  4 10 42 17  6 32 39 26 27 21 51 20 36 48 50 35 14 15  -  - 33  - 30 46 57  3 54  -  9  - 28 55 38  - 44
  -  - 39 19  -  - 29 46 41  -  -  - 16  - 24  6  7 59 42 32  5 52 53  -  3 31 50 58  -  - 37 27 57 60  9  - 33 49  - 10 26 11 34 36 44 55  -  8  - 51  2 14  - 15 54 22 25 20 17  -
  - 14 52 23 42 24 11 12 28  7  - 15 29 33 30 36 45 46 13  3  - 51  2 56 17 25 40  - 34 49 22 18 35  -  1 10  8 32  -  4 47 41 48  - 50 27 60 21 54  - 53 16  6 20 43 58 39 55 38 37
