2880
 53 23  - 30  - 39 29  -  5 21 59  -  - 12  -  - 37  - 25  - 28 36 26 58  - 35 40 50  - 44 10  - 16  - 13 55 27 46 60 18  -  -  8  9  2 24 52 57 33 47 43 41  - 48 49 15 45  - 22  -
 26 11  -  - 29 57 18 52 55  6  - 60 44  - 15  2 59 27 46 25  -  -  -  9  - 28  -  4 38 23 12 13 58 32 34 21 33  -  - 41  - 51 56 53 30  - 14  - 50 17  3 31 54 37 36 47  -  -  -  1
 51 36 17 16  - 29 31 30  - 28  - 11 14 57 47 19 38 60 39  4 13  3 44 27  - 54  - 46 22  9  - 33 59 15  1 18 52 35 53 10 21 40 23 58 24 48 42 37  5  -  - 43  6  7 25 34 32 45 55 50
  -  - 54 55 53  3 23 32  9 60  - 30  - 11  - 59 28 31 43 50  6  -  - 21 22 12 45  1 57 40 51  -  8 18  - 58  2 37 34 47 16 25 13  5 36  - 19  -  -  -  - 20  - 49 10 56  - 17  - 35
 57  -  -  1 54 56 37 33 36 52  - 28 25 39 16  - 26 51  - 29  -  5 30 46  -  3 20 58 10 47 19 49 23 55 31 32 50  - 24 44  - 22  - 21  4 13 48  7 14 12 59  6  8 42 35 38  -  -  - 17
 54 14 28 29 36 31 10  - 16 42  - 15 52  - 48  8  - 41 59  -  7  - 55 49 24 26 21 20  -  2  - 50  -  - 30  5 25  -  - 22 45  4 39  -  3 19  9 11 47 60 38 23 40 17 27 13 57 44  - 12
  -  - 26 28 12 54 58 13 10  2 17  1 56 47 41 53 39 30 32  - 33 46  - 40 48 38  3 43 50 35 60 55  5 42  - 29  - 25  - 23  - 14 45 36 22  -  - 49 37 44 20  9 24  -  8  4 19 34 57  7
 10 15 19  -  9 38 26 49 30  4  - 36 20 18 52 16 35  - 47 34 14 48 46  6 54 55 31 25  -  - 40 11 42  - 59 39 12 53 33  8  1 24 29 56  - 23 43  5 60  2 32 45 17 21  -  3 50  -  - 28
 48  - 27  - 60  - 57 37 21 47 16 38 15 46 12 55 14  - 28 32 40  2 24 13  - 18 36 45 44  - 31  - 52 58 20 35 53  5  - 17 29  3  4 51 49 56 25  9  -  -  -  1 30  - 41  - 42 59 23 22
  - 26 37  - 11 21 22 45 20 12  -  - 10 56 39 34  1  7 27 13  - 50 52  5  - 51 53 31 15  -  3  -  - 36 57 44  - 49 35  4  9 58  - 23 29 16 47  - 25 28 17 18 60 59 32  -  - 55  8 46
  4  - 57 19  - 11 36 40  - 10 30 47 21 51 31 45 43  - 16  - 23 27 42 41  7  9 18 24 48 55 32 34 20 53 46  - 44 15  8  - 56 17 12  -  - 39  6 50  - 26 49  -  - 22 13  - 25  -  -  2
 38 40 51 24 35 16 47  5 23 36 42 14 11 60 21 44  6 18 33 20 25 15 39  -  1 53  2 12 41 54 43 45 34 17  -  - 46  - 48  - 50 26 37  4  - 10 49 13 59  - 58 27  - 19  3 29 30 52  - 55
  2  - 13 32 42  - 38 10 31 55 57 53 37 35 23  - 49  4 58 18 26  - 50 59 39 47 44 17 46 11 25 15 56  -  6 36  - 48 29 33 22 45 40 24 21  1 51 16  -  7 60  - 20  - 52  9  8 41 30 43
 13 31  -  8 58  5 45  4 42 40 53 33 41  - 17  -  3 22  - 57 50 38 11 54  6  - 48 47  - 21 37 59  9  -  7 10  - 27 44 32 26 34 55  - 46  - 30 15 20  1 25 60 43 29  - 16 35 18 39  -
  3  - 39 27  - 25  - 28 45  - 14  9 26 42  5 12 47 11 55  - 59 58 15  - 16  1  8 56 20 30  4 32 40 52 37  - 10  6  - 54  -  7 17 48 60 38 35  - 41 31 21 19 23 24 57 44  2 50 18  -
 32 29 43 56  8  - 24 15 19 31 46 49  - 40  - 27 50  6  - 17  9  -  4 57  - 10  - 36  -  - 39 58  - 51  -  -  - 11  -  - 42  -  - 35 45 33 20  -  -  -  - 44 13  - 38 23  - 54  - 21
 45 32 22 33  - 37  7 34 50 41 36 10 39 24  1 38  -  -  4 42 48  - 56 23 19 31 14 51 25 49 17 30  -  -  -  -  5 20 18 43  8 29 15 59  - 11 27  2 35 55  - 58  3 52  -  6 40 47 53  9
 24  - 56  - 10  2 44 27  - 32 60 52  8 26 22 51 29 38 48  5 12 41 31  3 59 49 19 28  9 18 20 42 13 21 16 57  6 55 43 53  - 50 35 30 17 37  7  -  4 14  1 54 15 47 45  -  - 46 11 25
  -  -  9 53  3 15 12 39 57  -  - 24  6 34 49 60 33 54 51  -  - 37 32 10 35  2 11  - 59  - 23  -  -  -  5 27 29 56 36 52 20  - 21 55 28 47 46  8 26 43 44 13 19 31 18  - 14  - 25 38
 31  -  - 20  -  9 15 59 51 30  - 37 53 28  4  7 24  5  - 36  - 39  -  - 38 60 52  - 17 43  - 16 32 57  -  1 13 22  -  2 34  - 33 54  - 27  -  3 42  - 19  8 10 50 14  - 46 56 35 49
  1  8  -  -  - 20 51 19 35 24 32 22 29 27 36 28  - 56 45 40 39 44 54 42 31 11 33 26  6 52  -  7  3 34 41 13  -  - 23  - 25 49  - 60 43 50  5 17  2 18 53 55  -  4 47 37 15  - 59  -
 30 16  5 51  - 52  - 12  -  8  - 29 48 31 43  1  - 44  -  - 49  - 33 55  3  - 32 53 42 60 46 17 28 10 14 37 35  - 25  - 41 56 27 38 19 36 40 54 15 57 13  4 39 34  9 20  7 26  -  -
 36 19 20  - 41 10  5  - 49  9 26  6 35 59 38 50  - 32 18 22 45 51 14 43 11 52 30 44  4  - 16  3  - 24 12  2  -  - 21  - 15 55 46 57 47 25 29 33 58 27 34  -  -  1 17  - 48  - 42 60
  9 35 45 34  -  7  - 16  - 29 13  5 54 58  - 32 57  8  - 46 51  - 28 14 21 50 56  -  3 20 18  6 25 60 11 52  -  - 12 59 39  - 47 42  1 22 41 48 19 30 15  - 53  - 40 43  - 31 49 23
 21 43 25 38 55 17 27  7  2 19 48 54  -  9 60 42  - 45 13 28  3  4 51  - 12 16 49  -  - 34 57  1 35 50  - 46 40 41 11 58 33 52 24  - 10 14  - 26 32 59  - 47 18  - 37 22  6 20  - 31
 43 38 14 49 47  6 52 44 15 48  - 16 31 55 19 56 23 50  - 45 17 42  - 22 37 24  - 60 35  -  9 29 41 20 53 34 39 32 10 13 46 12  - 26  7 54  - 18 36 58  4  - 28 11  5 27  1 40  - 30
  - 50 36  - 27 51  - 18  3 23 11  -  - 21 46 20  4  2 15 60  -  8 19 25 47 57 26 10 56 32 53 14  -  - 17  7  - 42 59  5 43  1 44 28 13 58  -  -  6  - 48  - 12 41 30 31  - 39 37 34
 27 34  1  - 26 35 25 43 37 45 54 18 47 22  -  - 32 46 24 38 53 17 57 56  9  8 41 42 23  - 36 44  7 28  - 19 58 39  4 14  - 13  3 33 12  -  2 52 10 50 11 49 29 20 51  -  - 15  -  -
 11  1 40 21  6 50  3 46  - 18 27  - 34 16 51 13 54 28 44  - 60 56  2 45 17  5  - 22 39  - 33 20  - 26 48 38 59 10 52 15  - 43  - 29  -  4 32 24 31 42 36 37 41 12 23 19 58 53  - 14
 19 22 55 12  -  -  4 21 58 50  1 45 43  8  7 47  - 42  - 26 54 24 17  - 56  -  - 11 36 16 41 39 33  - 38 25  - 51 32 40 37  9 28  6 27 59 31 34 49 23  - 29  -  3 48 30 10 60 15 53
 50 12 30 46 15 27 19  3 34  1 28  - 49  5 37 26 42  9  - 16 56 25 60 35 33 13 54  - 58 57 11  8 10 40 22  - 20 47  - 45 31 59  6 52 32 53 23  - 55 41 24 48 44 51  2 36 29 38 14 18
 16 60  7 13 40 26 50 36  - 17  6  8 55 14 10 33 27 12  -  - 20  - 18 19  5 59 57 23 52 58 56 47  - 43  3 30 11 34 28 24  - 48 51 45 38  -  - 46  -  - 42 25 37  - 29 32 22  9 31 15
  -  -  - 17  - 40 54 41  -  - 23 32  -  2 34  - 52 33  6 56  - 18 47 60 27 20  - 57 43 59 29 31  - 38 35 28 37 19 49  - 51  -  - 22 14  8  -  -  7 45 50 26 25 15  1 24 13 16  5 10
 18 27  - 11 45 41  - 24 53 54 34 19 16  -  6  - 46 48 56 52  - 14 21 33 57 22 55  -  - 26 28  2  4  1  9  -  7 30 13 25 49  - 43  - 37 42 17  -  - 10  -  -  - 23  - 59 44  8 38 29
 41  3  -  4  - 33 42  6 46 25 52 17 32 23 58  9  - 15 53 24  - 22  - 31 55 27  - 18  - 19 34 35 36 59 21 47  - 38 40 12  7 30  5 39 48 60  1 44  8  - 16 14  -  - 28 10  - 11 43 51
  6 46  - 31  - 24 56 48 27  3 51  2  5  4  9 41 21  - 14 10 57 16 36  - 28 19 29 33 55 42  8 54 11 44 25 22 17  7  1 38  - 18 26 50 40 43 13 58  - 39 12 52 47 32 53  -  - 35 45  -
 34  -  - 37 38 18 20 17 56 43 47 58 13 54  - 29 51  - 40 49 31 60  6 52 23 44 39 59 33 10  7  - 21 30 24 15 14 57 27 55 53 11  -  -  5 32  - 35 22 25  9 46  1  2  -  - 41 19 48 42
 56 20  3 44  4  -  - 29 28 35 49  7 27  - 30 39  - 57  5  -  -  -  -  8 15 41 17 19 51 46 59 23 60 47 42 14  9 26 58 21 11 37 16 31 33 52  - 43  1 40 45 38 55 18 12  -  -  6  2 36
 44  - 12  - 16  - 30 56 38 46 39 25 24 20 55 40 22 36  - 53  - 34  8  1 52 23  9  3  2  - 13 10 57 19 49 42 45 58 17 35 18 32  - 43 31 29 15 21 48 54 33  7  5  6  - 28 11 14 50  4
  - 47  -  6 50 60  - 14 26  - 31 13 23  7 35  - 55 39  - 41  - 53  -  - 49 15  - 34 11 29  - 25  - 48 18 45 22  3 16 30  5  - 57 37 44 17 38 20 56  9 28 42 27  8 58  1 21  - 54 40
 52 57 38 58 49 12 32 35 59 13 10 40 18 36  -  6  5  -  1 31 22 47 34 51 30 17 24 41  - 27  -  - 54 16  -  -  4 45 46 26 28 20 25 15 50  - 60 14 43  - 55  -  2 39 21 11 23 29  7  -
 40 45 32 47 13 59 11 22 24  7  5 57 58  - 44 48 56 37 23 35 18  - 12 50  4  - 42 29  8 14 49 43 17 54 33 60 19  2 30  - 52  - 36  1 53 26 55  6 27 15 51  - 34 46 31 39  3 10  9  -
 23  4 10 52 14 19 21 38  - 22 35 51  2 44  - 30 15 58 37  6  - 12 29 17 53 34  7 13 45 31 47 18  - 27 56 24 54  -  -  - 40 39 50 20 55 28  - 25  -  5 46 33 36  - 11 42 49  -  -  8
 17 56 44 23 33 42 16  - 41 59 45 26  9  6 18 37 30 25 57  3  8 21  - 20 14 46 34  - 29  - 38  - 53  - 43  4 60  -  - 19 54 15 10  2 58 51 28 55  - 13 31 11 48 35  7 12 39 49 32 24
 47  -  -  9  - 55  - 23 44 33 50  -  -  - 42 25 17 52  - 51 32 40 41 15 26 43 58 27 49 39  5 19  -  - 54 20 56 59  3  7 60 38 53 11  - 46  8 10 21 37 57  2 31  - 34  - 12  -  -  -
 46 39  - 42 59 23 17 26  8 11 40 50  1  - 28  - 44 53 19 37  5  7 58 36 34  4 10 15 60 45 21 22 12 49 52  - 48  -  9 29 38  - 31 41 56  3 54 47 13  6 18 16 14 30 24 57 27 32 20  -
 35 37  -  - 24 44 43 60  - 20 12 39 51 29  -  4 11  - 42 54 10 33  - 32  - 45  - 40 47 22  1  - 14  7 55 26  3 21  -  -  - 23 48 49  -  6 34 27 30 53  5 50 58 13  - 41 36  - 56 19
 14  - 50 25 44 30 60  2 12  5  -  4  7 49 32 10 19  -  - 47 43 11 35 16 41 58 46 38 34 53 48  9 51 56  -  -  - 52 15  - 17 31 18  -  - 21 36 28 23  - 54 57 26 40  6  - 55 42  - 37
  7  9  6 10  -  - 53 31 39 38  4  -  - 19 56 57 40  3  2 14 15 30  5 11 46 21 13 16  - 36 50 24  - 41 51  - 32  - 26 48 47 35 49 44  - 55  - 12 28  8 37  - 33 43 42 25 20 27 52  -
 49 54  -  5  - 22 40 20 29 26  - 42 60 38 50 31 34 21 11  - 19 43 10  2 36 33 27 52  1 15  - 57 44 12 58  - 28 14  - 39  6  -  - 13 23  7 18  - 51  -  -  -  9 25 16 35 59 48 47 41
 22  - 60 54 39  - 13 11  - 15  8 31 33  - 59 35  9 14  7  - 30 20  3 44 43  - 38 21 26 56 42 53  -  2  - 50 16  - 45 28 24 27 41 32  - 12 37  - 57 19 10  5 49 36 55 58 17  4 40 52
 29 48  -  - 25 43  - 47 18  - 21 23 12 41  3 49  - 26 60 19  1 57 20 38 10 36  6 30  7 17 45  - 46  - 32  - 24  9 31 51 58  - 59 27  - 44  -  - 52 35  - 53  -  - 39  - 34  -  4 33
  8 52 35  - 32 46  1 42 48 44 20  - 22 17 11  5 13 43  - 15 27 49  9 53 29 25 16 37 28 12  6 56 19 14  4  - 36 31 38 34 57 47  7 40 41 45 24 23 39  - 26 51 50  - 54 18  - 21 10 59
 12 59  - 35 34  -  8 53 40  - 38 21 17 50 27 23 31 20 22 33 44  1 13 47  - 48 43 55 32 51 30 37  - 46 60 49 26 18 19 16  2  -  9 10 15 57 45 36  3 11 39 28 42 56  -  -  5 24 58  -
 58 41  -  3 19 14  -  9  - 27 44  - 42 15 26  - 60 16  8 48 47 54 40 24 51 30  4 49 53  6 55 36 43 22 28 17 31 33 39  1 23  2  - 34 59 18 56 29 45 21  - 12  -  5 20 50 52  7 46 13
  5  6  2  - 20  - 48 57 25  - 43 44  4 32 40 14  8  - 35 23 34 19 37 26 50 56  -  9 30  7  - 60  1  - 45 54 15 17  - 36  - 33 52 18  - 41 10 51 38  - 47 39  -  - 59 46 31 12 16 58
 39 42 46 60 43 34  -  -  - 58 56 35 45 48  8  3 16  - 49 12 37 52 53  -  - 14 28 54 40 38 22  - 30 31 36 11 57  1 55  - 27  -  - 25  9  2  4 41 44 51 23 21 32 33 15 26  -  -  -  6
 60  - 49 18  1 58  9 25  -  - 22  3 40 13  2 21  - 17 36  8 24 10 45 34 20 37  -  - 54 28  -  5 31  - 23  6 42  4 50 11 59 41 38 19  - 15 39 56 16  - 14 30 46 57 44 48 53 51 33 47
 59  5  -  - 23 13 34  8  4 51  - 48 38 25  - 11 18 47  9  2  -  -  - 28 44 40 35 39 24  - 15  - 45  3 19 33 30 50 56 31 12 57  - 16 52 49 58 42 46 20 41 32  - 55 26 14 60 22  6 54
 25 10 53  - 52 28 55  - 14 57 41 43  -  3 33 46  2  -  -  - 36 13  - 30 40 32  -  7 31 24 26  4 22 39 29 51 21 44  -  6 48 19 60  -  8 35 59  - 11 56 27 17 38  9  - 49 37  - 12 45
