2880
 29 43  - 12 27 18  - 20 21 40  - 30 35  - 13 24 37 54 16  - 19 60 23  - 56 45 38 17 49 14 42  - 41 15  -  2 58 31  4  -  5  - 59  -  8 33 50  1  6 25 32 39 48 44 22 51 53  -  -  -
  - 35  -  -  7 10 51  - 19 39 45 50 20 55 44 38 42 11 13  3 34 36  -  -  8  1 54 60 40 12  - 52 16 58  - 48 31  - 46  6  - 37 53  4 22  -  -  - 14 41 30 32  -  - 59  - 56 25 28 15
  - 32  1 23 22 51 28  2 15  - 25 45 52 46 11 26 55  - 42 37 47  7 10 18 49 40 50  6  8 48 13 34  -  - 57 14  9  5 43 27 39 29  4 53 21 58 59  3 38  - 16  - 54  - 33  - 20  - 12 17
 47 13 11 35  - 45 34  5 54  8  -  - 39 26 50 40 43  - 31  - 29 57 48  -  7 53 23 16  6 46 21 22  - 28 20 55 33 32 49 60 12  9 17 59 36 38 51  - 41  -  1 14 52 42 30 18  -  -  3 27
  - 50 15  - 33  - 57  6  1 30 16 23 58 18 41 31 46 25 24 28 20 48  -  -  - 56 53  - 55  5 36 42 37 29 60  7 43 21 10  4  8 26 45 22 49  9  2 13  -  - 19  3 12  - 44 11  - 40 38 54
  4  -  2 58 15 35  1 28 29  9 21 59 10 22 46 13  -  - 56 18 30 12  - 14 45 47 31  3  - 49 57 41 23  - 51  -  - 16  - 17 25  -  -  -  - 27 38  8 43 33 37 55  -  6  - 32  - 36  - 42
 36 29 57  2 12  -  4  - 27 42 19 46  - 40 60 55  - 56 44 11 43 13 22 41 53 59 35 54 37  - 20 17 25 14 32  5  - 24 38 28  -  -  -  9 33 18 31 47 16 45  8 15 10 58  - 50 34  -  7  3
 30 45 29  - 36  - 55 15 35 54  4 14 24 51 19  -  - 47 53  - 31 38  - 59 46  -  - 23 28 37 39 27 58 57 42  -  -  8  - 52 10 11 20 26 40  6 13 32 21 17 60 18 25  1 34  5 49 44 50 16
  - 20 60 16  4  -  - 26  - 14  - 47 37 52  5 19 51 27 58 10 22 49 56 50  -  -  - 59 46  3 25 40  -  9 18 32 15 42 21 38 30  7 24 45 35 29 54 28 44 36 31 34 13 33 12 17  1 53 11 39
  2 42  - 50 44 23 13  9 20 41 49 37 16  - 39  - 24 60 25  - 12  -  - 54 26 32 43 47 27  -  7 15 30 34 35 38  8 40 48 14 56 22  - 52  1  4 45  -  - 55 28  - 11  - 51  3 36 18 59  5
  - 27 32 56 40 31  9 48 59 11 29  -  - 39 53  6  - 13 52 54 33 41 43 22 60 12  - 15 38 18 47  1  5 23 36 44 20  -  - 58 55 45 34 49  3 37 42  - 26 19  7 30  8 28 25  -  2  - 10 46
 28 17 55 25 39  - 26 57 47 34  - 13 53  - 38  - 35 22 27 45  - 24 18 23  6 60 29 30 12 51 52 37  8  7 16  -  3 50 14  2 41 48  -  1 59 56 32  4 58 20  5 10  - 40 21 44 11 15 46 36
  - 14  - 47 26 50  - 54  2 32 18 39  -  4  7 10 48 37 45 22 38 55 49 40 12 21 57 33  - 25 43 56 27 16 41 51  -  - 30 59  - 17 15  5  - 44 34 53 36 35  3 60  - 24 28 46  6  -  8 23
 25 26 16 32 53 42  -  -  6 37 20 38 14 29 49 39  - 18 47  9 28  -  4 11  2 19 46  1 33 40 34  - 43 21 22 23  - 17 59 55 13 50  3 12 15  - 10  -  -  - 36 27 30  - 35  - 24  5  -  7
 60 56 34 51 20 59 27 13 25 10 31  3 11  5 33 22  - 57 54 43 15  1 39 19  -  - 24 38 16 29  - 44  6 42 55 52  - 35 23 46 36 49 12  - 48  - 40 17  -  - 53 45 32 47 41 21 28  - 37  4
  7 46  5 14 30  - 18 22 31 33 40 16 13  -  8 36 20 32 57 23  -  -  - 47 38  - 15 28  - 58 53  - 26 59  1 11 24 45 19 49  - 41 27 34 44 50  4 43 51  - 12 21 39  -  2 54 10  3 48 55
 15  6 41  3 46 56  - 18  8 28 12 33  - 45 57  2 50 35  1 59  4 26 11 39 16 43 13 25 32 60  5 10 44  -  - 30 17  - 24  - 52 38 36 55 23 34  - 29 27 42 48 53 40 49 58  - 19 37 14 22
 45  -  - 34 31  8  - 30  -  - 10  - 42 59 54 41  - 51 23  1 60 11 27 20 25  -  6 14 19  7 50 16  2 22 29  - 36  3 18  - 37  5 56 44 57 12 52 40 28  9 17 43 53  - 48 58 26 32 35  -
  - 10 24 30 47  7 32 45  - 18  - 29  -  -  2 50 57  - 49 51  -  - 31 48 59 44 25 35  - 21  3  9  - 52  -  - 42 53 17  - 33 43 40 15 46  - 19 20 34 13 26 23 56 22 27 55 39  -  - 37
 55  - 26 27 18 28 47 21 36 38 33  4 25  - 14  -  -  5 17  7 45 52 13 30  -  - 11 12 31  9  2 35 48 37  3 50 49  1 41 44 20  - 16 60 54 57  - 34 56 40 58  - 51 19 39 53  - 23 42  -
 19  2  - 53 37 16 36  - 44 51  - 11 22 15 47  - 54 52 35  - 42  -  -  4 55 28  - 32  - 20 29 13 21 27 24 46  1 56 31 48  - 30  - 39 60  - 17 50  -  5  - 41  -  3  - 33 38  - 45 18
  8 22  -  5 21 48 19  - 16 35  2 42  - 47  9 49  -  3 55 60 10 25 26 43 11  - 39  4 58 41 30 24 50 17 53 59 57 36 52  - 18  - 23 14 32 13 12  7  1 28 33  - 29 37 54  6  -  - 15 20
 21 28  - 45 29 27 56 41  -  - 53  -  5 58 25 51 18  - 48 34  9  -  - 60 20 15 36 57  - 35  1  8 22 38 39  - 47  - 37  7 24 10 31 32 52 30  3 11  - 12  - 17 19  - 55  4 33  2 54 14
 11 15 40  8  -  2 10 52 37  - 56 24  - 41 23  4 29 44 19 46 58 35 17 32 34  - 42 20 39 54  -  - 55 50  5 27  - 60  9 47  3  - 49 57 18  -  6 16  -  - 14  - 36 25 45 30 43  7 21 26
 37 25 53 49  6  1 30 24 10 45  - 18  - 17 55 43  8  -  3 50 21  -  9  - 52 16 27 19 59  2 44  - 35 40 56 28  - 54 47  - 15 23 13 48  7 39  - 36 12  4  - 11 41 14 20 22 32 29 26 31
 59 37  -  -  -  - 49 23 26  - 58 55 44 28 43 52  - 19 14  4 56  -  - 15  - 18 20  -  - 45 22 25 31  - 50  - 12 30 53  9 40 13  8 54 41 17 11  2 39  1 46 35  3 21 16 27  - 47  5 34
  6 55 49  1  - 21 37  4 41 22  - 25  9 54 31 15 45 20  - 32 44 34  - 46  -  7 56 36 50  - 24 19  -  8 59 58 27 26 11  -  -  - 29 28  - 16 33  5  - 10  - 42  -  - 13  - 47 35 43 52
  5 21 33 19 58  - 12  7 46 20 13  - 48  2 35 60  -  6 51  -  1 44 52 31 40 17 37 24  9 23 10 39  - 36 26  3  - 14 50  8 38  - 22 16 25 49 57  - 54 34 15 47 55 43 53 45 42  -  - 59
  - 54 25 20 16 33  - 37 48 47 28 52 19 60 10 14 11  1 12 49  6 51 55 38  - 57 45 41 35 30 23  7 18 26  9 15 59 46 56 42  4 32 21 13 50  - 44 58 24 29 43 22 34  8 36  - 17 27 31  -
 46 39 38 55 32 58 20 50 24  1  9 17 33  8 37 28 36  -  7  -  -  5 15  6  3 48 19 53 45 56  - 60 40 18 13 29  - 49 54 10 47 44  - 30 11 31 14 35  4 43 42 16 22 41  - 59 12 57 52  2
 50 41  -  - 57 22  5 12 14 52  6  9 60 42  - 58 30 46  - 39 59 47 21 35 23  3  -  8 25  -  -  4  -  - 31  - 44 34  - 45  -  -  7 38  -  -  1  - 15  - 54  -  - 13 11 24 18  - 51 40
 12 44 50 24  5 30  7 49  -  -  1  - 18  - 27  - 15 21 26 13 52 29  6  -  9  - 58 45  - 16 14  2 34 20 38 25 39  4 36 23 59  -  - 33 42 11 53 46 22 57 47  -  - 51  -  - 54 60  -  8
 39 38 44 48  8 36 22 42 49 16 59 56  -  - 24 57 58  4  - 20  -  - 51 53  -  2 10 11  3  -  - 29 14  1 52  - 30  -  5 15 54 40  - 18 17 41  - 33 31  7 21  6 23 45  9 47 50 19  - 25
 51 59 48  - 56  -  - 43 30  -  - 27 54 35 20 29 19 38 41 15 55 40 24 57 44 34  - 22  -  8  - 26 45  6 14 42 53 13 60 31  9 12 46  7  -  1 37 10 18 21 25  -  2 17  - 39  4 16 58 32
  - 58  -  -  - 13 54 44  7  - 24 28 45 19 15 47 33  2 18 55 32 14 34  3  - 50 17 42  - 53 26 21  - 48 25  - 46 22 57 51 11  8  5 40 10  - 16 60  - 39 41 49  4 27  - 56 35 20 36  6
  - 19 17 42 13  - 23 31 33 12 57 40 26 49  4 53 44 29 39  2  - 28 41 16 36  5  - 58 24  - 60  - 32  3 37  9  - 18  1 34  6 27 10 56 51  - 15 25 48 59  -  7 43  -  -  - 21  8  - 30
 35  - 19 41 50 32  2  -  -  - 60 54 36  7  3 16 53 10  -  - 49 15 28  9 21 46  1 43 52 31  -  - 47 45  -  - 38 33 20 37 34  - 14  6  4 23 18 24 42 48 22  8 57 29 40  - 58 11 25 51
  3  8  6 33 35  - 53 10 50 48  - 36 49 30 32 56 25 17 20 29 41 19 44  7  - 39  - 37 14 26  - 58 28 47  -  -  -  - 13 22  1 34 52 31  2  - 55 12  5 27  -  4 60 57  -  9 51 46 40 43
 56 12 39 46 17 15 40  - 58 36 51 57  - 50 21 59  1 48 38 31 18  - 25 33 32 23 34  - 47 22 27  -  3  -  2 49  - 10  8  5 42 35  - 29  - 20 60 30  -  - 55 19  6 16 14 43  7 52 24  9
  - 51  3 18 59 55 25 17 28  2  -  7 30  -  - 34  5  - 22 16 50 10 57 44 37  - 40 29 11  1 32  6 12 43 45 33 23 15 35 54 48 47  - 36 38 14 26 19  -  - 20 24 27 31  4  -  - 21 41 13
 10 11 54 38  1 29 16 46 52 13  -  -  6 34 40 27  4 31 32  8 53 30 35  - 51  - 33  -  -  - 55 14  -  - 19 45 21 20 44 24 58 15  -  3 12  7 43 41 57 56 49  2 42 48 26 60  -  9 17 47
 52 33 51 17 60 41 11 34 39 55  -  1 40 20 29  3  7 53  - 12 27  -  8 21  - 24  5 49 22 44  4 43 36 30 54 56 16 28 32 26 23  - 18 10  6 19  - 42  2 47 45  -  - 35  - 38 31 48 57  -
  - 18 23 60  - 25 33 14 57 43  - 26 27 32 30 42 41  -  9  - 11  -  -  - 31 10  -  5 44 47 49  3 53  -  -  1 45 38 34 29  7 24 48  - 39 28 20 54 17  - 56 51 37  4 46 12 59  - 22  -
 27  4  - 21  2 46 14 19  - 17 54 10 23 56 16  - 34 41  - 25  3  9 45 13  - 31 60 51 26 52  8 36  - 39 44  - 37 29 58  1 49  6 43  - 24 40 28 55 20 22 38 59 47 32 57 15 48  -  - 35
 31  -  - 37 25  9  -  - 60 26 44  5 32  3 18 23  - 30 36 53  7 59 20  - 39  8  - 48 13 10 35 50 24 41 40 19  -  - 45  - 29  -  - 51 14 54  - 56  -  6 27 58 21 15 42  - 22 12 55  1
 34 53 22  4 28 57 44  - 51 59  - 48  - 31 45  - 21 14 46  -  5  3  - 37 18 13 47 40 10  - 56 12 42 32  7 39 35  - 26 16  - 60 55 20 27 36  - 38 50  - 11 33 58 30  - 41  9 49 23 19
  - 40  4 13 14 17 41 38  3 57 48  -  - 53  6 35 27 23 43 33 37 18  - 29 22 55  - 39 15  - 12 47 54 60 30 21  -  - 16 56  -  - 28 58 34 25  8  9 11  - 50  5  - 36  - 20 44 45 49 24
 22  9 21 40 41  - 29 58  4  3 36 12  - 11  -  - 16 28  6  - 48  8 46 52 14 49 26 10 42 19 18 20 15 51 43 31 25 27 55 50 60  1  - 23 56 47 35 57 45 38  - 54  - 59  5  -  - 30 32 33
  -  3 47 11 23 39 15 59  - 27  -  - 41  - 12  - 52 16  -  - 54 32 38 42  - 36 14  7  -  6 40 28 17 24 33 22 26 25  -  - 43 19 57 35 55  2 58  - 60 31 51 46  5 18 56 49 13  1  -  -
 42 31 28 29 49 44  - 60 32 58  7  -  3 36 52 45 39  - 37 26 23  6 14 17 15  -  2  -  5 55 19  - 20 54 46 13 10 51  - 53  - 59 30  - 43  -  - 22 25  8 57  9  1 56 24 35 40  - 34 21
 18  - 35 54  -  - 31 33 12  - 43  -  - 48  -  8 13 36  -  - 26  2 32  - 57  4 41  - 30  - 38 59  7 44 11 60  -  - 15  - 21  -  1 42 29 10 24  - 23 49 39 50  9  5 52 40 37 34 16 45
 26 23 30  6 55 38 58  -  - 56 41  8 51  - 22 32  2  - 60 42 57  -  7 28  4  -  - 13  - 43 54  - 29 35 15 34  - 52 27 19 16  - 11 37 45 59 21 39  - 44  - 40 20 10 49  -  5 50 18 48
 43 48 36 31  -  3  8 39 13 24 23 51 12 57  - 17 22 42 29 44  - 46  - 55 47 41 49 34  -  -  6 38 10  4 58 20  -  2  - 25 45  - 32 21 53  5  9  - 19 60 59 28 16  -  - 52 15 26  1  -
 32 52 14  - 24 37 43 47 55 23 30 58  4  - 42 54 17  -  - 41  -  - 40  1 28 29  8 21 53 59 46 49 33  - 27 16 34 57 12 18 22  - 35 19 26 60 36 51  7 11  9 48  - 50  - 10 25 31  6  -
 54 24 42  7  9  - 48 51 18 53 39  - 50 27  - 12  6 55 10 57 14 45  -  - 19 20 59  2 56 36 58  - 38 11 34 17  -  - 28 21 35 25 33 43 47 46  5 44 32 16 13 52  - 26  - 31  8 22 30 60
  1 16  9 44 43 60 35 11  - 50 37 19 38 14 26  - 10 40 34 58 51 22 36  5 41 42  7 55 20 57 45 32 46 49 48  4  6 23 29  3  - 53 54 24  -  8 30 15 59 52  2 56 33 12 18 13 27 39 47 28
 33 34 18 57 42 20  3 32 53 19 22  -  -  - 58 44  - 50 40 30 36 21 12  -  5  - 48 31 60 27  - 46 11  - 47  6 55 37 51 35  2 28  - 17  - 26 29 52 10 23 24 25  -  - 43  8 16 38 13 41
 57  - 56 22  -  4  6 53 17  - 42 43  2 13  - 21 14 12 33 36 46 50 60 45 10  9 30  - 29 32 51  - 19  - 49 26  - 58 39  - 44 16 25  - 31 24  - 27  8  - 52  -  7 34 37 28 55 54  - 11
 14  5 37 39 54 40 45 36 38  7  8 35 31 23  - 25 12 26  4 19 24 53 47 10  1  6  9 52 51 11  - 55 13 46 28 57 29 48 42 20 32 21  - 27 58 43 56 59 33  - 18  - 49  2 60 34  - 41  - 44
 17  - 52 15 11  - 46  -  9 60 35 34  - 38 51  1  3  8 59 21  - 27  - 24 43  - 28 56 48  - 37 33 57 53 23  -  - 47  6  - 26  -  -  -  - 45 39 18 40  -  - 20 31  7 10 19  - 55  2 50
