2880
 49 15 43 25 10 17  - 30 12 21  6 46 34  - 18 38 33  - 36 39 60 13 52 14 31 50 23 20  8 29 42 53  7 56 59  - 45 24  4 27  - 32  - 44  9  3 54 28 51 48 11  - 22 26  5  1  2 40  -  -
 16  -  4  5 28  -  -  -  - 44 39  - 43 52 36 22 38 51 23  8 32 26 46  - 42 57 20 15 49  7 19 24 41 59  - 37 17  3 34 12 54  1 53  2 55 21 35 48  6 60 50 40 47 30 45 11 18  9 10 27
 25  4  -  - 13 59 52 22 43  - 15  - 49  - 45 48 41 56  7 23  - 10 31 18  2 11  9 60 26 44 46 39  - 19  -  -  6 47  3 17 12 27 33  -  -  - 30 54 34 42 55 29 35  8 58 14 51 38  -  5
 50 10  - 22 24  - 26  5 38 27 40 47 48  -  - 25 31 28 20 21 56 58 34 51 19 55  -  2 54 36 41  3  -  - 44 53  - 32 17 30  4  - 43  8  - 52 13  - 14  - 18  9  - 49  - 35  -  7 15 12
 46 49  - 60 27  3 22 42 26 28 56 38 25 51  - 31  2 33  - 30 52  - 37  5  - 12 32 17  -  - 10  - 29 20  - 57 21 58 39 50 23 41  6  9 45 34 44 11  1 24 47  - 14  - 36  4 54  - 18 55
  - 12  - 21 56 28  - 15  1 36 24 10 20 48  - 42  -  -  -  - 25 30 11  - 16  9 17 46 57 32 45 22  - 29  8 31 41  - 59 40 47 33 58 60 53 49 27 19 50 26  6 13 18  7 52  3 43 44  5 35
 29  - 24  - 58 38 35 27 54  -  3  -  - 46 33  -  -  2  - 40  9 51 45  - 57 32  - 41 21  5 47 26  -  - 48  1 22 25 37 59 28 53 12 49  6  - 10  4 52 11 39 16 36 19 60 34 20 30  -  8
  - 36 27  8 18  - 20 35  6 51 37  2  4  -  - 57 17 58 24 38  - 55 32 60 59  -  7 43  -  - 56 14 44 31 47  9  - 34 53 25 48 40 13 26  3  5 28  - 29  1  -  -  - 22 19 33 50 41 11 10
 47 55  - 30 29 14 50  -  -  - 35 28  6 41  5  - 60 54  -  7 11 59  - 56 58 24 38 33  9 49 25 36 22  - 46 48 18 57 31 43 27 42 32  - 13 45  4  - 21 40 52 39 10  2 20 17  - 26  -  -
  -  - 13  - 38  4 27 31  - 14  - 39  - 42  7  - 56 40  - 55  -  -  - 15 25  - 12 44 17  2  6 29 23 50 51 54 52 33 35 18  8  -  9 20 49 48  5 30 22 59  - 32 57 21 28 58 34  3 43  1
 56 44 53 39 22 37 14 18  5 47 12  4 55  8 21 36 32 42 30 58  - 27  6 57 24 60  2 48  - 45 29  - 26  3 28  -  - 16  - 10 17  9 40  - 50  -  -  - 33 49  7  -  - 41 51 15 25  - 20 11
 53 24 38 37 34  -  -  -  -  - 25  - 23  5  3  1 26 50 27 10  - 57  - 46  6 20 51 21 15 48  -  - 39 54 13  - 31  - 40  - 52 45 59 55 56 44  - 22 17 36 28  - 41 29  2  8  - 11 47 43
  -  - 10 44 60 24 57  -  - 34 32 23 51  -  -  -  - 49  1  4 59 18 16 48 17 31  - 37 55 56  -  -  6  8  - 14  - 40  2  - 50 47 39 22 46 58  - 42 27 12  - 28 30 38 15 21 26 43  3 45
 38  2 42  - 52 35  - 60 10  -  -  - 13 45 31 26 58 59 21 53 33  - 43 32  - 34 30 57 20 25  - 56 50  6 36  -  -  - 55  4 22  - 17  5 28 18 47 29 41 44  8  -  7 16  3 54  - 37 27 15
 30 14 31 34 54  7 44  8 35  - 17 51 24 15 41  9  3 25  4  - 10  - 56 40 43  - 58 55 19  -  - 46 18 11  -  -  - 37 29  2  - 50 23 27 16 26 60 53 32  5 12 42 48  - 49 45 38  -  6  -
  7  6  - 15  8 12 55 44  - 23 29 40  -  -  9 50 19 11 43 47 37  - 41 24 39 45 31 28 52 42 49  - 21 53  - 13 34  -  1 32  -  -  2 51  - 25 18 57 10 35 54 30  -  -  4 26  - 33 17 56
  5 58 23 13 55 30  2 37 29 24  - 49  - 47 50  3  - 38 34 45 12 39 18 36  - 22  -  8 16  -  - 35 27 10 41 59 15 48 51  - 60 21  4 19  -  -  1 26 20  7 32 53 42 57 46 44 17  - 56 33
 59 29 54 32 46 33 41  -  2  7 31 34  8 11 20 45 23 44 50 57 55 48  3  1 53 17 18 51 60 58 35 37  - 30  - 36 12  - 10 14  - 24 56  -  -  6 42 47 19 25 40 26  5 52 16 39  9  4 49 21
  - 57 46  2  - 29 39 56  - 11 36 35 15 12 34  6 55  -  - 54 48 21 51 27 13  5 43  9  -  - 38  - 31 42  -  7 40 52 47 44  1 60 16 58 26 20 25 18 53 19  - 14 17 28 50 30  4 10 33 23
 28  -  - 54 57  - 40 49 32 35 58 24 17 20 25 56 36 53 13 22 16  - 21  9 34 26 37  4  6  - 27  - 33 23  5  8  2 15 48 47 42 11  1 45 19 29  - 60 12 14 44  -  - 31  7 51  3 18 41 46
 36 52  9  - 19  6 46 51 13 39 34 31  1 38 12 59 45 43 58 18  - 35  - 29 49 33  - 10  - 21 37  2  3 22  - 15  -  - 16  - 57 55  - 54 47 27 11 40  - 32  -  - 20 24 25 60 53 17 23  4
  6 42 20 56 59 50 48 32 55  1 53 11 57 37 35 60 13 39 18 16  7  8 28 34 23 19 26  -  2  - 40  - 30 51  -  -  - 43 46 54  - 25  -  4  - 31 15 52 49 27 45 22  - 17 41  - 10 58 21 36
 26 46  -  - 20  -  9  3 60  -  - 13 40  -  - 37  - 18 38 11 28 49 24 19 47 54 53  -  1 31 22  6 45  7  2 12 58 27  8 56 33 30 51 32 10 14 16 44  5 57 23 43 25  4 48  - 41 15 42 50
 22  - 30 45  7  - 56 24  - 50  -  6 33 10  - 12 11 27 35 31 29 28 60 43 36 39  - 52 13 38  - 17 15  - 19  4  3 59  -  - 14  - 18 16 41 42 49 25 58  9 37  5  8 34 26  - 32 23 53 44
  - 33 19 55  -  - 37 20  3 15  7 50 27 28 43 51 57 30 12 14 17  5 54 41  1 49 56 18 58  6 52 47  4 32  - 38  - 29 26  9  -  -  8 40 11 24 21  - 48 39 25 60 44 23 35 36 59  - 16 31
 43 23 14 28 53  -  7 16  - 57  8 58 12  6 17 54  - 10 29 41 47 25 20 21 33  3  -  - 56 51 11 27  5 34  - 46 39 49 42 35 19 48 22 59 31 15 40 36 37 13  - 45 26  1  - 38 55 60 44 30
 51  - 44 23  2 43 58 41 22 49 55 17 42 21 52 27  - 13  -  3 39  - 26 37 20 40  - 38 47  -  7 59 60  - 45 34 36  - 56  - 32 57 50 14 30 54 24  5 35  -  4  - 19 11 12 25 15  1  9 48
 31  7 17  - 21  -  4 11 48  3  9 41  - 18  - 34 35 14 56 24 42 53 57 44 32 58  8 40 50 47 54  5 20 52 60 39 13  2 28 49 45 43  - 46 25 33  - 37 26  - 16  1  - 55 27 22 12 19 51 38
 34 45 29  9 15 36  - 14 24 59 27 55 18 54  -  7 28  4  6 43 57 17  -  2 40 37 48 19 33 30  - 52 35  -  - 26  - 60  - 58  - 12 44 53 51 56 46  - 13 41  5 49 50  - 42 47  8 21 22 32
  - 35  3  -  9 48 45 28 50 42 20 36 56 29 16 52 47  -  5 60 22  - 13  4 15  - 24 39 12 17 53 30  - 37  7 19 51 44 25  - 21  - 49 11 33 43 55 32  -  8 14 23 54 40  - 46  6 34 31  -
 11 17 47  7  - 49 13  -  - 22  - 12 46  3  2  - 48 15 39 27 18 14 36 10 37 52  1 59  -  - 44 42  8 25  6 33  -  9 32 60  - 51 38 28 20 30 41 43 16  4 58  - 53 50 55  5  - 57 24 19
  - 38  8 59 42 41 10  - 21 32 50 25 29 56 44 16 34  - 19  1 46 31 35 17 30  6  - 23  - 55  -  4 51  9 11  -  5 20 33  3 53 22 14 18 12 47 45 39  - 43 13  7  2 54 37 40  - 48 26 28
  - 34  -  -  4 39  5  9 53 31 52  -  - 44 48 33  - 55  - 29 50  - 59  - 54 51  - 49 46 22 60 21 19 58 12 23 42 11  6 20  -  7 25  - 36 37 26  - 47 10  - 41 38 27  8 43 56 24 35  -
 20  8 28 57  -  - 25 13 59 38  -  5 11  - 23 35 16  -  - 12  - 43 48  6 29 41  3  - 36 52 32 51 37 60  4 42 44 53 15 22 24 26  -  -  -  1  - 31 56  2 10  - 33 14 54  -  - 47  7 34
 42  - 56  - 16  -  1 46 45 25 18 32 47  9 28 20 14  8  - 59 38 41  - 54 35 44 11 22 31 37  5  - 53 15 10 27 55  - 49 19  -  - 52 43 58  4  - 33 23 17 48  2  - 60 24  6  - 13 30 57
  -  - 41 24 31 25 32 19 28  8 26 48 37 59  -  - 15  6  - 50 20  2  -  - 18  1 27 13 35 40 21 49 38  -  - 58  9  4  7 45 43  -  -  - 42 17 12 55 44 54  3  -  - 56 30 23  -  5 52 16
 52  1 11  6 36 22 51 12  9 29 49 44 32 26 57  - 40 41 17  - 30 54 53 13 28 42  - 34 37  - 50 60 46 18 38  - 20 56  5 33 15 31 45 23 39 35  - 27  - 58  -  4 55 10 47  2 16  - 48  -
 37 31 35 27 50 11  - 47 42  - 21 43  2 13  - 18  - 26 14  - 19  -  5 38  7  - 44 32  4  - 58 41  -  1 25 40  -  6 22  8  - 20  - 52 57 53 51 16  - 23 60 55  - 59  9 28 36 29 54 24
 41 16  - 58  -  -  6 38 57 19 46  -  - 17 15 13 51 37 25 34  1  9 10 31 45 30 42 54 44 50 43  -  2  - 55 28  - 36  -  5  -  -  - 24 40  - 52  -  - 21  - 12 39 32 11 27 47 14  8 29
 35  - 22 31 14 57 43 45 27 52 38 53  -  7 51 55 59 32 15 17  5  - 50 33 11 25 21  - 30 60 48 12 54 46 39 20 26 42 44 23  - 16  3  - 24 28  -  1  - 29 41 19 40 58 13 10 37 36 34  9
  - 39  6 52  - 58  3  1  -  2 41  - 30 32 53 44  -  - 10 13 15  - 14 22  - 47 46 31 45 12 17 50 16  - 20 29 35 54  9 51 18  - 55 21 48  7 38 24 25 34 26 36 59 33 23 37 11 42 19 49
 55  - 37 29 11  -  - 17 46 18  -  - 45 35 56 43 39  - 57  6 58 16 49  8  - 23 13 14  7 54 26 10 36 41 32 25 59 12 60 24 40  5 34  1 15 22 20  2  - 28 33 44  3 48 21 19  - 52 38 42
  8 13  - 18  -  9 30 57 14  - 59 37  - 43 27 17  - 22 48 49 24 36 12 53  5 35 60 11 23 10 28  - 52  - 21 55 46 31 50  1  3 19  - 25 54  2  -  - 45 38 34  - 56 39 33 32 29 51 40 41
 54 25  1 43 30 45 53  - 47 48 11 29 10 55  - 32  - 31  8 19  - 15 22 35  -  - 52 27 40  - 16  - 17 26 37 50 14 41 24 13  9  2 57  3  4  -  -  7 42 20 56  6 60 12 34  -  -  - 59 39
 33  - 45 42  - 32 16  - 36 13  - 56 38  4 10 47 53 48 55 20  3 44  - 49 41 43  5 35 27  -  - 34 14 17  - 51 37 26 57  7 30  - 11  - 60 19 22  6  9 50 59  - 23 15  1 52 24 54 39  2
 21 32 39  - 35  5  -  2 15 30 43 42 16 34  -  -  9 57 22 26 27  4  8 59 46 38 41 24 53  -  1 45 55 40 52 60 48  - 14 28 11 44 10  -  - 23 29 58  3 33 51 17  6 36 56 50 31 12 37 47
 24 51  -  -  - 31 42  6  -  -  -  - 35 49  - 19 44 34 54 25 14 40 15 52 50 53 10 45 22  - 57  7  - 12  -  - 27 28  - 26 36  - 21 13 23  9  - 17  - 47  -  -  1 43  - 18 33  2 60 20
  - 20  - 26  - 60 21 53 18 41 45 59  3 40  - 58 37 36  -  9  6  -  -  -  -  4  -  1 48 34 23 57 10 49 24  5 32 39 19 16  2 52  - 30 17 38 31 46 15 56 27  -  - 42 22 13 28  8 14 51
 14 43 36  - 47 55  - 26 40  -  -  -  5  -  4 28 29 17  - 44 54  7 38  - 10  - 16 30 34  3 39 32  1 35 50 24 19 21  - 57 41 18 60 48  - 13  - 20 59 37 22  - 11 53 31  - 46 25  -  6
 15 27 18  - 43 26 34  - 11 58 54  1  - 14 24 49 10 19 28 32 36 20 23 12 55 48 50  6  3 33  - 31  - 13  9 22 16  7  - 41 51 35 29 42 44  - 39  - 30 46  -  - 21 45  - 56 60 59 57 25
 10  - 32  - 41 16 28 55  - 33  2 27 39  -  1  - 22 24  - 37 40  - 25 23 44  - 15  7  5 26  3 48 49 47 58  - 43 18 45 21 35  8 46 38 29 11 53 12  - 31 57 20 13  6 14  9 52 50  4 60
  - 56  2 20  -  - 23 21 34  - 48 54  9 58  - 53  -  7 52 42  4  1  -  - 14 27  - 16 25 15  -  8 57 43 17 11 24 38 18 55 37 28 47  -  - 10  - 41  -  - 46 33  - 44 59 31 49  -  - 13
 23  - 57 38  1  - 11  7  4 20 60 33 28 36  6  -  - 52  -  5 13 47 30 39  - 29 59 26 43  - 31 15 25 14 56  -  8 45 21 53  -  - 35 37 34 12  3  -  2 51  - 10 16 18  - 42 40  - 46 58
 27 30 25 16 17  -  -  - 23 26 57  - 44 31 42 11  6  -  9 51 41 19 47  3  - 10  - 56 59 13 15 20 48 39 33 32  -  1 36  - 55 58 28  -  7 40 37  - 54 52 38 35 49  5 43 29 14  - 45 22
  - 59  - 40 39  -  - 52 30 17 33 57 19 24 46 14  - 47 41 28 23  - 27 26  9  - 34 42  - 11 20  - 56 38 35 18 49 51 58 48  - 36  5 50 32 55  -  - 60  3 43  - 31 13 44 53  7  - 29 37
 39  9 48 33  3  - 38 34 17 12  -  - 41 60 37 46  - 21 51 52  2  -  7 47 26  8  4  5 42 57 14  1 28 45 27 35 50 22 43  6 10 29 15 31 59 36  - 56 40 16 20 18 58 25 53 49 44  - 32 54
  - 48 49 10  - 15 17 33 19  6 51  3 58  -  - 30  - 45 47  2 44 56  4 50 60 13 25 29 38 18 36 40 24 28  1 16 23  8 12 52  5 34 37  - 35 59 14  -  7  -  -  -  9  - 32 55 21 39  - 53
  1 60  - 47  - 20 33 40 52  - 42  - 31 53 14 10 49 35 26 56  8  - 19 58 48  7 29 36 41 43  - 13  9  - 18  - 25 30 54 37 59  - 24  -  5 51  2 34  4  6 21  - 27 46 39 16  - 55 28  3
 40  3  -  - 45  8 36 58 51 54 13  -  - 27 30 21 50 20 32 35 26 29  - 11  - 15 39 12 14  1 33 28 43  4 49  -  7 23  - 31 46 56 19 41  - 16 59  - 57 55 53 37  -  9 38 24 22  6  2 17
  9  - 12 51  5 44 60 54 41  -  - 19 52  1 26  -  -  -  - 48 21 32  2 25 27 14 28 47 24 53 30  -  - 36 29 17 56 46 13 15 16 39  -  -  - 57 23  -  8  - 35  - 43 37 40 59  - 22 55 18
