2880
 14 40 26 12 19  9  8  -  6  - 56 37 54 30 11 58 28  -  - 33 45 48 20 24 55 16 21 32  - 53 36 29  7 18  -  - 23  - 41 15  2 59 13 49  - 31 52  1 34 47 27 38 57  5  - 51  - 22 39 60
 54 11  -  -  9  -  - 14  - 16 10  -  - 43 44  - 46 18  - 47  - 60  - 31 20 38 40  - 57 25  -  - 58  4  - 26 36  -  -  6  1  - 59 48 33 32  8  - 39 13 17  2  3 37 55 30 56 24 52  7
  - 14  - 51  -  - 27 59 30  - 48 42  - 11 45 16 54 20  - 52  -  - 39 56 19 41  - 50 29 13 38  3  -  -  6  - 46 26 12 22 37 60  1  - 17 23 10  -  5  -  8 57  - 49 15  - 32 43 25 44
 26 10 28 58  1  - 46 17  - 31 36 23 11  -  8 55 21 40 39  - 49 27 41 48  -  5 59  - 33  -  - 20 42 22  4 30 13  7 35 57 43 25  9  - 15  -  2 47  - 37 44  6 12 52 19  - 16  -  -  -
 34 47  - 30 21  - 59  3  - 49 43 19 48 28  -  -  - 10 31 41 25 29 53  4  -  - 58 46 42  - 56  - 51 16 13  7 45 22 33 37 26 23 14  - 12 35 55 15  1 24  2  5 60  -  8  -  - 57  - 39
  1 59  9 45  -  - 26  5  - 55 60 51  - 22 33 48  -  -  - 14  -  - 36  3  - 44  7 56 10  2 29 47 11 15 42 46 40 32 57  -  - 43 23 53 58  -  - 49 27 54 20 39 37 30 25 19  - 18  8  4
 50  -  3 18 28 36 32 53 21 59 24 41 16 29  6 14 10 37 26 51 19 47 40 20  -  4 45 23 54 42 17  7 57 34 44  2 56  9 22 58 15  - 27  - 35 39 13  8 25  - 60  - 43  1  -  -  - 11 30 52
 52 21 51  1  -  2 40 27 60 35  - 36  - 32 47 42 50 56 13  - 31 24 10  - 58 53 18 48  5 38 25 55 39  - 17 29  6 45 30 41  - 49  4  - 23 57 34 28  9 59 11 12  8 22 16 15  3  - 26 20
 20 60 23  - 35 30  7 37 44 25 18 21 26 33 48  - 34  -  2 42  - 36  9 57  - 24 22 29 11 32  5 45 55  1 12 52  - 46 27 39  3 15 54  - 10 51 17  -  4 19 16  8 47  6 13 56 41 28 53 38
 24  -  4 39 30 57 10 54 50  - 40  6  7  -  - 32 22 21 29  5  2 19 47 45 35 23  -  - 53  -  - 42  - 33 20 43 11 31 58  - 41  - 51 17 56 55 46  - 59 36 25 28 52 12 60  3 14 49  -  9
 22  - 16 53  8 20 58  - 10 28 30  2  5 56  3 15  -  4 57 27 13 23  7  - 31  - 14  - 60 39  6 19 43 47 25 17 18 12 32  - 35 42 11 44 41  9 59 33 49 29 38 37 21 26 48  - 51  - 50 40
  - 12 35 23  - 41 30  -  - 50  - 25  - 47 52 49  - 48 36  1 20  - 44 16  - 57  - 15 59 60  8 21 34  - 43 37 32  3 28 27  6  - 10  - 55 13 24 19 31 53 46  9 11 39 14 26 40  5 45 18
  3 34 19 48  -  -  4 24  - 27 31 38  - 12  - 21  2  -  9  - 47 46  - 26  8  - 23 22  - 35 44  - 53  - 18  5  - 14 50 20 60  - 29 55  - 10 49 39 30  1 37 11 41 40  -  7 33 58 56  -
 42 13 32  7 41 10 49 50 35 60  2 18  8 58  - 59  -  - 40 19  9 25  - 55  - 14 20 16 23  - 39  - 36  -  -  6 15  - 29 45  -  1  5  - 30 54 57 44 21  - 53 22 27 24  4 11 38 34 28 17
  -  - 38 13 24  8 16 31 19 45 46 57 37 60 39  - 30 23  - 11 59  -  6  - 15 50 48 12  -  - 32 18  3  - 21  -  5 10  2 52 44 14 28 25 26  - 27 20 43 42 22 35  - 47 58 55 17  - 49 34
 37 41  - 20 13  - 22 45 47  -  1 43 21 24 10 44 55 34 38 40  - 18 50 32 27 17  - 36 19  -  - 59  8 46 56  -  - 52 15 48 51  - 30 28  4  6 23  3 33 25 54 26 16 29 42  5 53  9 35 57
 44 58  1  5 18 12 29  -  -  6  - 59  -  -  2  - 48 55 45 26 36 33 32 38  -  - 34 43  -  - 54 25 35  - 37 60  9  - 52 46 49 41 53  4  -  -  - 17 14 40 50 31 22  7 23 42  - 47 27  -
  - 38 27 21 37 45  2  8 16 24 32 58 14  - 20 43 36  1 49 15  - 52 54 35  -  -  9  7  3  6 55 34  5 23  - 50 33 44  4 40 17  -  - 13 42 19 47 56  -  -  -  - 25 51 30 41 11 31  - 59
  - 16  8 60  7 52 23 39 13  - 57 56 55 48 17 46 35 11 44 45 12 22 30  1 42 47 31 38  2 41 28 58 15  -  5 34  - 25 19  3 10 51  - 26 49 43 14 54 36  4  - 53 20 50 59 27 18 21 33 32
 16  6 55 50  -  -  5  - 37 34 20  -  - 10  - 22 15 38 59 12 60 30 48 40  2 45 46 11 51 57 33 52 49  9 23 53 28  - 36  8 13  - 31 56 39 42  4 43 19 58 18  7 44  - 32 54  - 41  1 35
  - 22  6 17 23 26  - 42 41  -  7 53 18  3 38 31 20 43  - 46  -  -  2 60 37 56  - 58 14 15  -  - 33 19 11 59  -  5 21  - 30 29 36  9 24 48 12 34 44  - 47 51  -  - 35 28 54  - 16  -
  4 31 34 36  5 24  - 30 23 22 15 10  -  1  - 19 58 44 16 25 52  - 17 29 38 13 54 33  - 27 59 50 40 49 45 51 41 53 47 43 32  -  - 57  8 37 20 14 28  7 39 21  2 11  - 12  6 48  3 56
 38 48 17 35 57  6  - 32 42 47  -  -  3  5 27 40 51 22 54  4 53 34 21 46 39 33 60  9 49 26 24  8  - 14  - 25 20 18  7  - 28 12 15 50 31 29 56 37 41 44 59 30  - 58 36 13  1  - 11 23
 25 24  - 47  4 60 57  7 26 37 39  - 30  -  - 53 29  - 58  9 54 38 16 12 36 46 17 35 48  - 31 43 10  8  - 22 44 13  1 42 11 52  - 15  5  3  - 27 56  2 33 19 34 23 40  6 49 50 32  -
 17 49 13 26  -  -  3 29  - 36 25 34 35 45 53  - 19 60 55 31 57  6 58 14  5 42 33 21  9 16 22  -  - 50 48 44 38 39 51  4 40 30 43 46 18 41  1  - 37 12 28 23 24  8 47  2 52  -  - 10
 27 20 56  - 52 33  9 47 48 10  8 45 22 18 51 25  -  6  -  7 17 11 38 53 13 34 19 28 31 24 43 23  -  - 35 15  -  - 26 50 12 36 49 60 21 44  3 40 32 41  4 55 39 16 54  - 57 30 42 37
 57 44 11 40 34 22 18 20  - 54 50 35  -  9  - 10 49  3  8  -  -  - 51 58 53  6 16 13  7 48 15 41 28 27 59 19  - 17 25 12 36 45 60 37  - 14 32  2 46 26  5 29  1  4  - 33 30 38  - 31
  -  - 42  - 32  - 14  1 58 13  - 16 56 41  - 51 45  9 23  6  -  2 26 44  4 31 36 49 20  - 40  - 50 30  - 47 57 60 59 55  - 37 48 19 25 46 29 21 11 15 34  -  7 27 18 17 22 53 54  5
  6 46 37 14 26 56  1 23 22  5  3 33 27  2 32  7  - 13 18 43 21  -  -  - 10 36 24  - 40 54 30  - 52 20  9 28 59  - 60 38  - 31 45 47  - 16 39 12 58  - 51 17 50 55  - 44  - 35 57  -
 51 27 46 57  - 58  -  4 52  -  - 20 32  6  7  -  8 14 19 53 28 49  -  5  - 30  - 37 15 18  2 60 24 12 55 39 34 40  - 23 33 47  3 11 54 21 44  9 38 22  1 16 31 45 43 50 26 17 10 42
  -  - 14 11 22 31 48 21 24  - 53 28 39 15 40  8 18 29  6 10 32 50  - 25  - 51 30  - 17  9 47 57  -  -  2 41 43 38  - 26 42 19 16 27 44 33  5 35  7 52 56  4 13  - 34 36 20 23 46 49
 53 57 41  - 20 17 36  - 11  3 45 50  - 49  - 54  - 51  - 38  -  - 56 18 32 39 55  5 16 59 10 12 19 13 58 21 52 23 43  1  -  6 22  -  - 28  9 24 47 46  - 15 35  -  - 48 34  - 14 25
  - 29 60 55 54  - 53  -  - 20  4 48 47  -  5 38 57 33 10 37 27  - 13 21 43 18 50 40  - 31 11 36 44 26 15 12  1  - 39 17 19 16 56  -  6  - 51 23 35  - 24 59 46  3  9  - 28 14 34 41
 45 56  - 22  - 13 37 18 28  8 54 49 58 34  -  -  -  -  5 39 23 12  4 50  - 11 26 17 35  - 21 40 20  - 16  1  -  -  6 29  -  7 42 24  2  - 41  - 48  9  - 52 32 19  -  -  - 59 51 46
 21 50  - 37 10  4 25 19 20 32 27  7 53 46 18 17 59 39  1 55  -  5  - 36 40  -  3 41 58  -  - 22 30 60  -  - 29 42  - 11 34 13 24 12 38  2 31  - 45  6 43 54  9 14 56 57  - 51  - 47
 11  7  - 32 50 48  - 51 18 42 21 31 49 25 13 39 41 47  -  -  6 45 35 15 14  - 27 52 38  5 57 24 56 43 10 23 60  - 37 34 53 40 44 20  3  4 30  -  - 28 12  1 54 59  - 29 46 26 17 33
  - 54 58 28 16  7 13 56 25  - 34 55 41 37  - 23  9 24 46  -  - 21 14  6 18 59 51 20  -  -  - 38 27  5 29 32  -  1 42 33  -  3  - 36 57 11  - 10  - 35 40 47 48 60  - 45  4  - 22 15
 59  1 18 34  - 40 42  -  - 52  5  8  - 35 41 60 23 12 53 29 37 10 27  - 11 43 15  3 39  - 13  6 46 48  7  - 30 50 44 24 45 38 55 32 20 49 22 57  - 17 58 14 36 33  2 21 25 54  4  -
 48 25  -  - 40  - 54  -  5 41 28  - 12  7 30  4 31 16 56 59 39 43 11 52 51  -  - 45 22 49 42 15  9 21 57 14 55 29 20 47 24 27 34 58 36 17 18  -  3  8 35 60  - 46 44  1 37 13 19  -
 36 19  2 49 39 25  - 60 55 26 23  -  - 53 28  - 43 30 47 18 50 13 24 17 59 40 10  -  4  -  1 44 32 29 31 58 35 15  8  - 38 11 12 54 51 27 33 52 16 45  -  3  - 57 37  -  7 46 41  -
  5 33 45  9 60 47 44 55  -  2  - 24 28  - 23  - 14 59 32 57 29  7 15  - 34 27  - 19 26 12 37  1 41 10 46 42 51  4 54  - 39 50 35 18 11 22 16 30 40  - 13  - 49 25  - 43 21 52 20 58
 19  9  - 46  - 54 56 13  1 40 59 44 43  -  -  2 53  - 60 16 11 51  -  - 21 28 42 26  -  7 50 32 23 41 49 45 27  -  3 35 20  - 17 30 29 58 36 48 24  5 57 34 14  - 33 18 10  - 55  -
 32 39 15  8 43  -  - 33  9  - 14 13  - 57 50 20  4  5 25 28 30 37 22  - 24  - 56  -  - 11 58 27  - 55 41  - 31  2 53  - 21 54 18 42 40 45 26 38  6  - 49 48 51  -  - 35 36 12  -  -
 60  -  - 31 51  5  - 40 49 57  - 15 25 26 14 50 33  7 24 32  8 41 29 19  -  9  - 34 46  - 23 53  4 17 52 16  2  -  - 36 48 56 37 39 59 12 35  - 18  3 42  - 58 43  - 20 13  - 38 11
  2  -  7  4  - 14  6 38 27  - 11 60  9  -  - 41 40 52 37 56  3  -  - 10 28 26  5 44 36 50 51  - 12 45 54 49 39  - 34  - 22  -  -  8 19 47 58 59 42 33 31 20 30 18  - 46  - 25 15 48
 28  5 24  2 59 49 39 35 15 12 33  -  1 14 25 45 47 57 30 17  7 32 18  - 23 60 13 42  - 29  -  - 37 36 38 40 10 16 11 21 27 22 41  -  - 34 48 31  8 56 55 58 26 53 20 52 19  - 43  3
 39  - 47  - 48 16 19 57 31  -  - 46 29 59 42 11  - 53  -  - 24  - 33 28 44 54  -  - 27  -  3  9 13 52 51 20 37 41 55  - 50  4 21  - 32 26  7 18 17 23 30 36 10 34 38 14  5 45  - 12
 30 37 36 10 49 46 55 43 17 15 19 26 59 13  -  - 16 35 51  2 34 42  -  -  1 25  6  4 28 56 12 48  -  - 14  3 47 33 24 54 18  5 38 52  -  - 53 50 23 11 41 44 40 31  -  - 39 60  7 27
 47 32  5  -  3 28  - 41 43 18 58 12 42 31 57 27  6  2  4 21 22  9 55  -  - 35 38 39  - 52 49 37 16  - 50 11 54 34 17 51  7 48  -  - 60 36 45 46 53  - 23  -  - 13 29 25 15 33  - 30
 10 52  -  - 53  - 20 46  2  7 44 17 51 54 21 57 37 25 42 58 16  - 19 49 30 12 39 60  -  -  4 11 29 40  1 35 22 47  5 56 55  8 26 34 45  - 38  -  - 43 14 24 59  9 31  - 23 27  6  -
 41 26 12 56 42 59 17 44 46 38 52  9 19 50  - 28  - 27 22 36  - 39  5  - 25  8 35 55  - 37  7 51  6  2 60  4 24 11 49 32 31 57 33 16 14 18  - 29 10 21  - 43 15 54  1 53 48  - 40 13
 49 23 22  -  -  - 24  2 32  -  9 47 15 39 56 36 52 54  -  -  - 16 37  - 41 19 12 57 45 20 35  - 17  - 40 31  3  - 18 28  - 44 46 38 50 60  - 25  - 10 29 42 55  - 11 58  -  4 21 51
 29  8 54  - 46 23 43 22 12 30  -  4 57 20 58  - 60 32 27 48 44 15 45 59  - 21  2  - 25 34 52 56 18  3 24  -  -  - 14 53 47 26 19  6  -  -  -  7  - 51 10 33 38 41 49  9 35 42 36  -
  7 18 59 33 14 39 38 11  -  1  - 30 13 21 34 37 42 36 41 35 40 31  -  2 22 58 52 53 43  - 19 28 45  -  3 27  -  6 10 60 54 17 25 51 47  - 50 16 12 48 15 56 29 20 26 49 44 55  5  8
 46 51  - 38 45 29 28 25 33 53 13 54 52 40 15 35  - 26 12 24  - 17 34 30 16 55 32 47  8  4 20  5 59  -  - 18  - 36  9  - 57 39  - 41 37  - 21  -  -  -  7  -  6 56 10 31 58  1  - 14
 35  -  - 44 15 37  - 16  3  - 51 29 17 19  4 24  -  - 43 60 41 57 49 33 47  -  1  - 34  8 27 13 22 58  - 36 25 56 45 59  - 28  - 31  - 30 11 32 55 38 48 46  5  2 21  -  9  6 23  -
  - 35 48 29 55 11 15  9 38 14 12  1 33 42 60 18 39  - 50 49  5 58 23 54  3 10 43 31 44  - 16 46  2 53 26  8  -  - 56 25  4 21 47 45 22 24 28  6 52 27 19 13 17 32 41  -  - 20  - 36
  - 28 43 41 11 18 33 58 51 39 49 22 24 23 19 30 17 42 35  - 10 20 12  - 29 48  -  - 56  -  -  4 14 54 36 57  -  -  - 31 25 55  7 21  9  1  6 53  -  -  3 32 45 38 46 16 59  - 13  -
  8 17  - 54  6 55 12 26 57  - 29  -  4 38 35 56  7 58 15  - 43 44  - 34 46 49  - 30  - 36  - 10 60 32  -  -  - 21 31 13 23 33 39  1 53  - 25  - 51 20 52 40 18  - 27 37  -  -  9  -
 18 55 53 15 56 35  -  -  - 58 47 40 31 17 54 29 26  8 11 34 38  1  -  - 50  2  -  6 21  - 41  - 25 39 27 33  - 30 13  - 59 24 32 14 48  5 60  4 57 49 45 10 19 42  7 23  - 44 37 22
