2880
  - 26 22 60  - 51 35 21  - 36 18 49 56  - 20 39 58  -  - 32  8 15  - 19 54 55 53  3 43 16 27  - 38  -  -  7  - 25 12  - 14 48 17  -  -  -  2 50 40  - 23  1  5  - 31 37  6 57 47 10
 24 42  - 30 32 56 36 25 18 46 55 23 11 43  - 33  2  3 35 57 58  7 10 14  9 20  4 19 27 40  8 34 52 39  - 12  5 16 31 49  -  -  - 47 50 13  - 21  - 17  -  6 29 51  - 41 48 38 59 45
 34  - 20  4 13 58  - 36  3 26 47 41 48 52 21 32 31 39 23  - 17 37 12 28  5 42  - 14  -  6 59  -  9  -  - 57 43 40  -  -  - 10 11 18  - 60 33 19 16 30 51 22 46  1 50  8 56 35 45  -
 18  1  -  7 60 45 47 19 55  8  -  -  6  2 35  - 24 23 34  - 30 52 41 29 40 50 46 15 32 49 44 31 13  -  9 17 38  -  -  - 10 16 26 42 36 58 51 54 14 57  -  3  4 28 25 21 22  - 20 39
  - 41 44 48  - 36  7 24 37  - 30 11  2  1 23 29 43  - 14 35  - 58 22 13 16  - 26 40 51  4 57  8  - 10 53  - 17  5 18 60 49 39 47  6 19 45  - 15  - 56 38 34 28 12  3  - 32 42  9 52
 56 33  - 54  6  - 32 47  -  1  -  - 25  -  9 28  - 24 59 37 38 49 20 46 43  8 31 58  2  -  5 42  4  7  3 27 48  - 29 26 57 44 34 19 21 52 10 12 45 14 35 36  - 39 51 55 23 13 22  -
 51  - 28 17  3 15 58 44  6 13 22 39  8  -  2 30 38 43 53 41 42 16 57  5 27 25  9  1 52  7 50 47 11 40  -  - 35 59 54 21 19  - 46 49  - 26  - 14  -  - 33 10 48  - 45 31 18 34 36 20
 19 16 40 56  - 22 31  5 21 23 45  - 39 24 26 34  - 33 42 12 37 10  4 51 57 52 60  6 48  9  -  - 44 20 17  3  2 55 47 14 18 36 49 46 15  8 28 30 27 32  -  - 43  - 58 13 11 50 53  -
  6  - 33  -  - 29 37 11  8 25  - 34 35  - 41 53 23  - 48  4  7 42 54  - 44 36 56  9 16 46 24  2 50 47 21 18 58  - 59  - 15  - 39  - 52 40 14  - 60 22 30 13  -  - 27 20 31 12 17 49
  - 17  2 19 41  - 16 40  - 31 43 35  -  - 30  - 60 14  - 11 22 32 27 54  -  - 12 23 37 20  - 15  - 29 58 28 26  -  -  - 42 49 44 56 39  - 21 13 10  6  - 57 45  - 55 34 24  - 25  7
 37 22 45  - 56 35 17 54 52  6 58 51  1 59  8 27 25 16 12  - 57 14 23 11 10 48 41 53 33  5 26 29  -  - 36 49 32 47 60 28  - 19 30 44  2  3 40  - 15 46 20 38  7 34  - 42  - 18  - 13
 31 43  - 26  - 19  - 22 41  7 40 12 32  3 37  - 33 34 18 47 21  -  - 59 11 44 14 24 28 17 10 13  -  - 42 50 53  - 52  - 56 29 38 36 54 15 30 45  5 27 57  8 35 55  -  -  2 20  6 25
 58 31  - 18 42 12 56 26 30 48 54 60  - 13 44  - 45 46 36  6 11  1 53  -  - 21  - 22 55 29 17 27 15  - 28 38 33 24  3  - 41  - 23 20 59  4 57 10  - 16  9  2  -  -  5 52 39  -  - 43
  2 47 36 44 48 49 34 41 25 30 23  4  - 19  3 42 52 26  -  8 51 50 60 24 12  5  6 13 29 55 16  - 46 38  7 15  -  -  - 56 40  - 21  - 14 18  - 31 11  1  - 17 57 20 39 59 53  - 37 27
 45 52 37 16 24 42 38 14 40 21 13  - 19 25 54 35 26 48 49 10  2 51 58 36  6 39  -  -  1 59  - 44 32  8 33 11 47 30  - 27 23 60 20 50 57 28 43 46 41  5 34  7 17 53  4 15  9 22  -  -
  1 27 57  - 29  -  5 37  7 47 49 36 22  - 39 40  3 44 17 55 31 38  - 45 52 58 24 28 18 50  - 25 23 30 56  -  -  2 33 59 21 11 32 54 26 35 48  4  6 51  - 41 42 60  - 53  8  -  -  -
 48  - 59 13 39 55 51  1  - 18 12  -  4 57 24 56  - 49  -  5 46 30  - 16 15  - 33 43  - 42 21  - 60  - 27 23 45  3 28 50  7 22 40 35 10 19 31  8 17 34 25 29 20 36 37  - 52  - 38 58
 47  3 56 35 12 21 49  8  - 50  -  - 33 37  - 16 57  6 20 14 36  4  - 48  1 54 28 30 22 52  7 43 26 17 40 53  - 45 58  5 25  - 42 13 23  - 19  - 32 15 10 59  - 41 18 11 51 24 31  -
  9 50 49 58 59 26 33  7 44 37 19 54  - 38  - 36 28  4 60  - 13 53  - 42 31  -  - 25 23 10 15 32 22  - 20 46 18 52  -  -  5  - 55  2 24 43 11  - 39 41  6 12 56 45 47  1 34  3 35 14
 60  - 15 11 28 34 59  - 45 57 38  - 46 44 33 54 10 21  -  - 47  6 25  2 29 26 52 49  5  - 36 51 27 53 35  8 40 37 32 43  - 17 56 30  9  1 16  - 50 31 55 39 41 58  - 24  4 23 13 42
 23 13 10 14 52 43  -  - 16 29  - 24 59 34 18  8 44  5 40 39 19 48 38 49 53 27 32  2 46 11  6  7 35 41  -  - 57 60 15 25 31 47 12 33 58  -  3 22 55 20 17  4 21 37  - 50  1  -  - 56
  - 28 58 40  - 47  - 15 34  -  5  6 26  7  1 52  - 41 51  -  - 36 21 27  - 18  -  -  9 33  - 38 57 49 12 22  - 42  -  4 46  3  - 31 35 11 39 53 30 25 19 32 37 24  - 48 59  2 44  -
  - 15 18 21 43 54 53 28 39 12  3  - 29  - 58 59  8 17 41 34 45 40 31  - 48  7  2  - 57 25  1  5  6 23 52  4 30 14 56 55  - 26 19  - 33 32  - 35 13 36 37 11 22  9 49 47 27  - 60 38
  - 29 47 51 58  3 28 23  - 44 33 32  -  - 14 26 48 40 38 30 39  2 59  4 46 19 21 10  6 35 22 37 25 36 45 31 54 13 49  - 34  -  1 52 11 27  -  - 20  9 15  -  - 43  -  -  7 56  - 24
 38 39  - 46 10  - 30 20 43 15 36 26 12 31 17  7  -  8 22  - 54 18  9  - 32 33 57 35  - 28  - 24  -  - 60 40 55 58  - 29 51 59  - 41 47 44  5  1 48  -  -  - 11  -  -  4 14  - 49  -
  - 38 41 52 27 31  9  - 32 14 20 46 34  - 56  6 18 25  - 50 28 33 39  - 24 37  -  -  4  8  - 23 54  1 13  - 12  7 26  3  2 15 16 55 42 57  - 40 36 19 22 35 44 21 60 49 10 45 30 53
 29  -  4 36 49  9 48 45 59 16 56 20 15 14  - 13 47 51  7 31 24 26 43 22  3 10 54  5  - 34 11  - 40  - 30  - 37 33  -  -  - 41  - 25  8  6 35 39  2 52 21  - 18 46 17 38 60 44 28 19
 50 11 42  5 40  - 12  9  - 28  - 45 38 60  4 37 22 35  - 54 56 39  -  -  - 14 13 36 59 21 30  1 58  3 34 55 27  -  - 46 52 32  - 24 29  - 49 48 19 44 43 51 53 57 33 17  -  -  - 15
 59 51  - 42  5 10  -  - 28 56 21 13  - 58 16 31 39 60  -  -  - 22 15 41 14 23 27  4 19  1 25 53  3  6 29 35  9  -  - 54 30 55 24  - 17 48 26 33 43  - 47 40  -  - 12  -  - 52 32  -
  - 20 39 34 26 27  - 33 57 49  -  -  - 29 59 51  - 36 32 24 41 45 44 58 25 13 37 16 17 54 43  6 42  - 55  9 14 12 30 31  8  -  4  5 60 46  -  -  - 35 28  - 38  - 56  - 50 10  1  -
 32 25 60  - 19 59  6 56  - 54 16  - 18 39  5 12 46  - 30 51 10  -  1  8 49  -  7 42 14 45 37 52 24  - 48  - 50 20 11 13 36 58 41  - 53 23 38 17 31  3  - 27  - 44  - 26  - 43 33  2
 13 23 52 28 51 25  4 17 15  - 53 50  - 35  -  - 11 18 47 38  -  - 32  - 60 12 59 39 49 30 48 16  5 54 24 41 29 57 34  - 45 46  3  -  -  -  - 26  1 55  - 44 33  8 14 40 19  7  - 36
 30  -  8 32 22 14 44 34  9 53  4 52  3 26  -  -  - 31 19  - 40 13 56 37 23 49 16 17 15 41 45 10 33 25 18 39  6 36 50  2 24 20 57  -  - 47 42 11 59  -  5 43  - 29 46 54 12 55 27 51
 25 46  7 37 44 53 54  - 13 60  - 33 14 17 22  - 49 59 15 26 27 56 35 52  2  9 45 50 47 32  - 41  1  -  - 21  8 39 43 19  - 38  6  -  - 16 24 58 34 12 31 28  3  5 10 57 20 40 48 18
 54  - 24 47 53 48 55  - 42 22 60 43  -  5 36  3 56 37  - 58  6 19 34 39  - 46 10 41  - 57  - 33 59 14 44  - 11 17  - 32  1 18 50 15 27 21 20  2  -  - 52  - 13 35 23 25 16 26  -  9
 42 49  -  3 25  -  - 51 60 33 39 53 10 22 29 50 37 27 45 46  -  - 55 35 21 24 11  - 40 15  2  4  - 18 32 26 52 48 13 41  9 57  5  8  7  - 58  - 38 54  - 23 31 56 20 43  - 16 12  -
  -  2  -  -  - 40  - 60 31 39  1  -  - 42 19 11  - 12 50 36 32  - 51 18 37 30  -  - 56 47 46  - 17 52 57  -  - 44  - 34 28  5 59  - 49 33  - 27 35 48 53  -  9 15 13 29 21 54  4 41
 33 45 30 27 38 32 18 35 19  5 37  -  - 16  - 15  4 29 11  7  -  -  - 12 56 31 34  - 42 23 53 21 41  9 22 24 25  - 44  -  -  2  8 10 48 17 52  3 57 59  - 47 55  6 26  - 28  1  - 60
  5 24 23 57 54 28 50 32  4  3  - 58 27  8 31 14 55  2 10  - 60 43 29 44 13 34 15 21 35  -  - 46 51 19 25  -  7 53 37  6 22 45  - 11 40 30  9  - 42 26  -  - 47 48 38 12  -  - 39 16
  4 32  1 20 14  -  - 16 24 17 48  -  - 18 27  9 19  - 44 60 29  - 47 33  -  - 40 12  3 58 39 59  7 45 46 37 49 28 21 53 54 43 15 57  6 36 50 52 51  - 26 56  -  2 35 23 13 30  - 11
 43 14 48 23 31 44  - 38 20 58  7 16  - 55  -  -  1 54 28 29 50 47 42 40 19  - 22 34  -  - 18  - 45 13 15 59 60  -  4 24  -  8 25 12  5 53 46 32  3  - 36 37  2 17 41 39 30 51 10 21
  - 48 50  -  - 57 22  -  5 38 17 14 24 46  - 45 16  -  6 23 15 41 28 20 35  2 42 18 21 12 51 56 36 27  1  - 59 26 55  - 47 33 10  9  -  - 32 29 58  - 11 52 25 13 44  7 43  8  - 34
  - 37  - 29 16 17  2  - 14 59 26 47 40  9  6 44 53 52 13 45 18 23 33 60 42 28 55 48 31  - 58 57 56 12  8  1 19 51 46  - 20 21 36 39 41 38  -  -  - 24  7  -  - 10  -  -  - 25 43 30
  - 40 12 22 47 11  - 50 17 10 34  9 54 51 28  -  -  -  5  3 53 35 26 30 39  -  -  -  - 24  - 20 14 55 41 43 44 21  2 48 32 27 60  - 46 37  -  7 29  8 45 25 58 38 19 56 15 59 18 31
 26  - 53 43 35 50  1 29 46 32  2 22 42  - 10 58 34  7 33 20 16  - 30 21  - 15 47  8  - 60  4  9 55 57  5 13 51 23 48 37 17 12  - 14 45 54 56 25 18 38  -  - 27 31 59 28 44  -  -  3
 12  - 34 53 30  - 43 18  - 24 41 25 37  4 55 10 51 56 52 17  9 46 40 26 59 16 48 44  7 31 13 36  2  - 50 54 22  - 20 42 35 23 27  -  3 39  1  6 33 49 14  - 60 11  - 32 47  - 58 29
 46  5 13 25 50 16 60  2 58  -  9  3  - 49 12 48 59 20 27 21  -  - 36 10 34 22 43 57 30 19 52 55 28 33 39  - 24  8 35 17 26  - 31 38 44  - 15 47 53 45  -  - 51 40 32 14 41 11 29  4
  8  - 21 33  4  1 41 49  - 51  6 28 45 10 13  - 36 38 37 19  5  3 48 15  - 11 30 32 44 53  - 50 34  - 16  - 20 29 22 58 43 31 18 59 25  -  - 56 26 60 12 24  - 47  - 35 42 39  2 54
 28  - 14  -  7  -  - 58 22 34 27 48 17  - 50 57  - 10 21  - 55 11  -  1  - 35  - 52 54  -  - 60  - 42  6  5 56 31 41 45 59  4 43  - 12  - 13  -  - 39 29 15  8 19 53 51 26  9 24 46
 15 36 55 49  8  - 25 30  -  2 10 37 21  - 57  5 13  9 31 22  - 28  - 53 38 40 17  7 60 44 47  - 29 58  4 14 46 18 24 35  6  -  - 45  - 34 27  -  -  -  3 19  - 33  - 16 54 32 41 26
 17 57  6  2  9  - 19 12  -  4 35 56 36  - 40 47 14 22 54 27 26 25 52 31 58 59  5 20 10 51  3 39 37 28 38 33 13  - 42 44 50 53  7 48 34 55  -  -  - 18 46 21  1 49 11  - 29 15 23  8
  3  7 46 59  - 39 14  6 48 45 15 10 58 20 32 18  5 57 26 52 35 34 49 17 55 51 25 31 11 38 23  - 43 56 47  - 36  4  - 30 29  - 33 53 22  - 12 44 21 37 41  - 24 16  1 27  - 28 42 40
  - 34 11 12  2  6 23  - 35 52 57  - 13 27 25 60  9  1 24 44  3  - 16 32 41  -  - 45  - 22 56 18  -  - 59 10 31  - 39  8 33  7 14 17 38  - 37 43 49 50  -  - 36  4 29 30 46  5 54 55
  -  8 32 38 34  4  - 13  - 40  - 27 60 30 11 22 41 15  2 42  - 55  - 43 33 17 18 47 36  3 19 12 53 46  -  -  1  - 10 23 16 52  - 28 20  9 44 51 25 29 59 54  - 26  6  - 45 21 56 50
  7 56 26 31  - 60 15 52 38 41 42 19 53 47  - 20  - 28 43  9  1 17  3  - 50  - 58 51 12 37 35  - 39  - 54 30 23 32  8 36 27 24  -  4 18 59 45 16  -  - 13 55  -  - 40  2  - 33 34 57
 35 10 51 24 37  2 57  4  - 42 59 15  9  6 45  1 40  - 56 43 12  5 46 23 17  3 50 27  - 26 32 49  - 11 19 44 41 22 14  7 60  - 48 21 30 31  - 38 52 13  - 16 34 25  8  - 33 47  -  -
 57  4 16  -  - 20 13 10  1  - 46 40  5  -  - 41  - 53 25  - 33 44  8 38 30 45 19 55 26 48  -  3 47 35 23 29  - 15  6 18 11 34 28 51 32 12  -  9 37  - 42 49  - 27  2 60 17 31 50 59
 41 30  - 39  -  -  - 59 26 55 11  - 23 48 38 21 15 50 16  - 44 60 17 57 36 29  - 37 24 14  9 45 12 22 31 42  -  - 19  - 53 56  - 32  - 51  6 18  8 10  2 58 54  7  -  -  - 49 46  -
  - 18 35  9 36 38 21  - 53 11 44 31 52  -  7 24 27 19 39  - 59 12  5  -  - 41  8 60  - 56  - 28  - 34 43  2 15  1 40  -  4 50  -  - 37 29 22 49 47  -  - 46 32  3 54 33 58  6 55 48
 53 21 38  1 11 13 26 39  - 20 28  8 30  - 42 55  7 32 58 40 52 59 50 47  -  -  3 33  - 36 54  - 48 44 49  6 10 56 27 51 37  - 22  -  4 25 17 60 46  2 24  5 12 18 57  9 35  - 16  -
