2880
  1 44 56 52 22 48 38 34 42 49  - 17  - 29 24  5 32 51 23 20 28 54  - 35 50  -  8 45 41 53 19 30 10  -  - 25 12 11 31 26 43 40 36 57 16  2  3 33 18 55  -  7  6 59  - 21 13 39 27 14
  - 42 21 27 46 12 13  2  3  7 58 18 34 41 17 19  9  8 57 24 31  - 23  4 43 32 20 25  -  - 59 51 30 15 35 47 44 26  - 29 52 39 37 10 48  -  - 56  6 14 36 33  1 54 50  5  - 60 38 28
  5 30  -  - 43 24  4 54 28 47  2  - 57  8 14 15  - 40 27 16 13 60 50  - 41 51 33 20 55 23 31  - 19 10  6 32  1 42 39 48 34 37  7 58 53 49 18 35  - 44 38 52 17  -  - 59  - 25  3 56
 36  - 53 59  4 35 30 12 57 20 27  -  - 43  - 13 34  1  -  -  6 25 28 37  -  - 56 29 22  - 46 11 54 32  - 10 58 14 52  -  2 24 55  5 15  -  - 48 31 42  - 50  - 33 41 40 18 26 45  9
 43 24  - 17  - 27 34 16 11  - 35 48  -  - 12  1 33  6 50 44  - 47 41 46 13 10 21 49 58 55 30  - 56 54  - 45 42 36 40 51 23  -  5 14 37 29 19  8 28 22 52 32  -  4 31  9 38 59  2 15
  - 39 46  - 24 23  -  - 35  5  - 37 21  - 48  -  -  - 29 45 22 18  - 34 14 30 31  - 60  4 40  -  - 56  - 41  2 57 28 54 47  1 50 55  -  -  - 51 38  - 32 49 33  8 17 11 10 12 20 43
 10 28 44 50 58 36 29 23 27 13 41 46 49 51 20  -  -  - 12  5 18  - 57 32 19 53 60 35 52  8 21  9 15  - 55  - 59 37  2 39  3  4 16 42 14 34  - 11  - 48 30  - 26  -  6 22  - 45 25  1
 11 59 30  -  - 56 44 36 34 50 10  -  - 40  9 27 29 18 55 14 20  - 33  - 38  - 15 60  -  - 22 42 13 28 53 51  -  -  - 45 37  3  6 21 54 46  5 19 58  8 23 26  7  1 47 16  4 48 17 39
 21 55 40  8 39 44 20  - 29  - 34 49 32 11 50 23 41 31  - 54  - 30 56 22  3 27  -  9  - 12  -  - 16 33 14  - 52 43 59 47 35 15 48 24 28 19  - 13 25  2 51 60  4 17  7 57 36 53 46  -
  - 29 39 22  8 15 16 40  -  -  - 58  4 49 11 20 19 36  -  - 23  - 44  - 25 47  - 51  - 43  - 21  -  - 32 24  -  7 48 50 54 18  - 31 35 10 57 46 45  6 28 59 27  2  5  - 34 38  1  3
 47  -  - 56 42 30  - 48  -  3 33 13  -  - 37  - 46 54 16  -  - 14 25 52  7  1 59 41 57  - 20 40  -  -  -  -  4 58 12  - 28  - 60 19 34  - 23 32 35 18  9 38 22 50 36 31 21 49 53  6
 45  1 10 24 19 13 14 39 21 48  - 59 54 57  4 37 22 26 43  7  - 31 11  5  6 25 53 18  - 36  - 20 29 51 30 56 17 41  -  9 50 52 27  - 40  3  8 12  2  - 55 15  - 28 46  - 60 42 35 47
 33 27  1 23 13 51 43  9 16 45 25 28 24  - 40 31 42 15  5 36 57 22 54 55 29  4  - 11 30 41 56 37 18 53 48  7  3 10 50 20  6 38  -  - 47 32 26  - 12 60  2  - 49 21  -  -  8 46 59 34
  3 54 36 30 40 28 56 26 14  - 20 22  - 19  7  -  5  -  -  - 24 42 58 45  -  -  6 33 43 31 37  - 23  - 44 59 21 46 16  8 15 51 34 60 25 55 53 41 57  -  -  2 18 39  -  -  - 10  4  -
  - 25 60  9 26 29  6 45  -  - 22 23 17 34  - 36 53  - 31 39 38 49 47 14  2 12 57  -  1  - 41  - 51 40  - 21  - 55 46  - 10  7 18  - 11 48 35 16  5 32 50 13 24  - 37 54  3 28 43  4
  - 36 41 21 37 57 12  - 10 23 24 31 45  - 15 26 13 14 39 30 34 44  -  - 32  3 43 55 56 49 60 58  - 16 54  - 19  8 11 27 17  - 59 53 33  6  4 20  - 50 25  -  - 52  - 46 47 51 22  -
  - 32 29 14 23 50  -  4 24 19 43 12 22  2  3 47 49 27 46  8 55 33 18  -  - 59 44  -  -  5 39  - 11 17  1  - 15 20 13 36 16 35 40 37  - 54  -  9 53 51 56 30 57  - 28 45 26 58 31 38
  - 16 20 36 59  6 31 43  5 57  - 60 26  3 42 50 37 55 41 33 12  - 29 23 22 15 28  2 19  7 44 48 25 52 47 35 24 18 21 13 49 14 46 17 30 38 51 58 27  - 39  4 40 56 10 53  -  9 32  8
  2 21 23  - 20 38 25 52 18 31  -  - 59 48  - 11 56 45 33  6 40  9  - 39 26  -  - 24 35 14  4 29  - 19  - 60 34 50 53  - 13 44 57 47 41  -  1  7  -  -  3  5 37 51  -  - 16  - 58 42
 48 35  - 13  - 47 10  -  7  - 60  -  - 36 44 55 11  - 32 12 19 39  - 42 52 37  - 15  -  - 16  6 58  4  - 26 43  1  - 38 56 46 28 33  3 24 31 53  - 57  - 29 59 30 40 14  - 54 50 22
 19  4 18 37 30  - 47 33 15  9 11 25 29 55 13  -  6  - 28 17 35 46  2  - 31 52 50 43 42 40 26 16  8 59 57  - 14 54  7  5 22 45 44 41 27 60 10 49 34 56 12  -  - 36  - 38  -  3 51 23
 31 41 26 19  - 59  - 57 39 35  6 10  - 17 22 34 25 29 48  - 33  3 51 43 16 54  7 47 15 50 27 32 44 14  - 42  8  -  4 58 30 11 21  - 12  - 28  - 56  - 18  - 38  9 13  2 46  - 49 55
  -  - 24 11 29 34 48 13 37 36 14 41 23 26 32 59  3 12  9 43 52 45  -  - 15  5 55  7 16 51 28 54 22 18 46 33 39 38 35 56  4  8 20  2 42  - 27 44 40  - 47 10 31 57 60 25 17  6  - 50
 30  - 19 43  - 37 45 15 36 55  3 29  9 13  5 54 23 34  -  -  2 27  7  - 57  - 32 28 59  6 47  8 12 39  -  - 33  -  - 41 53 21 56 49  - 25 38 60 48 24 10  - 58 42 26 35 40 18 52  -
 16 57  - 53 44 31 21  - 54 28  -  -  -  - 41 56 38 43 13 42  7 37 20 17 11 24 52  6 36  3  9 14  2 26 25 23 10 49  8 35 40 59 30  - 60 47  - 39 46  - 58 45 29 15 12 55  5 50 48  -
  -  -  -  3 36 16  5  -  - 14 51 47  6 15 56 12 44 41  - 26  - 28  1 40 58 17 25  - 39 54 29  - 38 37 60  - 55 45  -  7 33 31 19 27 21 43 22 18 30 34 48 53  - 10  - 32 11 35  - 46
 20 13 17 58 14 49  8  7 47  6 53 16  1 24  - 40 43 22 60 25  4 38  -  -  5 42 30 37 28 33 50  - 32  -  -  -  - 51  - 10  - 41  3 59 56 44 55 29 15 12 19 48  9 46 27 39  2 52 23 45
  - 40  -  - 51  4 53 25 60 38 50  - 35 12 34  9  - 20 17 11 41  - 46 29  -  -  - 13  6 56  - 31  - 44  7 27  -  - 33 19 18  - 42  - 43  - 21  - 32 16  -  3  -  - 49  - 22  2 10 30
  - 34  -  5 28 43 39 31 55  - 12  - 27 21 30 44 24  - 26 60  1 23 42  -  - 11 38 32 47 59 25 33  9  2 50 16 20 48  6 15 51 54 49 29 19 17  - 22  7 35 46 58 36 45  3  8 57  4 37 13
 28 11  6  2  3  7 51 24 48  - 59  - 33 56 26 43 20 49  -  -  -  1 15 21  - 60 36 16  4 39  8 44  - 57 18  9 41 19 37  - 55 30 47 52 17  -  - 23 22  -  5 54  -  - 58 42 12 29  - 32
  - 38  - 41 11 54  -  - 49  -  -  -  3 25 27 46 18 44  -  -  - 29 48 19 33 14  4  - 31 45 42 56 39  7 17  2  -  - 24 37 59  9  - 15 32 53  -  6  -  5  -  8 23 55  - 60 58 47  - 52
  7  8  -  1 50  - 28 44 59 27  -  - 46 23 53 14 35  9  -  -  -  5 13  - 54 18 34 36  -  - 32 38 42 45 56 52 26 17 55 25  - 58  - 11 49 39  6  - 21 15 16  - 48  3 22 30  - 37 19 33
  - 23 35 32  -  8 11  - 33 15 28 34 37 27 25 45 21  - 56 18 48  4  - 30  1 55 46 10 44  -  7 39 14  - 13 12 38 29 60 43  - 50  9 20  - 16 24  3 59 26  - 17  -  - 54 49 31 36 57 53
 52 48 54 18 47 39 24 11 30 17 37 19 14  - 16  4 28 23 25 21 58 59  8 33 42  - 40  - 27 15  5  1 35  -  - 43 49  3 56 53 29  6 26  - 31 36 45  - 20 13 60 55 12  7  2 41 50 57  - 10
  -  -  - 54  2 10 27 22 53 26 15 11 18 58 51 25 48 57  7  4 30 13 40  - 55 35  - 38 45 28  - 17  - 12  - 36 50 56  - 42 21 47 39  - 46 20 33  1  3 31  - 16 32 24  - 19 49 41  8 44
  -  9  8 15 60 32 58 29  - 33 18 57 31  5 46 35  4 38 49 28  -  - 52 59 45 36 26  - 50 16 24 41 37  -  - 22  - 53 43  3 42 23 12  6  -  -  - 34 10 39 54 20 55 14 19  1  -  7 47  2
 38 43 14 10 18  - 55  -  9 21 17 54 30 33  2 48 60 11 36  - 25 58 26 15 39  - 47 56  - 19 53  4 40 49  - 44  - 35 27  1  7 34  - 46 22  5 42 57 41  - 59 12 52 23 45  6 20  8 13 51
 46 26 58  - 41 14 35 49 40  4 47  -  - 20 59 60  2 33  - 27  5  7  6 24 44 50 22 34 21  - 48 55 17 30  - 18 29  - 54  - 31 12 13 45 10 15  - 52  -  -  8  1  3 32 23 37  9 19 42 11
  - 45 47 55 17 26  9 14 52 22  5  6  2 32 18 58  -  4 37 13  8 15 39 16 56 33 48  - 40 27 10 57  - 31 49 38 28 34 20 30 60  - 53 36 29 59  7 25  -  - 35  - 54 11 44 12 24 43 21 41
  4  5 32 60  - 45 40 51 17 12 38 44  - 28 35  - 58 52 42 15 10 53 34  - 24  9 13  -  8 48 14 27  - 46 26 19  - 16 25 31 57 29  -  - 39  - 56 55 54  7  1 47  2 22 18 33 43  -  6 59
 22 56  7 12  5 25 46 53  - 24  1 51 60 16  - 41 54  -  4 58 26 34 55  3 10  6 19 44 13 37 45  - 49  - 42 11 35 15 14  2  -  - 23  -  8 33  - 38  - 27 31  - 28 47 43 52 59 17 30 21
 34  7 55  - 45  - 59 56 41  - 30 52 44 42  - 39  8  5  6 47 21 10 36  1  - 26 37 58 24 57 18 49 50  3  9 29 22 31 15 60 38 16 11 51  - 13 40 14 23  - 17 19 46 48  -  - 53 32 33 20
  8 47  - 48 49 20 22 27 32 44 56  - 40 45 33 28 26 39  - 51  9 19  - 13 36 46 11 52  -  - 23  7  5 41  3 57 25  - 10 18  -  -  - 54 58  -  2 42 60 37 53  - 14  6  1 15 35 21 16 17
 49  6 13 25 21 41  - 10  -  1  - 15 42 59 54  2 45 46 38 35  - 56 60 50  -  - 29 57  7  - 52 18 20 36 37  - 32 28 47 22  - 17  8 39 26 12 14 43 11 23 34 31 51 16 30 44 55  - 24 58
 44 46  3 29 54  9 57  6 31 41 40 26 43 39 28 16  - 56 11 23  - 12  5 53  4 38 51 59  - 24 35  - 36 42 10  - 47 13 58 49 45 22  1  8 52 27 32 17 14 25 15  - 30 60 34 20  7 55 18 48
 23  - 15  -  6 58 33  -  1 34 39  - 41 22 45 53 50  3  - 32 16 36  - 48 51 49  9 19 37 18 43  - 60 38 21 17  - 47  5 11 14  - 24  7 55 57 52 31 44 59  - 46 56 35 25 29  - 13 26  -
 24 37 59 26 33  - 18 50 56 40 55 38 36 14 57  6  1 35 54 48  - 43 17 27 49  8  -  - 32 10 15 60 46 29 12  3 11 22 41  4 44  - 25  -  2  7 20  5 42  -  -  9 19 13 52 58 39 23 28 31
 39  3  - 33 53  - 15 55 20 51 36  7  - 10  - 29 16  - 24 37  - 52 59  6  9 44 54  - 18 42 58 19 21 23 40 50 56 25 30 12 27  5 17 38  - 22  -  -  8 43 45 28  - 31 35 26 48  - 11  -
  -  -  -  4 34 55 17 59  - 29 26  - 19 44 49  8 31  -  -  -  -  - 37 56 47 48  3 23  - 60 12  5 45 35 41 14  - 27 32 28 36 13  -  - 57 52  -  2  1 38 24 25 10 58 16 50 33  - 54  -
 17  - 25 40 55 46 50 60 26  - 57 39  - 37 58 42 15 13  -  -  -  8  - 54 48  7 27  - 14 52 34 22  - 21 29  -  -  9  1 23  5 53 10 44  - 31 47  -  - 33 43  6  - 49 24 51 32  - 12  -
  - 22 28 51  9  5 23 21 45  -  -  - 47 60  - 30 57 32 35 31 56 55 12 49 18 40  1 26 48 20  2 13 52 25 19 39 46  -  -  -  -  - 43  3  6  - 58 59 17 11  -  - 42 37  8  4 14 24 44 27
 58 20 49 16 35 18  - 42  2 32  7 50  - 38 10 21 55 53  - 40 29 57 43 47  - 31 23 30 11 25  6 12 28  8  5  - 13 39 45 24 41 19 52  -  4 26 60 36  9  - 27 14 44  -  -  3 54 34 15  -
  - 10 27  - 16  - 60 41  8 30 23 35 48 31  -  7 39  - 19  1 44 51 45  - 12  -  2 42  3 29 36 15 43 13 59 54 37 33 17 52 46 20 32 28  9 58 50 47  4 21  6 40  5 53 14  - 25  - 34 26
 14 58 52  7  - 33 49  -  - 11 42  -  -  - 38 51  - 30 45 59  -  - 21  - 53 39  -  1 10 22  -  -  6 34 31  - 54 60 36 17 48  2  4 26 24 37 46 50  - 47 57 23 35  5 15  - 41 44 29  -
 27 12 31 20  1 40 32 58  - 43  -  - 39  4 52  -  -  2  3 49 51  -  - 60 28  - 45  5 33 44 17 59 41  9  8 46  6  - 38 21 11  - 54 13 23 42 48 26 19  - 37 22 15 29 55 18 56  - 14  7
 37  - 48 46 52 17  2 32 51 53  - 40  - 50 39 18 14 24  - 41 42 26  -  - 30 22 10  8 25 38  1 43  -  -  4 20 23 59  -  -  - 60 58 16 44  9  - 15 47  - 29 11  -  - 33  - 19 31 36 49
 13 14  9  - 31 42 54 46 38 56  - 45 15  6  - 22 52 19 58 10 49 20 35 26 60 23 24  4 17  - 57  -  - 48  2 34 53  5 51 40  - 25 33 18 50  - 37 27 36  3 21 39 11 44  - 28  - 30  7  -
 29 31 11 35 32  3 42 18  4 58 46 24 20  - 36 49 30  - 40 57 37  2 10 28 17 43 39  -  -  - 33 52 59 50  -  8  7  6  - 34  1  - 51 12 45 14 16 21 55 41  -  - 13 38  -  -  - 22 56 54
 50 33 42 28 56  -  7  3 25  - 31  1 12 53  -  - 27 48 44 38 36  - 19 11 20 57 17 54  5 26  - 45 24 60  - 30 18  4  - 59  9 10 35 22  - 21 15  - 37  - 49 51 47 43 32 13 52 14 41 16
  - 17  - 31 38  2  3 35  - 59 44  5 10 18  8 57 51 37  - 19  - 21  4  7 40 58  - 12 46 32 13 53 26  1 36 15 60 23 42  - 25  -  -  -  - 56 34 54 24 30 20  - 16 27 39  - 28 11  -  -
