2880
  - 59 52 31 16  - 26 57 28 19 33 29  - 30  - 20  -  2 10  - 42 22  - 60 34  6 23 35 53 25  - 47 21 45  4 13 44 41 36  5 38  - 40  -  -  -  7  1 54  - 14 39 51  -  - 56 15 43 32 18
  - 28  - 54 48 19  -  - 37 31 18  -  - 25  8 55 14 38  - 22 44  6 11 46  1 43 34 36  9 40  3 27 15 39 26  4 30 45  -  - 13 16  -  - 53  2 56 20  - 51 59 33  5 32 49 58 41  - 57  7
 16 21 60 26 33 54  - 36 17 48 12  6 28 45 27 14  - 46  4  9 41 20  8  -  - 56 53 23 18 39 40 38  7  5  1 37  - 15 11  - 24 31  - 30 42 57 35  3  - 29 19 49  2  - 22 43 58 51  - 50
  - 40 38 37 34 28 16 60  -  4  - 42 32 31  1 23 57 11  - 18  2  3  - 50  - 44 45 48  8 15 47 10 20 25  - 56  5  - 29 58 30 13 33  6  -  -  -  9 36  - 51  - 55 49 12 46 27 39 35  -
  - 19  - 12  - 22 60 41 43 59 24  - 16  -  3 27  1 15 36 42 11  - 37  - 48  - 14 53  5 52 34 33 45  - 46 21 38  - 35  - 20 47 25  4 30 17 31 29  - 40 56 50 26 10 32 57 23 58  9 13
 27 60 36 16 56  -  2 59  - 35  4 28  - 32 21 10 49 31  -  7 24  - 14 51  3 29 41  6 55 11  - 44 42 26  - 58 47 53 33 23 12  - 57  -  1 13 39 45 34 48 52 30  8 19 43 22 37 25 20  -
 53 10 18  8  3 20  - 35 60 30 13 48 17 28  - 39 31  1 40  -  6  -  - 16  - 58 37 57 59 14 21 55 23  7 32 52 45  4  - 54  - 11  - 19 43  -  9 36  - 25  5 29  -  - 50 42 33 41 56 24
  9 56 26 57  6 44 25  - 52 23  - 59  -  - 45 54 60  - 47  -  3  5 31 13  -  -  4 34  -  - 32 35  - 36  - 10 42 14  - 51 46  1 53 48 29 22 50 19 33 55  7 21  - 43 24 11 12  -  - 49
 41 26  - 53 51 17 10 28  7 27 50  -  - 18 47 42  -  - 31 48 30 45 43  - 54  4 59 15  -  - 24  -  8 14  6 36 52 46 20 33  -  3  - 16  2 39  5  - 44 13 21  -  - 38 25 32 57 11 23  9
 57 11 19 27 59 12 45 50  2 24  - 22 47 20 52 51  - 48  5  - 34  -  4  - 29 42 16  9 58 54 23 56 10 21 14 49 55 60 44 28  8 43 13 32  - 18  - 15  3 38 33  -  7  1  - 26  - 40  - 53
 31  - 47 15 14 48 12  6 24 11 22 23 52 19  - 40  -  9 37 54  7 32  2 39 55 33  - 29 50 42 38 58 43  - 16 44  1  - 46 10 60  4 34 28  8 36 57  - 17 21  -  - 18 59 26 25 51 20 45 27
 25 50 58  6 22 56 29 27 23 49 11 24 15  - 34 43 21 18 53 35 12  2  1 28 26  - 39  - 13 31  -  - 32  - 55 19  - 48 51 36 47 17 59 40 33 52  - 16 45 42 57 38  - 41  4  - 54  -  5  3
 35 12 54  2  - 57 17  8 18 45  - 49  - 34 53  - 20  - 46 58 50 52 10 40 36 19  9 31 44 30  6 29 16  - 43 26  7 23 47 37 51 56 24 13 14  - 55 33 38  - 15  1 22 60 42  - 21  - 28  -
 47 17 51  - 54 25 42 21 48 37 49 31 58 59 57 19 23 30 11 24 38 26 46 29 13 45  6 41 16  -  2 52  3 18  -  - 32  5 15 60  - 40  -  8 27 34  1  4 22  9  - 56 33 53  -  - 39 55 50 10
 42 54 32 51 31 29  - 58  6 22  -  1  -  -  - 25 18  7 33 20 13 39 50  4 41 48 55 43 40  - 11 59  - 49 21 23  - 57 34 17  - 14 44 47 60 10  - 26 27 36  9 53 52  5  - 45  - 15 37 30
 58  -  - 60  1 33 32 22  3 17 15 35 13 26  - 45 52 55  - 43 39 57 48 19 46  -  7 16  -  9  8 31 51  2 11  5 40 56  - 29 36 49 27 50 34  6 44 42 28 23 18 24 12  -  - 59 10 53  - 47
 32  - 42 28 45 13  - 39  - 56 17 16  -  -  - 36  9 58  -  - 14  - 51  - 18 49 12 38 24  - 46 11 57 40 10 33 19 20  - 52  3  - 15 54 25  7 22 50 48  2 26 34 43  8 47 23 59 35 41 60
 54  -  - 52  - 39  - 44 21 41 23  8 48  - 59 18  - 60  7 29 27  - 28 26 42  1 36 10 12 56  9 53 24 16  -  - 46 58 32 57  - 45 35 20  3  -  6 17 31 43 47 51 25 50  - 19  5  - 49 11
  - 32 34  -  8 15 36 29  - 53 37 54 14  2 12 60 25 24 21 13 57  -  - 10 49  -  - 40  -  - 52 43  - 11  - 35  6  9 48 22 56 59  -  5  -  - 16 38  - 45 55  -  4 31 58 33 44 46 18 17
 18 16  - 29 26  -  - 30 46  8  2 45 24 58  6 21 51 34  3 19 40 37 12  - 50  -  - 44  - 53  7 17 14 60 33 28 56 36 57  1 25  - 20 10 55 43 23 27 47 52  - 32  - 11 39 49 13 59 54  -
 17  8 41  - 47 31 49  - 50 57  7 27  -  1  2 30 45 12  - 10 46  9  -  - 32 21 43 18 56  6 58 15 60 54 23 55  - 40  -  -  -  -  -  -  4 19 24  - 52  3 36 35 39 51  5  - 28 14 38  -
 34 25 40  - 36 16  - 46 31 42  1  - 12 48 35 52 43 51  -  6 20  - 29 47 21 13  8  - 19 44  4 23 58  - 24 11  - 37  -  3  -  2 14  - 38 41 53 30 15 56  - 45 59 33 54 39 18 49 27 55
 23 36 16  - 58 53  7 52  1 39 19 47 57 50 51 33 59 43 32 31 55 29 42  5  - 10 21 14 48 60 13 41 30  8 28 40 49 26  - 56 54 15 22 18 46 35 27  - 37 12 17 44 20  - 11  3  9  6 24  -
 52 35  5  1 28 18 46 20  -  9 40 57 33  -  -  3 26 59  2 51 15 44 21  8 47  7 50 22 34 43 39  4 31 56 36 25  -  6 12 19 32 29 37  - 45 27 41 13 14  - 23  - 49  - 17 53 55  - 30  -
 55  5  - 35 60  - 20  7 27 47 21 52 29  6  - 22  4  3  - 49 31  -  9 30  8 37 46 25 41 24 50 28 33  - 17 51 15 39 38 45 18 12 10  - 32 56 42 59 53 34  - 36 44 13 19 40  - 16 58 14
  - 37 56 30 43  7 11 45 14  1 53 51  - 49 19  6 58 44 39 47  5 59 40 57 25  9  -  3  - 26 33  - 34  -  - 27 48 50 23  - 35 54  - 24 15 16  8 18  - 28  -  -  -  - 46 20  4 32 22 38
  - 48  7 25  - 27 24  - 13  -  8 36 38 52 33 35 42 10 50 53 26 46 54 44 56 12 29  - 15  -  1  9 19  - 31 45  2 32  4  - 55  5 49  - 20 11 51 41 60 59 16  - 21  -  - 28 47 22 43  -
 59  6 21 45  5 50 34 47 44 12  - 39 10 54 46  2  -  8 42  - 49  7 33 27 19 36 13 24  3  - 29 32  - 38 37 48 14 16 18  -  -  - 28 17  -  - 11 57 26 58 31  - 53 40 60  4 52 23  - 22
 10 14  4  3  - 47 37 19 58  - 27 18 53 40 54  9 38 52  - 15  - 60 49  1 23 50 56  5 31  2 41  -  - 20 35  6 39 25 45 11 59 22 46 51  - 29  - 34 32  - 12 28  - 30 21 13  -  - 44 26
 48 46 15 11  - 23 41  2 12 51  -  7  4 42 24  5 13 37 49  -  9  -  -  -  - 16 35 56 25  - 28 20 44 33 47  -  - 10  - 43 29 52 17  - 31  - 58 22  - 32 39 59  3 18 38 50  -  8  1  -
  - 57 53 40 13  9 38 26 39 32  -  - 55  5  -  - 46 19 52 12  - 47  3  -  -  - 51 49  -  7 27 42 56 24 18 41 60 30 22 16 33 37  1 23 58 48 10 44  6  - 43 20  -  - 29 14 17 34 36  -
 36 23 25 48 17  - 19 18  -  6 10 60  7 14  - 12 56 32 13 28  - 24 34 43 45 57  - 58 20 37  -  8 35  -  -  9 11 38  5 27 39 51  - 29  - 55 15 40 41 31 50  3 42 54 30 21 26 47 16  -
  6 34  - 14  9  -  5 54 55 18 42  - 35  - 48 47 29  - 22 36 17 27  7 37 51 53  1 30 21 23  - 26  - 46 59 57  8 49 52  2 16 33 50  -  - 12 45 31  4 10 38 58 60 44 15  - 20  -  - 28
  -  - 12 10 35 42 15 32 45 38 51  -  5 17  9 56 50  - 44 14 59  - 30 48 40 46 58  1  - 33 36 21 26 29 27 20  - 24  2 18  - 23 16  - 47 49 13  7  - 57 28 52  - 55  - 34  -  3  -  -
 24 42 49 58  - 34 18  - 25 29 35 11 60  9 40 41 10 45 19 33  4 12  -  - 38 30  - 52 17  3 16 48 54 53  5  - 21 31 28 39 26 27 55  -  - 37  - 43  - 50 22 13 56 46 14  2  1 36  6  8
 33 22 17  5 30 26 58  - 41 52 38 43  - 51 42  1 53  -  6  - 16  -  - 55 60 20 28 32 45 59 12 39 25  - 44 34 54 13 50 35 49 46  3 56  9 31  - 14  - 24 27  4 36 57  7  8 48 29 10 40
 40 29 23  -  - 45 30 53 20 25 41 32 36  3  5 31 33 21 59 46  - 48 57  -  - 26  -  -  2  -  -  6 18 37 39  - 22 19 17 14  - 60  -  - 44  4 28 52 12 16 42  - 50 47  - 10 34  - 13 35
 13  1 22 49  -  -  - 23 36 16 32 50 43  4 18  8 19 33 24  5 48 15 60  - 35 47 31 42 57 58 55  2 53 27  -  - 26 54 25  - 10 44 29 14 52 40 12 56 11  6 20  -  - 17 41 30  - 38  3  -
 51 13 55 42  7 59  - 33 19 46  -  - 50 47  -  4  8 56  1 23 52 30 36 21 53 41  2 37 28 38  - 49 27 34  - 39 20 17  3 40  9 58 31 12 26 44 54  5 57 35 25 43  - 45 16 48 32 10 60  6
 43 33  6 38 19  2 54 40 35  5 47  4 26 13 50 15 48 14  -  - 45 10 25  3 52 17 20 60 49  1  - 30 46 44  - 18 27  7 58 32 41 34 11 59  - 24  - 55 56  - 37  9 23 16 36 51 22  - 39 12
  -  2  -  - 41 11 21 14 53 40 30 20 25 55 58 48 54 47 43 26 28 18 52 24 27  -  5 59 46 34 44 22  4 57  - 60 10 42  9 50  -  8 45 35 23 51 38  - 39  - 49 16 32 36  1  7 29  - 33  -
  4 30 13 41 57 60 22 56 26 10 36 19 51  7 32 11  2  - 45 38  8 34 53  - 16 52 27 17  - 21 37  - 50 59 25 43  - 28 54 42 44 39 18  9 24  - 48 49  - 20  1 31 47 23 33 55 14  -  - 46
  2 41 35  9 12 43  4  - 16  - 14 37  - 46 26 28 11 49 30 55 22 56 20 34  5  8 48 47  1 10  - 60 13 50  -  3 29 52 39  7 15  -  - 45 59 33  - 58 23 44  6  - 54 21 57 36  - 18 53 19
 56 47  -  - 15 36  - 31  5 20  - 44  3  -  - 29 39 57 23 50  -  8 55 11 43 35  - 28 54 51 42 19 17 41 22 59 18 33 53  4  -  7  2 38 37 60  -  - 16  - 40 25  -  - 13 12 49 24  -  -
  - 15 50  -  2  4  - 38 33  - 31  - 23 24 14 58  -  - 28 39 29  -  6  - 12 54  - 20 26 46  - 34 59  - 56  - 16  - 49  8 40 57 32 52 22 47 17  - 42  - 45 55 27 25  9  -  -  - 48  -
 30  - 14 59  -  -  3 37  - 50 45 12 49 27 22  - 15 36  9 11  - 13 56 32  - 40  - 55 33 57 51 25  5  6  2 38 17 34 41  - 42  - 47 39 10 26 52 48 35 19  - 54 24 28 20 16  - 21  4 43
 38 58  9  - 32 24 50 17 51 34  3  5 30 35  - 44  - 16 20  - 43 14  - 12 28 22 10  - 11 27 53 46  -  -  -  1 31  - 26  -  7 25  - 55 54 42 37 39  - 18 48 19 29  - 59  6  - 57 15 33
 21 43  - 56  - 46 55 49  8 58 39  -  - 57  -  -  - 26 25  4 10 23 41 38 22 34 42  -  - 16 19  1  9 51 60 17 50  - 13  6  -  -  5 36 28 20 33  2 59 27 24 15 35  -  - 18 30 45 11 37
 11 18 48 21 55  3  -  4 34 33 26  -  -  - 25 57 32 41  - 27 60 36 44 22  - 39  - 46 37 20 17 16  2  - 50 12 51 29 56  -  -  9 58 15 40 59 19 35 10 49 30  -  1  6 45 24 38  - 42 52
  - 38 43 24 44 30 28 51 56  - 52  - 19 37 16 46  -  6 29 59 32  4 22 23  2  - 54 50  - 35 60 40 48  3 49 14 25  -  7 20 45 10 41 31 39  1 26 47 55  5 58 11  -  -  - 15  -  -  - 21
 46 24 29  - 50 41 56 34 59  - 55 33 39 21 36  7  - 17  8 52  - 25 45 31  -  3 60 13 47 18 35 14  - 15  9 54  4 22  1  - 11  - 26 58  - 32 40  - 19 37 53 57  6 20 44  5 43 30 51  2
 12  - 39 20  -  5 53  -  4  7  9  - 34 60 17 24 16 28 14  - 25  - 58  2  - 18 33  -  - 41  - 36 49 13 42 15  3 35 55 31  - 30 54 46 11 21 43 37  - 26 44 22 40 29 23  1  - 56 52 48
  1  9 24 39 37  8 52 11  - 36 44 55 46 22 20 34  - 25 18 16 35  -  - 45  -  5 30  - 32 49 54  -  - 42  7  - 57 51 14  -  2  - 21  - 17 38  4  -  - 41 13 60 10  3  - 27 19 33 59 58
 49 45 10 13 27 52  -  -  9 14 56  2 44 39 55 17  6 50  -  3 19  - 35 18 33 31 15 11  -  4 57 24 47 58 40 30 34  8 16 21  1 26 60 37 12 54 20 46 51  7 41  - 38 22 53 29 42 48  - 25
 45 49  -  4 20 38 48  1 22 60 43 40 41 53 44 16  7 29 15  2 47 58 32 25 39  -  - 33 30 50  -  5 37 55 57  8 59 11 19  9 28  - 56 26 36 46 18 24 21 17 34 14 13 35  3 31  -  -  - 42
 15 39 27 33 49  -  9  3  -  - 28  -  2  - 10 53 36 13 60 17 21 11  - 42 59 38 32 54 22 47  -  -  - 19 51 24 43 44 31 12 52 55 48  - 57 23 30  6 50 14 35 26 46  4 56  -  8  - 40 34
 28 44  1 55 46 10 33  9 47  2 48 26 20 16 49 59 30 23 17 25 37 40  -  6 57 14 22  4  -  8 43  - 36 32 12 29  - 18 21 13 58 42  - 60  - 50  - 53 24 15 11  7 31 56 34 38 45 27 19  5
 26  3  -  7  -  - 59 42 38 55  - 56  1 36 30  - 47 39 35 57  - 28  - 54 10  2  - 21 52 22  - 50  6 31 53 46 41  - 43 15 27 48  4  - 19 45 60  8 40  - 29  -  9 12 37 44  - 13 17 32
 29  7  - 23  - 32 47  5  -  - 57 14 22  -  4  -  -  - 16  1 56 41 59 17 44 24 11 26 36 19 45 13 39 30  -  - 28  -  6 49 37 20  8  - 35 25 21 12 43 60 54 27  - 15 51  9  -  -  2  -
 50 27 30 43 53 58  1 16 40 44 29 10 42 23 38 26  - 20  -  - 54  - 24 33  4 55 57 12  6 32  - 18 28 17 13  7 35  3 59 34  -  -  9 25  5  -  - 11 49 22  -  2 15 37 48 47 46 31  - 51
