2880
 30  - 51 10 53  4  - 20 36  - 23 31 40 55  9  - 48 45 32  5 56 11 21 58 14  - 39  8 15  - 19  6 18 38  - 29  3 33 22  -  1 42 26 44 37 27 54 46 35  -  2 16 12 34 28 17 13  - 60  -
 42 60 11 32 57 53  - 24 10  -  -  - 28  7 33  - 15 38 23  9 16  - 22 59  - 31 49  - 44  3  8 25  - 36  2  - 20  - 39  - 12 46  6 13 41 17 45 43 40 55 54  - 30 58 56 14 34 29  - 50
 54  1 43 55  6  - 47 51 50  - 29 45  2  -  7 46 11  - 27 12  8 32 39  5 48  -  - 57  - 58 26 16  -  - 20 24 31 10 35 33  - 36 18 49  - 34  - 19 38 30 14  - 40 59  4 56  - 42 23 21
  8  2 24  7 34  - 18 54 58 20 56  1 41 43 16 59  - 28 17 21 12 31 42  - 11  - 57  - 40 60  -  -  -  - 53 46 30  -  4 47  - 45  3 19 51  - 52 33  - 15 32 50 14 36 22 37 44 48  - 26
 29  8 37 43 20  -  6 53  -  2  - 54 45 59  -  4 58  -  9  -  - 16  -  - 41 38 35 49 60 18 39 13 40 26 21 15 11  1 27 34 52  - 12  5 57 47 31 22  3  - 19  - 36 25 51 44 23 24 46 33
 45 29 38 47 10 43 44 35 52 40 21  - 33 26 36 56  3 58  -  - 48 41  4  9 50 23  7 12  1 51  - 19 28 57 59  - 42 15 55 60 18 49  -  - 14 22  - 39  2 53 46 34 37 17  - 16  5 25 54 11
  - 51 40 56  - 17  7 60 24 15 16  9 34  2  6  5 43 42 50 49  -  - 11 23  - 18 33  - 37 48 14  - 10 41  1 59 53  - 44 36 47 21 57 58 39 29 55 35 27 19 26  3 20 45 54 22 30 38 31  4
  - 23  -  -  -  8 21  - 43 38 24 25  -  -  2 29 32 10 45 58  7 56  -  - 57 46 12 20 34 33 53 51  6  - 54  - 22 28 13 40 14 16 35 52  1 39 48  -  - 42 49 17  - 44 41  - 59 30  - 27
 23 30  - 50  - 55 26 10  - 33  -  - 16 40 37 32 25 18 38 20 15  5 24 34  - 13 36 29 35 59  - 43  3 44  - 49  - 27  -  1 31  8 28  - 12 11 19 51 21  9 53  2 52 41 58 47 17  - 56 57
 31  - 25 24 44 19 53 18 37 54  2 15 14 33 40  1  9 35 21 28  5 50 49 60 13 42 47 26 59  4  - 58 56 11 22  3 32 17  - 57  - 10  - 20 29 45  -  -  - 41  6 27  - 16 36 30  - 39  8 52
  - 35 59 44  5  - 51 31  4 25 19 58 23 38  -  2 36  1 53  - 42 15 43 47  - 27  - 55 46 41 33 11 34 22 14 39 49  -  - 32 57 17 30  9  - 18  8 20  - 29 45 21 28 60  7 48 54 52  - 16
 14 21 55  4 19 40  - 38 49 10 12  -  - 56 54 18 30  7  - 44 59 35 17 15 28  - 34 32 16 29 27  1  - 24 41  6  - 45 48 31 46 37  - 50 42 51 25 47  -  3 43 11 22  5  8 36  2  - 20  9
 55 54  - 17 15 24 10 14 56 29  - 38 13 28 30 50 12 36 16 46 27 53  - 57  - 60  -  6 42 23 22 59  -  -  3 20  1 19 58  -  5  - 31 37 33 48 40 18  8 32  7 51 43  -  9 21  -  4 45  -
  9 52  - 12  - 50 30 27 55  8 38 20 26 44 59 16  4 24  - 39 51 33 25  2  -  6 60  - 56 11 17  -  - 29 45 35 23 37 15  7 36 41  - 42  - 32  1 21 57  - 28 14  - 54  - 43 49  5 19 53
 36  - 44 31 16 57 33  5 18 37  9 32  - 11  8  - 28 17  3  6 22  - 56 25 35  - 13  -  - 26  7 24 53 40 58 52 46 14 45 21 51 59 20 12 48  - 23  1 42 49  - 41 60  - 55 54 50  2 10 34
 37 50  3  - 43 56 36 33 17  -  6 47  5 18 41 28 26 57  - 35 30  4  - 20 51  - 24  -  -  1 44 15 38 42 60 23 13  - 46  - 55  2 53  7 21  8 58  - 59 25  - 39 54 22  - 45 52  9 32 12
 10 24  -  -  - 30  9 46  - 44 58  8 12 13 57 37  - 34  - 38 47  1  5 19 43 54 14 25  - 42 35 33 29 52 26 21 36 20  - 55 59  -  -  4  - 15 51  - 60 31 17 28  - 27  6  2 11 50  7 41
  4 59 52 57 18 15  -  9  7  6  - 40 25 37  -  - 55 29 13 41 11  - 23 56 58 30 28 19 26  - 54 47  - 16 43 36  2 12  1 24 53  - 27  - 35  - 21 50 14 45 31 32 38  -  3 60 20 49 48 22
  - 47 28  - 25  -  -  -  - 23 49 10 37 36 22 42  -  -  2 59 21  8  - 45 33 56 29 16  7 34 38  -  9 15 12 27 14 52 11  - 54  1 60 43  - 55 35 48  - 18 57 13 39 50 17 53 19 26  - 51
  6 58 60 26 28 49 39 57 21  - 22 52 18 53 45 25  -  2 34  - 44 24 37  - 15  3  1 47 48  - 51 35 17 27 55 31 10 43 20 16  8  - 19 40 36  4 13  - 50 38 56 33  -  - 59 29 46  - 41 32
  - 49 21 25  - 31  5  - 38 27  - 44  3  - 46 33 19 48 20 17  - 10 26 35  -  - 15 34 51  - 28 50 43 45 47 41 57 58 24 37 60 23  7  - 54  -  2 30  4 13 39  -  - 53 18  6 14 16  - 36
 18  - 31 58 54  - 56 49 47  - 25  3 21 22 10 38  - 26  8 13 45  - 30 46  6 24 53  -  -  - 57  -  4  - 36  - 48 50 59 19 43 39  - 14  5 20 42  -  -  - 23  -  1 37 29  9 32  - 16 17
 12 20  -  - 55  5 28 59 48 26  8 14 42  -  - 11 60  - 30 16 32 43  9 17 34  -  - 50  - 46 10  - 45  1 52  - 40 31  - 41  3  - 49 53 44 56  -  4 58  2 24 15 29 21 23 25 27  -  -  -
  -  -  - 30  8 10 25 41 26 51 36  4 44 60 12  - 27 49  - 14 13 34 35  -  -  7  -  - 39 17  -  - 50  - 38  - 24 48  - 22 37 18 45 28  - 33  -  2  6  5  -  - 55  3 31 23  9  1 47  -
 32  9 48  1  - 11 46 16  -  - 30  7  - 12 60 51  - 44 42 55  - 23  - 27  -  -  -  -  - 49  - 57  - 53  4  2 52 29  6  8 19 24  - 25 18 41 39 59 33 26 58 37 21 47 15 13 40 17 28 38
  -  - 30 49  - 36 14  6  -  -  4 51 58 46 26 55  5 13  - 60 10  - 15  7 27  - 20 33 25 37 34  3  1 48 32 53 18  - 17 23 40 43 29 57 47 35 12 52 54 59 50 31  8 19 45 38 42 44  -  -
  - 13 14 40 49 52 12 37  2 36  - 39 47 34  -  -  -  6 24 22 53  3  -  8  - 43  9 42 58 45  -  -  5  - 31  - 16 44  - 54 10  4 17 55 50 46  - 27 25  1  - 18  - 32 48 19  - 23 26 59
 28  -  - 14  - 41  - 26  - 22 59 13  8 42  4  9  - 51  -  2  -  - 36 54  - 17 43 58  - 20 25 48 32 50 37 11  - 47 49 46  6  5 38 56  - 12  7 60  1 10 33 52 53 40  - 27 35 55 24 29
 46 41  -  -  4 22  - 40  1 32 44  5 36 16 13 27 56 20 31 33 28 14 54 48 42  8  - 51 47  2 52 29  -  6 57  -  -  - 60 12 50  9 34  - 55 24 26  - 39  - 59 43 15  -  - 18  - 53  - 37
 49 27 29 42  - 16 52 11 54 35  - 26  - 17 39 45 57 40 22 36  - 19  - 14 21 50 59  2 53 31 23  4 12  -  7  1 43 55  5 48 30 34 10 24  8  9  -  - 32  6 51 20  3 28 13 41 60 47 25 58
  -  5  7  9 41 54  4  - 59  - 60  - 15 20 47 22 31 16 28 52 34 27 51 40  - 35  -  - 29 55 49 12 19  - 50 32 44 13 18 43  - 26 39 48 23 36  - 25 30 58 38 57 56 42 53  1  6 21 33  3
 58 36  6  - 51  3 29  -  - 30  - 49 56  4 31 35 24 11  -  - 23 21  - 18 37 33 38 48 22 40 13 60 54  8 25 47 26  7 32 52  9  - 55 17 15 16 46 28 10 14 42 19  2  1 39 20 57 45 44  -
  - 40 10 34 27 39 19 48 33 47 52 35 30 31 11 23  7 43  4  - 29 20  -  - 16 58  -  - 57 14 24  2 51 49 13  - 60  9 50 53 15  -  - 18 25 59  3 37 12  -  8  -  - 55  -  5 41 54 42  6
 17 48  -  - 40  -  - 25  9  - 51 33  4  - 28  3 47 30 59 50  - 26 45 39  - 32 56 43  -  -  -  - 58  - 19  7 21 23  - 44  -  6 22  - 53 54  - 13  - 27 12  8 42 24 34 31 16 14 35  5
 15  - 33 19 24  7  -  -  -  1 20 57 48 41 58  -  -  3 54 43  4  9 34 32 30 45  - 28 38  - 21 52  - 17  6  5 35  2  8 26 16 40  - 59 60 49  -  - 53 39  - 29 13 11 25  - 10 22 51 56
 39 44 56 37 58 35  2 28  - 57 46 23 59  - 20  -  - 25 29 47 26 30 41  3  -  - 19  4 21  7 48 55 24 33  -  - 50 54 53 18 22  - 52  - 13 42 15 45 49 11 36  5 34  9 43 10  1 40 12  8
 20  - 49 28 21  - 34  4 39  -  5  6 53 24 35 40 13 59 10 57 31 29  2 43  - 48  - 36 27  9 47 23 15 19  - 54 17  - 37 42 11 25 44 51 56 38 18  - 55  - 52 12 33  7 30  8 26 46 50 45
  - 15 34 38 31 27 45 23 32 50 33  -  -  3 21 20 22 39 55 56  - 28 47 52  4  -  6 24  - 53 18 44  2 54 49 57 25  5 16 29 17 48 59  - 10  -  - 12 51 46 30 40 19 13 60  -  7 36 43  -
 16 32 47  2  - 58  3 15 14 28 39 48 50  5 24 10  1 21 60 40 36 55  - 41 54 12 17 56  - 57 31 49 22 43 29 13 51 38  7 25 23 19  - 46  4 26 20  8  - 34  9  - 27 52 35 11 45 37  6 42
 25  - 54 27 22  1 41 17 34 43 50 55 60  8  3 48 10  5 57 51 20 52 46 13 47 29 11 23  9 16 40 37 26  - 56 45 33  - 30 39 44 53  4 36 31  -  - 38 18 24  -  6  - 12 42 15 28  - 14 35
  - 33 22  - 42 32 15 47 60  - 17 50 11 19 29 13 18 27 51  4 55  - 52  1  - 44 45 30  - 10  6 20 14 39  9  -  5  - 56 28  7  - 36 26 38  2 41  - 48  -  3 46 31  - 16 58  -  - 34 49
 38 55 50 59 11  -  - 45 28 46 34 37 27 39 23 21 14  - 47 31 58 49  7 42 10  9 48 18 19 44  -  8 41 35 15 22  6  4 26  - 32 20 51  3  -  1 33 29 17 56  5 53 25 43 52 57 36 12 13 54
 59  - 45  -  - 51 13 21 46 16 41  -  - 25 17  - 54 37 43 18  9 58  - 12 19  - 42 22 55 36 50 10  - 32  5  - 34 11 29  - 38 44  -  8  - 53 60  -  7  - 35 30 26 56 24 52  4 20 40  1
 44 42  5 20 56  - 43  1 19 17 40  - 24 35 32 36 38 14  - 37 25  - 13 16 46 10  8 11 49  6 12 30 48  2 28  4 47 53 51 59 39  3 21 45 34  7 57 58 52  - 41  -  9 23 33  - 18 31 22 55
 24  - 20  -  - 13 57 43 42 34  3 18 10 15 19 54 52 32 36  -  1  -  - 55  8 37 44  -  2  -  - 26 33 23 51 56 27 40  -  9 49 29 16  6 30 50 17  5 31 28 47  4  -  - 12 46 21 58  - 14
  7 22 19  - 33 25  - 42 20  - 54 17 31  - 50 39 16  -  -  8  -  2 10 28 12  - 32 35 11 30  9  - 55 59 46 34  - 21 41 14 48 56  - 15 43 13  - 53  5  -  1 60  6  - 40 26 29 57 37  -
  2 34 36  5 26  9 59  - 15  -  - 30 46 10 55  8 51 31 56 53 14 54  -  4 39 40  - 52 33 19 58 42 49 20 18 16 12 60 28 45 21 13  1 27 32 25 24 44 47  7 22 35 11  6 38  3 37  - 29 48
 13 25 53 52  - 59  - 50 12 45  - 56  - 51 18  7 41  - 37  3 43 38 32 29  -  - 54 27 31  8 20 21  -  -  -  - 39 49 42 35 58 33  - 34 22  -  9 26 46 48 16 23 57 14  5 40 47 11 36 24
  - 18 26 45 12 34 20  3 35 53  - 43  - 52 44 49  6 23  1  - 19 47 33 21 36  5 41 31 28 13 16  -  7 51 17 40 38 46  9  4 27 60 24 22  -  - 14 57  - 50  - 48  - 29  2 42  - 59  -  -
  3 14 39  - 23 45  8 34 11 49 13 42  - 47 43 15 46 41 58  - 33 37 18  - 25 55 50  - 32  - 56 27 30 31  - 10 19  6 21 38 26 57  9 16 28 44  - 36 22 35 29 54 24  4 20 51 48  - 53  7
 53 43 58 48  - 12 40 56  - 24 57 34 52  1  5 30  - 55 46 19 37 39 27 49 29 15 22 60  6 28 41  7 31  - 23 42 45 26 47 17  2  -  - 10 11 14  - 54 44  - 21 36 51 35 50 32 25 33  - 18
  - 10 16  -  - 29 11 55  8  5 53 22 49  9  -  - 45 47 39  - 24 46 28 37  - 14 26 59 54  -  4 17 20  - 40 12  - 42 36  6  - 51 33 38 58 30 32 56 41 43 44  - 23 18 27 35  3  -  -  2
 51 38  1 29  - 47 60 13 53  - 11 27  - 58  - 57 39  9 44 26  2  6 40  - 22  4  - 41  5 12 37 46 25  - 16 55 59 56 19 49 35  - 54  -  3 23 36 42 45 17 18  7 48 30 32 34 24 43 21 15
  1  6 18 60  2 26 38  8 51 12  7 28  - 45  -  - 49 54 19 15  - 25 57 36 40 52  -  - 24 21 43  - 59 14 35 44  -  - 31  -  4  - 48  -  - 58 47 11 23 37 10  -  - 39 46 55 33 13  - 30
 21 46  -  8 39 37 54 12  - 59 42 11 20  6  - 31 50 53  5 27 35  - 29 44 18 51  -  -  - 24 60 36 23 25 33 17  - 30  -  3 56 32 58  2  - 28  - 10 13 57 48 55  - 49 19  7 43  -  -  -
 27 56  - 33  9 23 42 19 40 39  1  - 57  - 51 44  8 12 26 48  - 17 16 38 20  - 58  7 36 25  2 14  - 60 11  - 37  - 52  5 29 50  - 41  6 10  - 34 28  4 55 47 45  - 49 59 53 15  3 13
 48 45 46  6  - 44  - 58 57  -  -  -  - 23  1 26  - 22 52 29  - 60 14 50  3 28 30 54  8 15 36  -  -  - 42 19  7 25 43 56 13  - 41 47 27  5 16  - 24 33 37  -  - 38 11 49 12 51  4 40
 19 11  9 41 37  6 22  7 29  - 28 36 35 30  - 17 21  8 15  - 38 40 50 51 24 59 46 44 52 39 45  - 13 56 10 14  4  -  -  - 33 58 47 23  2 57 49 31 43  - 34  - 32 48  1 12 55  3 27 20
  -  3  - 39  -  - 24 32  5  - 45  2 55 54 49  - 35 19 14 25 50 22 48 11 59 57  4  1 13 52 29 31 42 30 34 60  8 41  - 27  - 12 23 21 40 37  -  -  - 36 15  9 47 20 44 28 51  6 17 10
 35  - 41 21 17 48  - 44 27 42 31  -  9 57 14 53 37 15  - 23 52 12  1 30  2 49  - 10 43 56  -  - 11 46 39 18  - 34 33  - 45 22 50 54 20 60  -  6 16 40  4  - 58 51  - 24  8  7  5 28
