2880
 53 60 59 21  - 55 49 36 27 30  6 24  -  - 12 41 42 54 57 20 45 48  9 23 22 47  8  - 58  -  - 33  1  -  - 14  5 29 43 26 34  7 46 13 10 15 32  2 28  - 25 11  - 51 50 17 40  - 39 37
  4 23  -  7 20 28 18  - 35 16 42 26 21 60 53 32 27  -  - 22 30  6 36 48 37 15 39  - 49  1 19 17 57  - 46 58  - 33 25 31  2 56 59  -  - 45  - 47 51  3  - 55 24 14 54 13  -  - 44 50
  - 12  5 13 51 30 29  - 45  3 16 34 22 23 54  - 28  - 19 52  9 20 44 41 36  - 50 55 18  -  2 57 42 26 32 49 27  - 15 17 14 53  6 47  - 39 25 21 11 46 33 10  4 59  7 58 35  - 37  -
 10  2  - 36 35  - 47 55  - 11 44 25  5 48 19  - 49 39 37 26  -  - 46 33 13  1  - 18  3  6  4 38 34  - 24 12 32 16 54  7 50 57 31  8 20  -  - 42 23 56 27  -  9  - 45 30 59  - 60 53
 25  - 30  -  -  - 39 16  - 12 31  1 14  -  -  - 36  - 43  8 10  9  - 22  -  - 44 51  - 21  7 27 11 57 34 40  - 13  6 20 37 28 18 42 48  - 41 46 19 55  4 33 60  -  -  - 15 23 32 17
 54 15 35 59  - 50 44 42 13  - 40 33 27  4 25 45 29 57  2 58  - 30 47  - 10 22 20  -  - 28  5 26 49  -  - 52 53 48 19  8 17  -  - 34  -  1 51  9 60 41  3 43 21  - 12  6 18  - 16 36
 51 52  -  -  5 13 26  4 25  - 57 20 18 28 44 30  3  7 33  9 50 36 19 59 60 41 49 15 40 29  -  - 53 47  - 17  - 37 38 35  6 27 11 55 45 21 48  - 12 32 46 16 39 58  - 31 23  2 56 42
  - 32 24  -  - 36 25 15 20  - 14 28 19  2  - 31  - 43 52 57 27 40 23 10 35 21  1 11 41 49 42 59  -  - 22 46 48 12  -  5  - 51 44 53  3 26  -  4 58 45  9 29  8 34 39 33 30  - 47 38
  6 41 16 60 53 46 10  - 28 25 55 11 56  - 13 49  4  - 38 39  - 24 40  - 29 57 33 48 47  3 26 35 43 23 18  7 17  -  8  - 36  - 51 27 31  - 58 14 42 22  2 52 15 44 19 12  - 20  1 21
 55 43 10  - 46 39 41 24 11  7 21 38  - 20 27  -  - 32 34 18 14  3 25 45 19  - 29  -  - 52  - 40 22 17  4 59 42 44  1 33 49 47  2 31 26 23  5 16 13 57  6 53 48 37  9 36  - 15 54 35
  - 53 27 43 42  - 16 54  - 41  - 29 50  - 48 44 38  - 58 21  - 11  - 28 17  8  5 24  - 30 46 22 40  - 26 31  2  7 12  4 52  -  1 49 13  - 56  - 33 59 35 47 25  3 14  -  -  - 55 18
 29 30  9 58  - 33 22 25 60 21 11  4 59 40 49 13 41 31 54 27  -  - 26  -  -  5  7 57 52  - 14 20 36 42 23  - 47 39 35  -  - 24 50 43 18  - 53  6  - 34 28  - 46 12  2  - 17  3 48 10
 12  7 17  -  - 54 20 60  - 26  1 39  - 36 51 34 56  - 47  -  8 33  6 57 25 49 38 29 59  - 11  - 23  -  3 18 44  - 27  9 32 41 16 48 21 42 50 55 45 13  5 37  - 19 46  4 43 35 52 58
 40  - 26 20 11  - 28  - 31 29 30 15 43 12 55 56 21  - 18  3 49 13  - 17 38 39 58  -  - 32 59  9 33 53 54  - 41 60 14 27 24 52  5 36 46 51  7  8 10  1 57  4  - 48 44 50 45 42  6 25
  - 37  - 31 49  1 27  5  4  - 32  -  7 19 36 46 60 10  3 48 29 23 21 42 15  2 22 20 17  - 18 13 26 41 57  9  -  - 39 54 38 55 33 44 25 59 12 24  - 58 40 28 52  8 11 51  - 53 14 16
 43 26  - 51  - 12 13 58 50 23 34 53 29 41 56 17  2  - 55 35  -  - 14 21 47 27 18  7  - 24  - 16  - 39 52  - 33 32 28  3  - 54  4 60 49 38  1  - 40 25 22 19 57 31  -  -  9 36 10 44
 34 20 51 57 32 23 33 45  - 53 29 42 25  6 38  - 59 27 50 24 46 41  1 58  - 28 48 31 43  8 12  - 17 44 60 15  -  3  5  - 19  2 10 16 11 47 54 35 26 52 13  7 37 30 56  9 36 49  - 55
 60  -  - 33  - 37 14 52 44 58 50  3 36  7 59  -  -  - 23 53 16 45 56 27 46 55 19  5  6  - 31 41  2  1 38 35 21  - 40 48 43 15 49  9  -  -  4 30 22  - 32 17 51  - 24 39  8 25 11 12
 24 31 56 18 22 21  6  - 23 57 58 10  -  -  5 60 34  - 48 43 55 32 50 39 33 17 52  - 12 13 29 46  - 45 59 19 15 36 47 41  9 14 25 30 44 37  8 40  1  - 16 49 42 53  3 26  - 51  4 28
 13 17 14 52 24 22 56 41 40 28 48 59 38 29 57 27  9 35 10  -  2  -  8 60 12 26 25 45  - 54 20 21  5  - 53 23 18 58  -  - 11 30  -  3 51 44  - 31 39 37 34  - 16  - 47 55 19 50 49 46
  1 16 31  - 21  - 45 10 37  - 53  - 33  9 26 11 22 46 14 42  -  - 49 30  - 36  -  2 39 18 32 29 20 58 12  6 38 51 44  - 35 43 41 54  4  - 55 59 57  - 23 50 19  - 40 28  - 56  3 13
 39  - 40 45 25 57 37  - 32 22  - 43 17  -  6 38 31 55 41 14  1  - 51 18 53 60  9 33 54  2  -  -  7 13 42  -  - 52  -  - 44 46  - 56  -  - 59  - 49  4 11  - 50 47 23  -  3 21 24 27
 32 56 19  - 43 18 48  2 12  -  8 17 57 21 14  - 47 34 22 49 13  5 45  -  1 23 53 26 24 42 40 44 38  7 16 30 39 31 46 15 33  3 54 20 35 11  -  -  9  - 52  -  - 50 41 29 55 10 36 59
 20  1 55 48  3 43  9  - 22  - 36 52 13 31 45  - 16 37 29  7  -  -  4 47 26 24 46 44  - 14 49 42 21  6 40 27  - 25  - 38 56 35  8 11 32  5  2 53 34 39 60 15  - 28 33 23  -  - 30  -
 49  6 46 17  1 10 59  - 47  - 27 30 58 39 37 35  -  5  - 23 40 52 38 15  3 48 54 12 45  -  -  4  - 19 43 29  - 42 20 34 55  -  - 21  - 57  - 50  -  2 26 24  -  -  - 32 56 33 31  7
 50  - 18 40 16 42 51  - 55 49 19 31 30 46 58 29 25 20 27 41 12 60  5 44  - 33  - 10 38  - 37 32  - 59  - 28  -  1  2 53 57 39  - 17 34  - 47 15 35 23 48 13  3 54  6 43 24 26  7 52
 14  - 25  3 34 26 35  - 24 43  - 50 11 38  2  7  - 53  9 15 19  - 12  - 44 40 59  8 37 51 55 10 18 56 47 41  - 54 45 60 13  6 20 39 30 31 16  - 52 48  - 57 27 36 17 42  5 22 28  -
  - 38  -  5 59  - 60  -  - 51 25  -  - 34 33 37  -  - 26  - 28  - 15 19  - 16 10 43  -  4 35 49  - 31 58 11 50 23  - 24 30 32  3 45 42  8 44  7 14  9  -  - 40 39 22  1  6 52 53 48
 30 45 58 16 37  - 24  8  - 47 46  - 10 43 21  - 18 44  - 13 22  - 53 52  - 29 40 14  - 31  3 55 41  5  6 33  9 35 51 36 42  1 17 25 12 50 28 48  - 27 19 54 56 15 59 57  7  - 26 49
 38  - 42 53  -  3  4 22 41  - 60 12  - 58  - 43 46 19 21 47  - 59 48  8 34 35  -  9  - 16 23  - 28 27 36 50 24 15 10  - 31 13  -  -  - 20 33 52  - 30  - 18 17  -  - 25  - 45 57 56
 56 28  7 27  -  5  - 17 49  9  - 58 31 25  - 18 45  4 60  -  - 47  -  -  -  - 57 19 51 36  6  - 59 38  -  -  1 46 24 52 12 50 48 37 23 22 21 39  -  -  - 26  2  - 32  - 16 34 15 30
  - 35 39 11 52 45 53 13 18  -  - 40  1 55 32 42 30  -  - 59 56 14  3  -  4 43 41 46  7 27  - 24 47 10  5 16 57  -  - 51  - 31  9 29  6 36 60 49  - 17 12 38  - 26 15  8  - 48  - 33
  - 57 41  - 58 25 19 28 34  8 26 54  4  3 17 12 32  9  6  - 23 49  - 13 11 18 45 59 27 55 47  2 60 33 48  1 30  -  - 56  5 20 36  - 53 29  - 43 44 51  - 35  7 46 37 24  - 38  - 40
 44 24 48  - 27  - 15 30  9 35  -  - 40  1 31 57 39  - 56 55 11 28 52 36  - 58 43 25 42  5 38 47 54 12  2 32 29 19  - 10 51 16 45 33 22 18 37 41  6 26 59  - 34  7 20  -  - 14 46 23
  - 47 15 56  9 27 36 35 58 40  7  - 46 16  4 54 57 26  8 11 52 10 32 31 21 44  - 60  -  - 24 30 45  - 20 37  6  - 59 23  3 29  - 28  - 17 22 13  - 14  - 48 18 55 49  - 12 41 33 39
  2  - 13  - 28 56 52  -  - 19 41 60  -  -  7 10 20 25 51 17 26 29  - 37 18 30 34 58  - 50 39 23 15 22  -  8 16 38 53 42 27  - 55  6 40 49 57 36 59  - 45 44 31  5  - 11 14  1  - 47
 35 18 37  -  -  4 17 39 51 27 28 16 53 56 42  2 55  3 49 33 41 58  - 40 59 52 11  -  - 46 15 43 30 60  - 24 34 47  -  6 20 22 29  7  1 12 14 23 50 31  - 45  - 13 10  5 32 57  - 54
 16 44  8 15 56  - 23  -  7  1 54 27  - 57 60  4 17 18 24  - 36 51 59 11 30 20  2  6 26 19  - 31 13 49 33  3 25 45 42 32 29  - 28 40 37 35  - 22  5 21  - 39 58  9  - 53 52 47  -  -
 46 27 28 42  -  2  8 32  3 34 22  - 52  - 18 25 14 51 16  - 35 54 60  1 41  -  - 49 36  9 45 56 55  4  7 57 11  - 30 50 47  - 38 12 39 40  6 58 37  - 20 23 13  - 48 15 10  - 43 26
  - 49 20  6  4 19 55 31  5 60 33  - 45 54  - 24 51  - 12 30 43 26  - 25 58  3 16 22 32 59 57  - 27 18 21 34  - 14 29 47 48  - 15  2 50 56 40 17 41 36  - 42 35 52  8  7  -  - 13  1
 33 46 21 44 60  - 34  3 56 54 43  2  - 52  8 51  - 41 39  6  4 42  - 53 16  -  -  - 14  7 50 12 32 20  - 25  -  5  -  1  - 38 24 18 36 10 31 37 55 40 47  - 22 23 30 45 48  - 19 29
 19  - 49 30 39 40  5 37  2 13 10  - 51 59 47  - 52 16 28 38 57 35 58  - 56 31 14  1  - 33  - 53 25 29 55  - 26  -  - 12 15 45  - 50  - 48 23  3 32  8  - 21  -  4 43 20 46  9 42 41
 42  4  - 23 30  -  3  9 57 10  - 46 37  - 41 47 11 38  -  2 25 18 29 56 14  - 51 54 31 17 33 15 50 24  - 39 36 26  - 21  7  -  - 22 16 32 34 60  8 53  1 40 44 43  - 35 13 28 20  -
 17 22  - 41 26  9  - 23 54  - 18  6  - 49 52 48  1 60 36  - 58 15 33 38 32  -  3 21 29 12 25 11  4  8 13 43 10  - 31  2 53 59 14  - 28  - 39 56 24 42 44 51 20 45 55 16 47  7  5 57
  7  8 23 19 45 24  - 50 17 31 47 41 49 27 28 40 58 52  - 16 20 55  - 12  - 34  -  - 15  - 53  - 10 14 44 48 22 56 37  - 39  - 43  4 33  9 13 57  -  5 18 59 32 11  -  -  - 29 35 60
  8  5 50  2 40  - 46 57 19 37 20 13 41 33  - 52  - 36 15  - 48 25 10 29 39  9  4  - 56 38 28 34 58 35 14 47 51 22 32 30  - 44  - 23 55  - 49 12  3 54  7  1  6 16 26 59 27  - 21  -
 11 13  - 28 36  - 40 34 48 18 12 23 32 17  3 15 43 33  1  - 60 37  -  5 31 46 26 30 50  - 16 51 52  -  - 22 14  -  - 49 41  - 56 59  9 25 45 27 53  - 21  6  -  2 58  -  - 44  8 20
 31 11  6 38  -  -  - 56 39  -  -  - 42 53 29  9 26  - 30 34  7  8  -  - 43  - 32  -  2 23 52 36 16  - 19 55 13 41 58 37 54 48  -  -  -  - 20 44  - 50 10 46  1  - 21  - 33 59 22 15
  9 25 54 35 31  7 21 11 52 32 17 45 48  - 23 39 53 14  -  - 37 19  - 55 20  -  - 56 46 43 51  6 44 30 50  4 59 57 16 28 18 40  - 10  - 41 24 34  -  - 58 60  5 42 13 22 38 27 29  8
 28 36  1  - 41 59  -  -  8 14 37 22 44 18 40 20 48 13 42  - 21 50 39 34  7 32  6  -  - 11 27  - 19  3 30 54 31 43 56  -  4 25 52 15 57 58 29  - 46 33 49  - 38 24 60 47  - 12 17  9
 27  -  -  -  6 49  - 21 16 44  3 55 15 32 43 26 13 23 45 54 18 34 22  7  9  - 56 35 20  -  -  5 14  - 10 42 12  - 33 29 58  8  - 51 52 60 30 28  -  - 31 25 11  - 36 40 53 24 50  4
 15  9 29  -  -  - 12  - 53  - 35 19 23 26 24 58  -  6 46 44 47  4 42 32  2 14 17 36 30 40 48 37 39 43  1 20 54 10  - 55 16  -  7 52 56  3 18 45 21 11 41 34 49 22 31 27 28  8 25  5
  - 54 44 24 13 14 38 53 21 55 49 36 34  - 39 23 40 45  -  4 32 27  7 20 52 25 15 42  5 60  -  - 51 11  - 26 37 30 22 16  1  -  - 35 43 19 17 18 47 28  8 41 59 10  - 56 57  - 12  2
 22  -  4 29 48  - 42  7 36 38 59 14 24 35 50 21  - 49 20 32  - 57 41  -  5  - 31 47 34  -  -  -  -  - 37  - 23  9 60  - 26  - 19 46 15  - 52  -  - 10 17 27  -  - 28  -  2 54 51  6
  - 42 38 55 23 47  -  - 30 17 52 57 39 14  9  - 15 12 31 19 44  -  -  - 48 50 24  3  8 20 60 18 35  - 49 56  -  -  7 46 45 10 53 41  - 28 11  - 27 29 51 32 43  -  5 54 37 16 59 34
 47  -  2 34 55 20 32  -  1 39  -  8  9  - 30 28 24  - 44 40 17 31 54 46  -  - 36 41 33 37 10 60 12 48 27 13  -  4 18 25 22 58 57 26 38  6 35  5 29 43  -  3 14 49 52  - 42  - 45 11
 52  - 34  - 50  - 11 29 46  - 39  7 20 22  1 14 23 24  5 31 51 43 28 16  - 38  - 37 35 56 17 19 48  -  8  -  - 53 13 45 59  9 47 58 54 55 36 32 15 49 42  2 33 60 57 21 25  - 18  3
 57 14 36  -  7 11 54 12 59 33  9 32 35 45 15  - 19 28 25  -  6 44 13 50  - 10 60 39 23  -  -  1  - 52 41 38  - 21  3 58  - 34  - 24  5  4  - 29 56  - 30 20 55 18  -  2 26 31 27 22
 36 58 22 39 15 48 57 20 38 52 13 47  6 11 16  - 33 42  4 37 31 53  - 43  - 12 55  -  - 45  1 54 24 40  -  5 60  2 17 59 23 49  - 19  8 30 27  -  7 35 50 14 10 21  - 18 41 32 34 51
 48 33 60  - 47 32 43 49 29  - 45 21 26  5 35 55  6 56 53 51  3 46  -  4 57  -  - 40 25 44 54  7  9  - 17  2  8 24 41 22 10  - 27 14 58 34 15  - 38 18 36 30 12  1 42 52 20 11  - 19
