2880
 37 25 57  6  8  -  9  - 42  -  - 20 26 53 48 23 11  1 28  - 44  - 51 21 38 22  -  - 29 59  - 54  -  -  - 58 35  - 50 56  5 14 60 10 47  7 12 36 30 43 16 41 33 45  2 52 49  -  3 27
  6 24  4 41  -  - 53  5  3  - 30 10 23 59 55 15 17 35 18 11  - 38 36 42  - 60  - 54 58  1  2 33  -  8  - 13 29 43 44 50 20  - 39 21  -  -  - 16  -  9 12 48 40 14 27  -  - 49 37 56
  9 44 39 15 29  - 55  -  -  - 41  2  -  - 20  -  - 48  - 30 52  - 60 28  1 54  7 18  - 58  - 49 23  - 22 37 50 45 36 38 51 56  - 31 43 11 19  8 24 27 13  6  -  5 34 21 12 47 46  3
 48 40 60 22  2 37 59 32 27 56 10 39 21 14 12 50 36 15 19  6  - 26 52 16 45  9 49 57  - 43  4 41  3 23  8 29 42 18 25 46 31 38 33 34 24  - 20  -  -  -  - 11 53 28  - 30 58 17  5 47
 58  -  3  - 44 34 51  - 13 39  - 37 50 31 29 24 42 17  -  - 28 47 59 46 10 21  -  - 60  - 19 38  6 49 43 12  5  4 27 40 15 54  1 23 26 52  7 48 57 33 22  8  -  -  - 53 30  - 25 55
 13 20 42  - 23 58 31 15  2 11  - 24  -  4 49 18 43 51  - 14 29  3  7 53  - 19 59 60  6  - 37  - 50 44  5 40 17 35  - 30 39 12  - 41 25 21 36  - 34 54 45 22  - 26 32 48 57 55  - 38
 31 29 51 48 43 47 28 22 30 14 45 38 33 57  - 36 59  - 39 37  - 53 49 54 16 52 34 50 40  6 26  5  9 27  - 21 24 19  8  - 17  3 56 20 23 42 32  - 44  -  4 35 55  7  - 10 46 12  - 18
 36 46 35 29 56 43 44 27  - 26  4 23  - 32 60 17 53 34 48 55 59 12 47  7 51  3  -  - 31 33  -  - 16  5 42 24 41 11 10 21  1  8 58 39  2 18  - 14  - 22 54  9  - 25 50  -  6 28 38 49
 28  5 17  4 59 30 54  - 45  -  - 13 20 50  - 21 47 10 57 18 35  6 32 25  -  -  -  8 39  - 41 46 49 26  -  3 40 44 52 33 16 42 51 56  -  9  - 29 11 31 60 12  - 22 37 27  2  7 58 48
 15 32 47 43  4  2  - 21 53 59 46 29 60  - 10 51 41 38  1 25  -  - 57  - 26 18 28 27  - 24 12 13  - 42 48 36 23 14 17 20 11  - 40 55 34 37 22  7  -  6  8  - 19 58 35  -  3 56 33 44
 38  - 20 55  5 14  - 18  6  - 16 42  -  - 58 10 32 24 47  -  - 19  8 29  2  - 54  4 28 56 49  -  -  - 40 39  - 60 22 31 36  - 25  9 30 57  - 17 46 11  - 43 26  3  1 50 48 33 53 15
 57 50 32 27 46 59  2 30 56  9 55 60 15  -  8 12 22  5 10  - 45  1 14 58  7  6 39 40 35 29  -  -  - 38 33 41 51  - 11 47 53 31  4 52 49 17 23 19  - 48 20 26 36 37  - 13 42 54 16 21
 30 39 29  - 12 56 42 34 16 44  1 53 28 58 38 13  -  - 40 24 32  4  -  6  - 43 23 51  -  - 47 20 15 17 36  5 18 25  - 19  8 37  - 26  - 50 10 41 49  - 46 60 54 11  - 57  - 27 55 45
  1 17 44  - 60 20  -  - 47 41 49 52 56  - 54  - 35 14 36 21  - 29 18  - 42  2 43 38 11 23 31 55 59  - 27 46  8  - 26 12 58 15  7  -  - 45 16  - 37 32  - 28 24 40  - 22 51  4 34  -
 41 21 10  - 27 16 50 35 38  6 26 33 40 22 28 14 52  -  -  5 23 30  - 31  - 47 15 13 17  2  9 42  - 24 34  -  - 53 54 44 60  -  -  - 29  8 58  -  -  3 37 39  - 59 36 56 43 45  - 11
  - 34 58 40 38 21 35  -  - 54 17 45  1 18 37 11  3  - 26  -  - 52  - 22 20  -  2 46  - 47 59 48 39 51  9  6 12 13  -  7  - 30 36  - 19 55 56 23 42  - 32 14 41 60 43  5  8 25 31 24
  -  - 36  - 55 31  - 13 37 57 33 12  - 11 17 30 29 41 21 19 27 34 28 15  - 45  - 48 32 49 46 10  -  6  -  4 20 26 39 14 22 52 59 42 16 60 35  - 56 40 38 25 43  9 58  3 53  2 18  -
 39  - 25 51 41 50 17  6 19  5 54  -  -  - 16 27 57 46 33 36 34 13  -  2  9 11  - 53 52  - 60 45  - 56  3  7 59 30 31 58 12  1 37 40 44 32 47 55 21  8 14 10  -  - 49 26 28 38 29 23
  - 43  - 18 52  - 22  4 12  -  - 40 39  -  - 57  1  - 53  -  - 44 19 50 60 42  - 26  - 51 30  - 14 11 49 32 46 59 23 13 47 48 41 29  9  - 24 58  3 16 55 56 17 34  8  -  -  5  7  -
 33 12 41  5 31  - 48 45 39  8  - 43  - 51 19 29 20 40 23  4  1 14 16  - 59 30 21 42  - 54 56 24  -  2 18  9  -  - 46 37 27 49 50  - 35 44  3  - 22 57  - 15 60  - 26 11 38 53  - 32
  - 31 27 23 20 15  8 60 21  -  -  -  6 44 22 16  - 59 52 34 37  - 46  - 18 36 50 10 56  5  - 39 45  - 14 11 25  - 24  9 38  -  - 57  - 54  - 42 17  - 26  3  1  -  - 51 55 43 32 33
  4  - 43  - 40  - 52  7  -  - 19 58  - 10 32  - 49 54  -  8 30  - 33 14 41 16  -  - 50 48 28 53  -  -  -  2 11 38 51 45 35  - 20  5  - 15 59 12 60 34 18 27  6 24  - 42 37 57 44 31
 60  1 28 45 16 18 27 37 57  - 59 36  - 46 56 49 39 29 43 50  8 33 30 32 48 34 22 17  9 26 38 31 19 12  2  - 54 40 55 24 41  7 21 47  - 51 13  -  -  5 35 23 14 44 53 15 25  3 42  -
 22  2  - 58  7 41 33 14  9 47  6 44 10 39 35 46 60  4  - 29 51 49 38 52  -  8  5 45 24  - 48 23  - 54 37 28 34 16 53 26 30 59 43 11  3  - 17 20 32 12 21 36 25  - 42 40 13 18  - 57
 16  -  1 38  -  - 10 43 18  - 14 27  8 37 53 47 46 45  7 26 33 21  - 49 28 41  9 34 48 20  - 52 60 55 17 56 36  3 58 39 42 57 32 51 31 12 54 15 23 25 40 44 35  -  - 19 59 11 50 29
  - 47  -  3  - 29 45 11 28  2 20  -  5 16 41 26  7 31 38 10 39 15 55  - 54 53 13 23 14 57 43 18 22 50  -  - 49  - 21 48 52 24  9 46 56  -  4  1  - 60 44 37  - 27 25 12 32  6 30 34
 32 52 38  1 42 54 15 48 26  -  -  - 14  - 33 40 51 19  2 20  -  7 53 41 23 27 60 56  - 12 25  - 29 58 57  -  -  9  -  - 55  - 30 44  - 35  - 59 39 21 31  4  8 13  -  - 11  - 24  -
 49 51 11 10  - 25 12  - 40 46  3 14 47  6  7 59 37 27  8  - 31 58 39 24  5 48  -  - 20  9  - 50 52 35 56 26 32 42  - 23 21 60  2 33 15 19 44 54 38  1  -  - 57 16 28 29 41 36 17 43
 59  8 16 53 14 45 20 19 25 43 60 11  - 56  9  1 26 36 41 51 58 32 48  5 12  - 40 44 10  -  3 17  4  - 52  -  -  -  -  6  2 55 47 54 13 39 37 33  - 30 28  7 42 18 29 23 50 22 35 46
  8  7 12 13 58 36  - 57 46 35 56 54 51 26 59 32  -  - 55 31 53  9  -  - 44  - 17 24 21 42 16  - 40 34 41 49 33 22 30 15 37 50  - 18  - 25  5 28 45 39  3 47 11 19 14 20  1 10  4 60
  5 56 34 33  - 40 41 29 23  - 44 28  - 52 11  6 13 42 49 22 19 18  9  - 31  - 48 14 38 27 10 47 36 43 53 25  - 21  - 17 57 58  3  - 50 24 51  - 35  - 39 59 12 30 16 55 15  -  - 37
 47 45 55 44  - 11 32  - 52 31  5 26 59  2  -  9  -  - 35  -  3 56 20 13 27  1 12 36 41 19 40 15 53 10 16 30  - 48 33 29  4 39  -  - 42 58 18 50 28  7 51  - 23 46 60 24 14 34  8  -
  7 59 53 26 33  - 60 47  8 22 39 35 31 30 18  3 24 37  - 42  -  - 27 51 56 38 45 25 46 15 57  6 58 52 29 16 13  5 12  1  -  2 54 48 36 34 41  -  - 20  - 17 44 43 55 14  4  - 19  9
 45 53  - 35 11 17  -  3 22 52  -  6 34 12 47  -  - 32 20 60 14 40  -  - 25  4  - 28  -  - 51 19 27 33 13 10 15 56 43 42 29  -  -  -  -  - 48 21 26 41 24  - 16 38 30  1 18  -  9  5
  - 14 13 59  3 12 49 28  - 51 29 34 54  - 45  4  - 43  5  - 20  2 35 18 40 24 38  9 26 10  -  1 37 25 30 48 21 55  - 11 44 47 15  - 32 41 52 31 27 36 19 50  7 57 56  6 39 46  -  -
  - 60 22 24 37 44  5  9 54 36 52 55 25 33 50 31 38  8 59 39  6 48 42 45 34  7 58  - 15 16 13 56 26  - 23  1 19 17 32 49 14 10 11  - 27  - 29 57  - 18 53 21  -  - 20 35  -  - 47 51
  -  6  - 54 45 55  - 24  - 50 47  - 38  8 13 34  9 33  - 52 49 35 37  - 29 25  - 21 23 39 18 12 46  -  - 31 16 27  3 36  7 17 28 53 20 56 40  - 41 15  -  - 59 42 44 58  - 32 60  4
  - 49  9 30 24  - 11 42 43 15 31 19  - 28 46 55 56 52  3 17 26  - 45 59  - 35  -  6  8  - 36  - 48 32 12 22 53  7 47  - 10 40 18 27 41  4 14 37 58 51 57 20 21 33  - 44  5  -  2 16
 53 48  7  -  9 32  3 51 44 60 23  - 24 55 27 25  -  - 22 43 47 42 13  - 58  - 56 31 37 30 11  2 20  - 35 34  6 12 57  - 54 19 10 28  -  1  8  5 33 38 50 40 29  4  - 39 52 59 14  -
 12 35 56 36 32 53  7 39 41  - 43  3 17 40  - 58  5  - 30 45 48 22  - 34  -  - 25 20 16 44  6  4  2 57 26 14  -  1 37 55 23 33  -  8 18 46 28 38 31 49 47 29 52 15 19 59  9 51 54 42
 18 33 15 16 21  8 43 46  - 10 27 22  2 25 24 48  -  - 31 56  5 28  3 19 36 44  - 29 59  -  - 34 55  1 58 35  4 39 49 52 45  - 14  - 40  - 42 13 12 37  7  - 50 23 54 60 47  9  -  6
 40 55 49 60 50 13 19 41 31 29 21 17  - 54 26 53 12 18  - 57  - 11 23 39 30 33 52  2  -  4  5 59  -  7 10 42 58 51 56 28  9 36  6 35  -  -  1  - 25 24  - 34  - 20  3  - 45 16 48 22
 46  9  - 42 17  4 34 54 36 21 25 59 16 60  - 37 23 26  - 48 22 43 40 44 57 14 11 19 18 38 29  - 10 30 32 50  - 24  - 41  6 35 27  -  5 53  2 52  1 47 49 33 51 31 39  7 20 58 12  -
 10  4 50  - 51  7 58 38  -  - 57  - 52 35 14 45 54 56  6  9 13 16  - 30 11 37 36 47 12 40  -  - 18  -  - 33  2  -  1 34  -  - 44 49 28 43 15 60 53 26 25 24 20 41  -  8 17 42  - 19
 14 15 54  - 48 33  - 16  5  - 22 32  - 36  6  7  - 53 34 46 55 59  2 17 50 56  3  1 30 13  8  9 11 31  -  - 60 58 20 18 40  - 45 43  4 47 38 24 29 42  - 57  - 49  - 25 23 37 26 52
 34 58 33 12  - 22 25 52  - 18 50 16 29 19 30 56  2 39 27  7 38 10  -  -  3  - 42  - 49 37 53 36 44 47 51  8  1 57  - 35 46 23  - 45  -  5 11  6  - 13  - 55 15 54 21 41 24 31 43 14
 35 27 26 49 28 24 56 12  - 53 40 48 46 23 25 60 44  9 51  3 17 39  5 55  -  -  1  - 47  - 15 16 31 37 54 38  - 32  - 22 19 34  -  - 33 14 21  - 18  2 43 30 45  6 57  4  -  - 20 58
  -  -  -  - 30 38 36 23 34 17 37  - 12 20 39 28 14 13  4 41  -  - 50 43 53 57 44 59  -  8 22 27  7 19 46  - 31  - 29  2 24 18 16 32 55 40  -  9  - 10  6  5 58  1 51 33 35  - 45  -
 29  3 19  -  -  - 46 20 14 55 13  9 42 24 23  - 27  - 44 16 54 37 17 36  8 26  6 39  4 28 50  - 41 18 31 47 30 49 15 10 59 45 34 25 53 22 57 11  7 56 52  2 38 32 12 43 33 35 21  1
 17 41 45  - 10 23 21 49 24 58 11  - 43  -  - 22 28 16 12  - 18 50 56 48 19 29 35  5 57  3 39 60  - 20  - 53 26  8  6  - 13 44  -  - 52 31  9  - 59 14  2  - 34  - 15 38 54  - 27 36
  3 36 14  7  1  -  4 33 11 27 42  - 37  -  -  5 21 20 32 28 16 17 25 56 55 10 47 43 34  - 23 58 51  - 38 59  9  - 35 57 18  -  8 13  - 49 45 39  6  - 29 19 48  - 52  -  -  - 15 54
 20 26 48 28 49  - 47  - 15  - 38  8 36 45 21 41 30 22  - 27 46 54 24  4 33 23 14 32 51 35 17  - 57  - 50 18  - 31  9  3 43 11 13  7  6  2 60 25 16 58 42  -  5 12 40 34 10 52 56 39
  - 30  - 37  6 46 40 25 17 34  8 51 18 48  3 19  -  2  - 12 56 45 31 33 35 20 57  -  1 22 44  - 42 13  - 52 38 41 16  - 32  5 23  4  7  - 27 26  - 55 59 49  9  - 11 47 21  - 10 50
 24  - 37 56 57  - 23  - 49  7 58  -  9  5 52 39 18 47  -  2 50 55  1 10  6 32 20 15 13 36 35  -  8 14 44 19 48  -  - 43  - 21 12 16  - 26  - 46  - 45 11  -  4 29 59 31 22 30 28 25
  -  - 46  -  - 10 29 17 20 48 18  5 13 42  - 35  - 58 54 47 24  -  - 23 22 55 41 11 19 21  7 40  - 16  1 60 56 34 38 51 33  9 57 15  8 28 30  3  4 52 27 31  -  -  6 36 26 44 49  2
 50 18 40  - 19  6  -  8  1 28  - 49 22  - 31 44 33 25  - 59 36 23 11  9 47 17  4 41  - 53 20  -  - 21 15 57 52 29 48 60  3 43  - 38  -  -  - 10 55  -  - 13 30  - 46 32 27 14  -  -
 51 42  8 17 34 39 18  1  - 19  7 15 53 29  2 52  6 55  9  - 11 60 12 27 14 31 33  -  5 46 58 43 21  4 20 23 45 47  - 32 28  - 48 22  -  - 25 49  - 50 36  - 13 10 38 16  - 24 59  -
  - 19  - 46 47 26  1  -  -  - 12 18 11  - 42 20 34  - 45 53  7 41 54 40 43 39 31 16  3 17 55 57 13  -  -  - 27  -  5  4 50 25 29 36 22 30 49 56 10 35  -  - 32 51 24  -  - 48  - 59
 21 11 24 19 53 52 38 26 55  1 36 46 35 13 57  - 40  -  - 15 43  -  -  3  4  - 29  - 44  - 42 30  5  - 59 54  - 37 41 16  - 22 49  2 14 23 31 45 51 28 48  - 39 56 10  -  7  -  -  -
 52 13 31 11 54  - 30 53 35 38  - 50 41  -  -  2 55  - 37 40 21 27  6  - 32 51 19  7  -  -  -  8 33 48 25 15 10 20 14  - 56  - 22 12 58 16  -  4 36 29 23  - 46 39 47  - 44  -  1 26
