2880
 22  -  - 11 20  4 50  - 35  5 42 16 37 57 30 47  6  2  - 19 51 56 44 17  - 25  - 18 36 32 39  - 28 53 49 12 21 59 60  8 58 41 48  - 34  1  -  9 52  3  - 40 29  - 55 43  - 33 54 23
 59 25 38 49 14 60 32 41 11 57  - 39  4 15 16 54  3 56  7 40 50 31  1 35  2 12 48  5  - 21 23 52 53 17 13 20 46  - 36 18 44 58  8  - 45 28 26 30  9  6 33 55  - 43 27 42 37 51 24 19
 58 30 18 33  - 45 59  7 44  -  6  2  -  - 14 15  - 11 10 12 47 24 31 53 20  1 34 26 55 57  -  - 13 35 22 25 60  - 54 17  -  4 46 16  - 48 37 28 43 29 23  5 49  9 21  - 40  -  -  -
 52 51  - 39 24  - 42 16 17 55 22  4 35 26 21 18  - 20 13  9 30 37 58 44 10 50 60 33 12 27 32 43  1  - 56 38 31 40  3 53 48  -  7 29 25  - 23 34 54 46 36  2  5 59 45 47  6  - 19 57
 37  - 32 60 11 59 28 17  - 49 24  - 10  9 22 41 50 51 54 53 36 20 48  8  6  -  - 47 35 46 56 45  - 29  2 43 30  - 40 15 21  - 39 18  - 31 33 27 34 16 38 19  1 23 13  7 55  - 12  5
  9  2 22 24 41 49  - 30 60  - 43 15 29 46 55 42  - 13 33 11 23  - 26  6 17 59  - 27 50 28  -  1 31 21 40 37 56 48 52 12 39 32  5 20 44  - 57 54  3 58 51 35 34 53  7 16 19 10 38 18
 14 21 57 16 51 18 44 15 54 11 56 55 17 31 58  3 28 50 45 27 52 38 29 23  4  6 10  - 19 30  1 25  - 59 53 24 22  - 39 41 47 49 36 43  -  -  -  -  - 42 48 46  7 35 26 13  5  8 34  9
 54 38 12  4 46 26 10 34 37 44 49 51 24  -  - 52  9 22 18 60 27  1 30 40 14  - 39 23  - 43  2 56 59  - 58 42 15  7 32 48 35  - 13 21  - 33  - 36 28 11 41  - 25  3 57 50 16 19  -  -
  - 45  - 46  5  - 12 59 31  4 15 30 16 50 11 40 18 38  6  - 17 54 14 56 52 13 29 36  - 34 28 39 21 25 20  2 51  9 27 35  7  - 58 32  - 10 24 42 23  - 49 48 53 26  3 19 43 57 47 41
 56 12 51 32 15 52  - 25 59  -  -  - 36 27  -  - 47 19 49 26 60  - 24 54  7 28 53 21 44 22 45  6 33 43 11  5 41  -  - 20 34 29  4  -  -  9  -  - 57 55  -  -  - 16  -  - 48 31 17 42
 42  5 43  9  7  -  - 40 25 59 21 54  6  - 29  4 44  - 12 33 26 35  - 47  - 60 20  - 37 23 16 13 15 58 14 39 52 18 48  - 31 53 19 34 30 45 10 17  -  8 50  - 51 55  - 38 41 36 27 49
 26 28 45  - 44 55 51  - 34 43  7 60 49 29 46 33 39  - 57  - 59  - 38  - 40  5 56 14  -  - 47 31 23  6  8  9 27  1 15 10 11  3 54 37 32  - 48 21 18 19 17 36 12 52 30 20 24 41  - 58
  4 40 10 29 22 35 54 24 14 53 18  - 30 19 17  - 57 34  -  8  - 48 47 37 21 56  1 15  - 20 51  3 27  -  - 13  - 45  6 36 59 60  - 58 49  -  - 32  7  -  - 11 46  - 33 41 25  -  2  -
 43 49 29 30 52 10 17  - 13  8 16  1 32  - 33 56 19  5 60 21 14 47 20 58  -  -  - 48 18  2  7 37 39 44 12 11 36 41  - 50 23 40 24 28 55 42  9 45 25 15 27 54  4 46  -  6 26 38 35 22
 18  -  -  -  1 12 35 55 56 37  -  5 40 48  - 53  7 21 59 36 43  6 45  - 27 10 19 60 26  -  -  - 34  - 24  3 39 14 41  -  - 54 33 11  - 50  - 57  -  4 25 52 16  - 31 15  - 28 49 32
 35 59 20 40 56  1 14 11 48  - 30 33  - 32 49 27 13 10 53 39  - 44 54 16 22 51  3  7 24  6 46 60 37 18 43 58  8 47 34 45 25 21  9 17 15 29 12  - 38 41 26 23 36  -  2  5 28  4 31  -
 53 26  - 43 55  -  1  -  - 41 39 17  -  -  - 30 40 12 28 51  - 50 59 25 32  -  9 16 58 37 49  - 57 33  5  4 18 19 11 31  - 23  - 13 60 54  6 46 22 27 15 38  -  - 24 36  - 14  - 48
  -  - 35 56 12 28  - 37  - 46 44 19 41  6 52 34  2 36 15  3  -  - 21  - 13  - 24  1  - 55 40 47 50 48  -  - 57 42 22 39  - 31 23 26 38  5 53 49 45  -  - 29 20  8 51  -  - 16 14  7
 28  - 39 35  9 34 36 12 45 13 54 27  - 25 37 50 49 31  - 15 40 23 51 41 38 30 43  - 60 33  8 57 17 22  6 56 48 53 58 16 26  - 32 47 52  -  -  - 14  7  - 20 42  5  1  -  4 18  -  -
 57 32  5 34 29  3 20  8 36 48  -  9 13 39  6  - 58 42 31  -  - 46 41 15 49 21 37 25 14 51 11 50  -  -  - 54 19  - 30 24 17 10 53  1  4  - 47 18 26 60 22  - 44  7 43 33  2  - 55 12
 50 60 56 48 18 37  - 47 20 36 13 10  - 30 26 43 59  - 19  2 42 41 40  -  3 57  - 12 52  9 21 44 14 16  -  - 25 23 45 11 53 27  - 55 28 17 35 39  6 22 58  7 33  -  -  - 15 49  1 51
 47  - 33  3 23 46 43  5  - 17 14 57 53 36  1  6 27  - 37  - 24 12  - 48 41 18 59 19 51 39 10  - 38  - 50  - 35  -  - 58  - 55 30 56  - 26 13  -  - 28  - 49 60  2 11 54 22  - 42 40
  - 54  -  -  - 38  - 23  4 20  - 29 58 42  9 24  - 33 21 43 28 40 37  - 30  - 26 44 17 56 19 10  -  1 39 51  3 34 47 13 14  5 11 31  8  - 16 48  2 53 32  -  - 50 35 49 60 22 59 25
  - 37 46 52  - 16 45 22 18  - 19  -  - 38  4  8  - 49 11 47  - 42  7  - 28  -  - 50 30 53 33  - 24  -  -  - 26 36 29 32  1  - 15 27  9  - 31 58  - 57 59  3 39 40  6 12 54 55 60 10
  7 56  - 21 54  -  6 45 42 15 58  - 48  4 51 49  -  9 17 38 25  - 50 22 11  -  2 35 59 14 43  - 47 57 32  1 10  -  -  3 29 18 16 33 40  - 28  - 24 36  - 26 55 31  5 37 52 20 44  8
 44  - 28  7  8 17  4 43 47  -  - 46 26 58  -  1 14 54 34 45  6 11 16 42 35 31  - 52 20  3  - 40  - 30  - 32 59 24 55  9 41 48 21  - 18 15 36  -  - 51 12 50 10 56  -  - 39 27  - 38
 19 43 40 13  2 48 27  - 15 24  - 52  - 37 35  - 46 14  - 20 22 21  -  3 16  - 49 56  8 44 60  - 51  9 23 29 11  6 33  7 12 42 41  4  - 32  -  1 55  - 10 34 54 17 47 53 38 50  -  -
 21 20 14  - 16 57 53  2  - 40  5 47  3 54 31 25 35 44 48 41 32 60  - 45 43 26  6 42 23  8 22 27  - 39 30  - 49 55 13  -  9 24 28 36  1  - 29 51  4 34 56 37  -  -  -  -  - 52 50 46
 34  - 25 51  4 47 18  - 29 23  -  - 15  2  5 17 24 39 38  -  8 26 11 27  - 46 33  9 43  1 59 20 60 36 48 28  - 52 44 22 55  - 49 40 41 56 50 13 35 32 45 57  -  - 42 31  7  - 58 37
 45  -  - 25 19  - 38  - 26 28 29 14  1 12 57 37 21 32  2  - 46 22 18  5 50 23  8 34 27  - 58 41 11 20  7 17 42  -  - 47 33 15 55 60 48 59  - 56  - 44  - 10 31  -  -  - 49 43 53  -
 29  1 34 55 53 58 46 52 41 14  - 59 11  - 43  - 51  -  - 54 38  -  4 18 36 17 30 32  7 42 13 16 10  - 15 33  - 50 49  2 28 39 31  8 24 44  -  3 19 23 60 56 27 37 22  9 57 25  6 26
 16 27 58  - 25 36 57 54 52  - 38  -  9 41 13 60 55  8  1  5  - 19 32  7 33 15 11  - 28 40 34 48 35  -  3  - 44  -  - 30  4 22  2 23 47 39 21 29 56 49 42 14 24 10 37  - 18 53 20 50
  - 31 50  6 60 30 58 19 49 21 12  - 28  3 47 20 17 29 26 52 41  7 27  9  - 38 22 40 54 16 44 33  -  - 10 59  -  - 35  -  2  - 43  - 53  4  5 25 46  - 39 45 32  -  - 18 34 37 48 15
  - 55 19  -  - 56 52 38 39  -  -  - 14 47 44  -  - 30  - 42 16 43 57 12 46 45 50 29  3 24 18  7 32  4 51 48  2 17  9 54 13 37 40 22 26 53 49 41 31  1 35 58  6 11  - 23 36  - 33  -
 31  7  9  - 39 27  8 42 23 22  - 25 21 24 28  -  -  - 16  4 49 34  5 51 37 55 41  6  - 47  - 58  - 32 45  -  1  2 53 19  - 13 10 38 54 46 44 20 15 12 52  - 35 57  - 48 30 59  3 43
 41 36 17 45 42 39 48 33 22 30 32 43 31 21  2 28 11 24  - 18  1  - 23 49  - 14  - 46  - 59  - 51  8 55  4 35 29 15  - 26 38 57  - 10 50 47 25 12 20 13  7 53 40  - 60 27 58  5 52 44
  -  -  - 14  - 33 41 46  - 27 31 23 57 17 45 26 53  4 43 13 44 51  2 28 39 42  7 10 38 52 55 36 29 40  9 49 58 30 18 59 37 16  - 35 22  - 19  - 47 25  3 60  - 34 32  8 20 24  5 21
 39 44 11 58 57 42 49 32 43 60  - 40 50 28  8 35 41  3 29  - 37 53 15 30 12 48  - 45  4 31 17 34  -  2 25 10 38  - 16 33 51  - 26 52 14 24  - 55  5  -  - 27 21 47 36  - 13 54 22  1
 51 50  3 57 34 11 25 21 46 47  -  8 60  -  - 29  - 59 22  - 15 10 52 31 42  - 35 53 56  -  - 55  7 28 33 23 24  -  -  4  - 26  -  9  - 40 32 19 39  - 37  - 45 20 49 14 17 13 30  2
  6 35 42 37 49 29  - 58 24 45  2 12 44 16  3  - 43 55 40 34  7 13  - 60  -  - 23 28 21  -  - 59 18 41 31 57 47 26 46 27 20 19 52 48 10  8 38 15 53  -  9 32  -  - 25 11 56 39  4 36
 32 42 55 38 13  8 11  - 27  1  - 36 18  - 53  -  - 47  - 14 29  5 35 34 57  7 17 59  2 15  9 22 43 24 26  - 54 49 28 56 30  - 20  - 37  3 60 31  - 52 19 44  - 12  - 10 46  6 40  4
  1 29  7  - 40 54  - 36 28 50 52  - 22 44 34  -  -  -  - 23 53  - 25  -  - 43  -  3  - 19 20 14  - 60 18  - 37 12  - 57  - 17 35  5  6 38  8 26 11 10  2 59  9 45  4 51 31 32  - 30
 27  6  - 50 10 41 21 39  8 34  - 56  5 51  - 44 38 16 55  - 45  9 13 33  - 58  - 22 15 18 35 24  3 54  - 53 43 57  - 14 42  -  -  -  7 36 11 59  -  - 30  - 28  - 46  2 47 17 29 20
  - 10  8  - 36 43 15 35  9 16  - 13 33  - 40 51  -  7 32 25 48 59 56 46 58 52 21 38  - 11  6  -  -  5 55 19  - 28 57 44 50  2 42  - 17 14  4 60 49  - 29 47 18 22 54 45  -  - 23 34
  - 23 60 15  6 20 33 13 32  3 57 38 27 43 10 46 22  - 58 29  - 14 36 26 18  9 28 41 53 45  - 12  4 56 54 30 50 16 19 34  -  7  - 24 21  -  -  5 48  - 44  8 59  -  - 17  - 47 25 11
 23 58  6 42 28 15 30 57 12 38 50 48 47 52 24 36 60 25 27 10  9  -  3  - 34  4 14 54 46 26  - 17 41 13 29 40 32  - 51  - 19  1 45 49  - 55  - 22 16  - 43 31  8 21  - 56 35  7 18 39
  8  3 15 47 59 19  - 60  5  -  1  - 39 11  7 58 52  - 23 16 56 36 55 29 53 33 38  2  - 25 57  - 45 14  - 41 13 32  4 37 24 50 18 44  - 51 22 40 17  9 46 28 26 27 10 30 12 34  - 31
  - 19 47 18  - 40 29 49 58  - 37 53  -  7 27  5 10 23 52  1  4 16  - 50 44 54 55 20 39  - 30  2 22 34  - 21 28 35 42 38 57  -  3 12 36 43  -  - 51 24  8 17 13 15 59 60  9 26  - 33
  -  - 41 22 21 51 39 31  3 52 46  - 59 56 23  - 29  - 47 32 55 18 19 24  9 49 12 11 10 38  -  - 25 26 37 36  - 33 14  5 40  8  - 42  2 35 27  4 58 17 57 43 15 54 53  -  - 30 45 16
  3  -  - 20 30 23 16  4 19 12 26  - 34  - 54  - 31  - 36 22  -  2  9  - 47 41 58 13 45 17  5 38 52 49 59 46 40 25  - 51 15  - 37  - 42 21 14  -  -  - 18  - 48  - 56 32  8  1  - 53
 17  9 37 54 58  - 19  - 30  6 35 26 55 53 32  - 56 46 51 59 18 27 42 57 24 40  -  4 25 13 12  5 48  7 16  8 34 29 20  - 10  -  -  3  - 11  -  - 36 45 31 21  2  -  - 52 50 23 41 14
 49 47 48 17 37  - 31 26  - 42 55 58 23  - 39 14 54 57  - 28 12  8  - 43 29 24 25  -  - 36 50 21  5  3 35  7 45 10  -  - 46 20  6  -  - 27 41 53 59  -  -  1  - 13 34 44 33  - 51 56
 38 46 23  2 32  - 24  - 50 56 45 35 52  - 48 16 26 15 42  6 58 33 10  - 31 53 36 30  -  4  -  - 44 37  1 55  - 27  -  -  5  - 14 25 29 13  -  - 12 20  - 51  - 19  - 39  - 40 43  -
 24 22  1 23 48 32  -  -  -  9  4  3 12  -  - 38 30 52  -  - 21 17  - 59  5 20 27 51 29 10 37 53  - 42 34 18 14 58  7 60  8 36  - 54 46  -  2 16 40 47  - 13 43 49 50 28  - 44 26 55
 12 34 21 26 47  -  3 20  -  2 28  7  8 13 41  - 37 60 24  -  5 52 33 11 19 36 46 49  6 48  -  4  -  - 44  - 23 31  -  - 54  9 29  - 16 22 45 43 42  - 55 25  - 39 14  1 10 56 57 35
  5 57 52 36  - 21 22  9  - 35 59 44 45 40 38  - 33 43 30 37 13 49 46  - 25 32  - 39 47 58 29 19 54  -  -  -  7  4 10 55 60 34 56 53  - 20 15 50  1  - 14 24 41  6 16  3 42 11  8  -
 20 41  4 19 35 31 60  6 51 25 10  -  2 18 36 13  8 37  -  - 34 30 28 39 59 27 44 55 42 54 48  - 49 38 57 47 33  -  - 43 32 46  - 50 58 23  1  -  -  - 16 12 11 14  - 29 53 15  7 45
 36 15 30 53 50 25 47 48  - 33 11  - 43 35  - 19  -  -  3 56 20 29 49  1  8 34 16 24  5  - 31 54  2 10 38  6  - 13 59 40 18 52  - 51 23 12  - 14  - 39  - 41 57  4 44 22  - 21 46 60
  - 24 31  8 45 13  7 51  - 58 34 50 38 10 18  9 42 53  - 44 54  4 60 32 23  - 15 37 41 12  3 35  - 47 17 16 55 11 26 29  -  - 27  - 56  6 40 52 33 14  -  -  -  - 20 25 21  2 36 59
 60 14  - 44 27 22 56 50 21  - 53 37 42 33  - 11 48 41  4 55 10 58  - 19 45  2  5  8 31  - 26  - 16  - 52 15 17 46 25 28 49  - 59  - 20  - 54  7 30  - 24 18  3  1 39 40  -  9 13 29
