2880
  - 50 47 44 42  8 17 24  -  6  1 51 41 29 21  - 46  -  3 56 55 10 45 57  - 11  -  - 53 12 31  -  9  - 49  - 36  - 25 26 20 48  - 33 43  - 40 15  4 30 32  - 13 19 38 18  -  - 23 14
 41  5 52 39 38 14  - 16 34 15 25  -  -  9 26 58 35 28  - 17 44 37 56  2  -  - 31  - 49 53  - 32  -  3  8  - 60  - 10  - 12  - 43 51 22 19 54  -  - 27  - 50 21 48 46  6 13  - 18 47
  4  - 33  2  - 19 59  - 35 21 39  -  7  3 30  - 49 11 47 45  9 20 44  6 54 34 15  -  - 40 27 51  8  - 31 25 48 24  -  - 26 32 41 52 29 16 55 28 10 23 56 37  5 18 17  1 14  - 12 22
  6  9 12 15 56 46 49 44  1 30 13  - 16 50 59 35  8 29 36 41 25 19  - 52 17 18  - 60 11 32 34 37 38 20 43 57 40 48  -  - 10 27  - 55 54 39  - 45 58  - 42 14 47  -  -  5  - 33 51 53
 35 57 60 50  - 15 46  -  8  - 27  - 21  4 56  2  - 38 18  - 52 30 31 44  - 55  -  - 23  3  - 34 58 42  - 33 39 43 48 53 49  6 14 41 32 45  - 37 25  5 22  -  -  1 29  - 26  7 20 11
  3 13 21 41 27 18 28  -  4  9  8  5 26 20 37 33 44 19 35 57 10 22 55 23 56 43  - 38 31 16  - 45 39 51  - 32  - 59  - 34  - 50 53 29 36 11 14 48 15  1 47 12 40  2  - 42  - 30 54 52
  - 21 23  - 33 11 31 22 57  3 30 10 18 35 49 20  1 40 25  -  - 29 39 58 24  9 48 54 26 59 32 19 55 16 13  7  5 56 34  2 47  -  - 44  - 53 46 17 42 12 14 43 15 41 27  -  - 38 45  -
 17  -  2 23  - 53 32  - 38  - 12 55  -  - 41 28 51 44  1 25 26 33 24 21 50 36 19 13 20 47 37 59 29 54 40 18 16 31  - 42 58  -  7 60 45  - 27 52 43  - 35 56 34  8 10  -  5  -  4 49
 28  - 45 55  -  -  1 32 59  - 52 58 12 10 36 44  2 34 21 53  - 48 57 50 51 54  5 35  - 33 39 42  - 49  - 19  8  4  -  9 22 23 46  - 41 15 38 13 20 56 37 17  7 30 14 27  3 47 60 25
 54 60 42 31  3 37  8 49 45  5  - 12  1 19  - 15  7 32 13  - 56 27  6 43  - 17  -  2 39 10 14 46 36 34 41 38  - 21  4  -  - 57 50 25  - 20 26 55 18 16 52 48 59  - 23 11  - 22  - 30
 47 10  8 40 12 24 43 28  - 56  - 34 48 36  - 60 14 31 41 37 23  -  3  - 42 15 35 20 38  9 11 26  - 57 22  1  - 19 27 46  2  7 17 49 53  4 39  - 16 32 59 33 55 54  -  - 52 25 29 58
 55 15  - 24 41  3 37  6 20 34  - 60  - 12  5  1 36 25 26 52 42  -  7 17 23 29  9 16 47  - 43 13  -  - 39 40 14  -  - 27 33 53 31 10 49  2  - 46 11  - 45 54  - 58 19 35  8 18 59 56
  -  2 34 30 45  -  - 27  -  -  - 23 19 42 58 13 60  1 37  - 36 56 11  - 12 52 44  -  - 35  8  - 47 18  - 46  -  3 50 51 25 26 40 54  - 33 57 14 55 31  - 29 24  7  - 17  - 15  9  6
 24 49 46 25 21 43 57  7 56 35 29 32 10 23 27 26 31 12  8 59 19  1 48  5  - 20 36  3  - 34 38 39 30 33 55 44 52 40 11 15  -  - 60  - 17  -  9 41 14 58 18 13 37 47 42  - 50  6  - 51
  - 43 41  -  - 51  - 53 48 54 57 19  6 17  - 30  4 24 55 39 20  -  - 10 33 21 28 34  - 37 52  -  7 29  - 16 12 44  -  3 15  2  1  - 38 42  -  5 23  - 25 31 58 13 50 56  - 59 26 32
 23 37  6 22 58 50 18 54 40 51 55 46 17  - 60  5 12 59 19 32 13 42 21 14  -  -  -  - 48  - 28 27 45 25  -  3 56  2  8 44 41 39 11  - 34 36 20 29 47  -  - 26  9 53  -  7 30  -  - 24
 48 42 16 49  - 33 52  2  - 58 18 15 44  - 32  6 57 17  - 26 14 55  5 60 22  -  -  - 56 39 47 25 40 46  7 24 45 37  - 12 34  3 30  - 59 51  - 27 54 28 29 38  - 31 21  - 41  - 13 35
  - 45 57  - 39 35 16 58  -  - 22  - 34  - 29 50 40 52 60  9 31 46 59 24 19  -  - 49 43 27 26 38 18  6 32 54 21 28 51 25 48  - 55 37 14 30  7  1 53  3  8 10 11  - 36  -  4 23 47  -
 60 26 27 29 37 21 22 10 24 55 49 56 59 39 51  -  5 43 14 33  3  -  - 35 13 40 25 44 34  -  1  -  - 36 53 20  - 45  - 54 16 42 38 28 48 46 12  7 32 11 17  2 41  4 47 58  - 19  -  -
 31  8 24 10 53 12 19 36 43 41 50  7  - 15  - 38 52 57 28 20 18 26 30 55  - 60 22  9 37  2 49 17 48 45  5 29  - 58 21  -  - 59 33 32 56 34 35 42 40 51  -  -  6 16  4 46 47  - 14  -
  -  -  4  7 36 22 39  9  - 37 45 44  - 34 50 23  -  -  - 28  1  3 42 56 57 35 47 59 25 20 41 16 53 58 10 30 17 14  - 21  - 19 48 11 27 12  6 54 13  - 31 52 33 32 43 15  -  - 46 38
  2  3 11  - 44  1  - 34 54 33 59  - 52  - 24 10 38 30 51 15 50 12  8  7 39 28 26 23  -  5 53  - 31 13 60 21 37 36 57 19 43 18 45 48 47 29 42 16 17 40 58 41 46 14  9 32  6 35 56  4
 34 54 48 46  - 59 25 29 49 38 37 57 40 18  - 12 15 22  6  -  2  7 35  -  - 23 55 50  -  8  3  - 43  1  - 28 10 11 16 41 21  -  4 30  - 56 58 60  - 17  5 20 36 52 44 14 39  - 24 45
  -  7  - 57 47 30  - 43  6 48 16  - 46 14  -  3 58  - 17 40  -  - 54  - 37  - 52 10 45  - 36 21 50 26 25 60 34  8 28 13 53  -  - 42 51 24 23 18 38  - 27  - 31  5 11 29 35 32 41 12
  - 35  7  -  1 20 42 40  - 17 38 24 30 37 43  - 13 10  4 18 41 59  - 28 46 58 50 57 33 15  - 55  2  8  -  6  - 23 31 11 14  - 32 53  - 44 52 51 19 47 21 49 16 60 45  3  - 12 34  5
 57 31 29 12  -  6 26 42 36  - 35 59  5  - 18 24 19  - 52 21  - 34 33  1  - 41 20 51 60  4 10 40 15 44 28 53 58 30 22  - 17 13 49 46  8 23  - 47 50 37  - 39 25 11  3 38 48 54  -  7
 43 39 31 42  -  7 60  - 28 57 44 17 32 25  4  - 59 49 20 11 37  -  1  - 41  - 14 30 24  - 12  8 13  - 29 34 23 46 53 18  6 36  - 47  5 27 19 33 35 10 50 58 22 21 40 55 45 16 48 54
 26  - 25 56 32 48 27  4 53 13 36  -  - 46 16 54 29  - 40  - 38 17 41  -  8 19  - 37 50  1  9  - 20  - 14 11 33 47 55  - 35 44 59 45 18 58 30  3  5  6 51  - 52 24 34 57 15 39 28  -
 42 22 14 21 26  9 48  5 33 20  - 50 55 24  7 31 16 37  - 46 60  - 36 38 49 39  6 41 13 11 15 30 35 53 52  - 28  - 43  1 54  4 44 58 12  -  - 19 29 59 34  - 57  -  8 45 10  - 17 27
 27 56 22 51  - 34  2 26 31 45  - 13  -  7 33 47 41 58 48 54 59 25 50 20  -  5 37 55 14 60 16 15 19 32 17 42  1 29 49  6 23  -  9 40 30 57  - 36  8 46  - 24  -  -  - 10  -  -  - 28
 13 24 39 33  2 10 45 50 44  - 28 29 56 27  1 32 17  9 15 16  - 49 40 34 38 42 21 52  5  -  -  4  6 30  -  - 35  -  -  - 55 20 18 31 46  7 60 23 51 19 57  3 26  -  - 53 43  -  -  8
 30 28 49  - 51 57  5 19  - 29 15  2 35 31 40 21 42 55  - 50  -  -  - 59  - 16  4 39  - 38  6 14 24  -  - 27 26  - 17  - 13 47 37  -  -  3  8 25 33 22 20  7 53 12 60 23 32 45 52 18
  1 19  - 37  - 40 38  -  -  -  3 36 47 41 57 48 54 46 23  - 24 11 34  - 43 32 53  8 18 17  -  - 33  - 20 39 13 22  5 49 45  9 56 35  7 21  2 44  6 55 10  - 50  - 25 16 42  -  -  -
  9 20  5 13 23 29  6 60 15 44 26 30 31 43  - 46 34  8 11 38 48 40 51 12  1  - 59 17  2  7  - 52  - 19 36 49  3 53 14 32 42 33 47  - 55  -  4 35 22  - 54  - 18 56 24 25 16 41  - 10
 45  -  1 54  5 58 51  -  2 26  4 48 29  -  8 25  - 53 57 10 35 47  - 31  - 30  - 40 44 50 42  -  3  - 16 14  6  - 36 43 11 52 13 23  - 55 21 12 34  - 41  - 56 38 28 24 27  9 49 59
  - 41 26 59 24  - 33 21 14 32 58  - 39 30 55 42  - 15 50  - 28 31 20 46  - 10 38 29  -  6 25  -  4 37  -  2  -  - 56 45  - 40 22  5  -  9  -  - 49  - 36 11  1 51 53 48 23 27  - 57
 21 48  9  - 59 39  7  - 52  -  5 40 11  - 17 56 10 13  - 51  - 60 16 49 47 57 43 33 12 54 29 53 25 14  6 58 30  -  1 31  - 15 19 22  4  - 34  8 46 44 23 35 27 28 41 20  - 37 50  2
 25 36 35 60 34 52 14 15 21  - 32  9  - 55 39  - 48 42 56  - 11  6 47  4  - 26  7 27 19 51 13 28 23 31  1 59  - 41  3 37  -  -  8 38 57 10 22 53  - 54 16 45 44 17 20 50  - 46  5 33
 52  - 56 14 57  2 55 47 11 60 54  - 45  - 19  -  - 41 16 31  - 36 27 48 35 33  - 15 40 43 50 22  5  - 24  - 51  - 23  -  - 25 58  3 37 26 32 38  -  9 28 44 49 29 39  - 20 10  -  1
 50  -  -  -  - 26 15 37 29  - 17  4  - 54 28 53 20 36  - 13  - 18 49 51 10 59  3 32  - 58  -  - 42 24 57 55  -  7 46  8 30 31 52 14 19 41 16 56 45 34 12  - 43 39 35 21  9 11 40  -
 59 12  - 45 30 17  - 51  7 39 46  - 24 44 48  -  - 47 43  6  - 41 37  -  -  4  1 14 58 28 18 11 22 52 38  - 19 25 32 60  -  -  - 15 20 13 10 21 57 35  -  5 23 26  - 36 33 42 31 40
  7 17 36 48 10 47  -  - 60  4 20 41  -  - 35 40  -  2  -  - 45  5 32 18 11 24  -  6  - 31 55 33 52 56 26 12 53  -  9 29 39 58 16 34 23  - 49  - 59  8 15 46  - 57  -  -  - 44 38 50
 46 33 54 27  - 45  - 56 51 19 43 14 20 40  - 17 11 21 49  -  -  - 23 32  9 47 34 25 35 36  -  - 44  2 12 22  - 39 59 10  - 29  -  8 16  1 24  4 26  7 48 28 30 50  6 37  - 52  3 15
  5  - 53  - 11  4 10 30 32  7 21 49 15  -  - 59 56 14 46 23 17 16 43 36 55 50 57  -  -  - 35 47 51 27 58 31  9 13 18 20 60 24 34  1  - 38 28  6  -  - 33  -  -  - 12 44 40  2 39 41
 29  - 58 38  7  - 30 39  9 12  - 18 25 32 10 43 37  - 45 36 57 35  2 53 52 46 24  - 22 21  -  1 59 17  -  - 27 49 41  5 19  - 51 13 33  6 11 50 60 14 44 40  4  3 56 47 31 48 15 20
 53 55 50 32 22 13 21 57 25 36 51  - 49 45 54  7 24 56 31  -  -  - 10  - 16  1 23 12 59  -  -  3 14 28  -  - 47 42 58 39 38 35  2 17 11 18  - 40  - 41 46  8 60  - 33 26 29  -  - 37
  - 46 44  1 18 54  - 33 41 40 10  - 42  - 31 36 28 48  9  -  - 38  - 19 45  - 12  7  4  - 24  5 11 47 34 17 25 35 13 50  8 37 15 21  3 43  - 58  2  -  6 53  -  - 55 60 59 56  - 23
 22  1  -  -  9  5 11 14 16 52 34  -  - 51 42 27 55  -  7 49 46 54  4 47 32 45  - 58 21 41 44 10  - 23  3 56 24 60 26  - 57 38 28  6 15 31 59  2  - 48 30 18 19 40  -  - 37 50 43 29
 36 32 43  - 31 55  9 45  -  - 33 42 37 56 11 51 50  - 38  3  - 39 14  - 28  8 17 26 15  - 19 20  1  - 18  4 44 52 54 58 24 49  5 16  - 59 13  - 48 53 40 27 12  - 57 41 22 29 35  -
  -  - 28 58 17 36 24 12 46  2  - 22 13 52  6  4 45 50  -  -  5 21 19  3 15 37  -  - 54 18 20  - 41 60  -  - 38 27  - 56 40 10 42 57  - 35 31 30 39  - 53 23 32 34  7  - 51 49 33  -
 16 30  - 34 13 44 20  - 37 11 19 53 50 28 14 52 25 26  - 43  -  8 18  9 48  7 58 45 46 57  - 24 60 15  - 47 22 51 33 23  5 21 29  - 31 54  -  - 27 42  -  -  3  6 59  - 38 17 32  -
 37  4 40 28  - 32 58 17  -  -  9 21  -  -  3  8  - 23 59  -  - 45 15 33  6  -  2 22 41 30  5 36 16 38 54 52  7 34 47 57 27  - 39 12 44 60  - 10 56 20 11 55 35 42 26 13 18 14  -  -
 40 44 15 47  8 42 35 41  - 28 31  -  2  - 38 49 32  - 12  - 51 58 13  - 18  - 11  5 27  -  - 60 57  -  - 50  - 26  7 55 46 34 24  -  9  -  - 39 36  4  - 21 14 59  1 33 56 20 22 19
 18  6  - 19 54 49 36 11 50 16 40  -  4 58  -  -  -  3  2 42 30 28 25  - 26 22  - 56  7 23 48  -  -  - 15 41 31  9 38  - 29 14 21 43 24 37  1 20 12 39 13 47 10 45 32 51 57 60  8 46
  - 23 32 16 14 56 47  8 18 49 48 26 51  - 44 39 27 33  - 24 34  2 58 42 20 38 46 53 30  - 57  6 54  9 35 45 59  - 19 36  4  - 12  7 50 28 37  - 21 43 60 22  - 25 52 31 17 55 10 13
 49 51  -  - 19 38 13  3 12 14 23 33 36  8 45 37  -  4 53 34 40 44 17 30 58 31 42 47 57 22  - 35 56 39 27  -  - 54 20 48  1  5 10 24 52 50 18  - 41  - 43 60 29 15 16  9 46 21  2  -
 39  - 37  4 35 16  3 59 13  - 60  8  9 49 25 18  - 54 32 27  -  - 22 45 40  - 41 11 29 19  2  7  - 12 56 15 20 55 52 24 28 46  6 50  - 14 51 31 44 26 38 34 42  -  5  - 53 43 21 36
 56  - 19  3 55 28 40 18 10 24 53 47  - 60 13  - 23 20 44  8 33 15  - 27 14 48 54 21  - 26  -  - 37 50  2 35 29 17  - 16  9 30  - 59 42  5 36 57 52 25  1 32 38 49 31 34 11  -  6 39
 33 18  3 52 29  - 41 13  - 10  2  -  -  6 12 19  - 27  5  1  7 14 60 15 31 53 30  4  9 56 22 23 32 55 51 37  - 38 39 17 44 11 35  - 25 47  - 49 28  - 26 16 48 43 58  - 21 40 42 34
 14 11 18 43 20 60 29 35 47 53  6  - 27 48 52 41 30 51 39  5  - 50 46 22  -  3 40 31 42 55 59 58 26 10 21  - 49 57  2 38 37 45 36  4 28 32 15  9 24 33 19  1 17  -  - 12 44  8 25 16
