2880
 19 54 26 46  -  - 55  -  5  2  -  6  - 36 23 12  1  -  - 53 40 11  4  - 21 27 16 22 31  - 10 28 18  - 38 52 42 57 25 59 35 32  - 60  - 51  - 49  8 15 58  9 41 50 37  3 30 47 13 43
 32 17 29 51 26 46  5 41  -  - 56 10 14 23 40 52 20 37 54 21 49 59 11 34 50  3  8 45 39 57  4 48  -  - 42 31 28 24  9 38 18  -  -  - 53 19 27  2  6 25 13 33 12  - 60 16 15  -  1 35
 37  - 34  8 44 30 27  7 53 23 31 50 52 46 28  -  3 22 45  - 26  2 48 55 59 18  -  -  - 32 58 56  -  6  9  - 33 54 10 13 51  - 15  -  -  4 11 38 39 20 49  - 16 60 42  - 35 40  - 47
 17 15  - 36 14 47 32  - 33 53 10 18 25 51 35 37 56 45  - 34  - 19 49  - 42 24 59 55 43  - 31 22  - 28 58  -  - 39  - 30  4 46  5 11 52  7 16 12 26  2 38 54 44 40  8 13 60  6 41  9
 24 48 15 22 31  -  4  -  - 35  -  - 12 30 50 32 40 42  6 43 33  - 53 16  - 20  9 17  - 41 51  8  1 54  - 19 46 29 47  -  3  -  2  -  - 44 26 28 49 11 57 60 56 14 59 36 38  -  - 25
 33 58  - 28  9 51 11 34 31 44 29 27 15 20  -  8 23  - 42  3 45 40 17 37 18 52  -  -  -  5  1  2 14 59 36  6 21  - 32 55 57 54 26 19 12  - 41 10  - 24  7  - 47 22  -  -  - 30 38  -
  -  - 33  6  - 13 44  5 19 32 48 34 59  -  8  9 18 43 52  - 38 58 60 12 16 36 46 14 53 22 21 51 55 20 47  - 31 37 54 10 28  - 23 27 25 42 39  3  -  -  - 11  -  1  7 26 56 15 40 30
 48  - 38 17 45  5  -  -  -  -  - 57 36  4 53 58  7 27 59 26 41 20 19 24 34 56 44  - 21 11  2 52 35 13  3 37 47 31  1 39 43 50 40  - 42 28  8  - 22 46 10 30 32 23 15 18 55 25  -  -
  -  - 24 21 15 36 38  - 30 18 45 32  - 31 27 28 58  - 13 55 20  -  - 60  8 47 51  1 56 23 43 25 40 11 49 41  - 42 34 50  9  6 59 12 16 14 17  7  - 22 48 35 46  - 53  -  -  - 57 37
 30 21  9 27  -  - 25  3 16 52  4  5  -  - 13 53  - 31  - 38  -  -  7  - 54  - 56 49 46 12 19  -  8  -  - 42 26 51 23  - 47 39 17 33 29 40 28 35 59 14  - 44 43  - 48 45  6 32 18  -
 34  4  3 41 51 48  -  2  - 37 24 49 42 25 20 46  - 30 36 32 14 44 22  1 28  - 38 13 47 19  - 60 26 58  -  5  6 27  7 29 31 45 57 53 18 12 21 50 40 56 55 15 33 35  9 59  - 39  - 52
  -  - 37 45 10 23 33 39 40 26  -  - 16  - 49 30 42 47 55  -  9 13 24  - 25  7 17 29  -  -  5 57 41 21 34 44  8  - 19  - 56  -  3 32 46 31  - 18  -  4 27 52  - 38 51 50 11  - 43  1
 42  - 43 29 40 18 35 14 23  - 36 60 39 19  5  - 59  3 17  -  - 55 13 51  - 15  2 33 32  8  6  - 49 56 41  - 54 53  - 20  7 47 16  4  - 48  -  9  - 10 30  - 31 21 28 58  -  - 26  -
 35 26 21 59 34 37 53 57 55 47 52  3 11 10 44 38  -  8 39 50 18  - 45 42  7 22 58 31 60 25 30  -  - 32 23  -  - 13  5  6 29 33 46 28  2  9  4  - 17 36 14 40 48 16 54 56 49 41  - 15
  3 14  -  4 13  -  - 48 21 41  - 20 34  8 42  - 24 16  5 45 28  7 36 52 55 11 54  - 19  2 50 53  6 43 29 35 22 56 39  - 30 15 25 10 31 27 49 57 51 32 37 59  1  - 47 46 12 23 44 38
  - 38  -  2  4 52  - 59 34  - 54 30  9  - 46  7 51 60  - 22  1 10 35 45 27 58 12 18 20 39 13  - 24 36  - 55  5 40  -  3 26 17  6 25 19 11 50 42 48 31  - 32 57 53 56 41 21 43 29 33
 28 60 18  -  1 44 36 51  - 48 23 16 31  - 11 42  -  - 29  5  - 26 39 57 15 19 52 25  2 58 34 59 12 33  7  - 24  - 46 56 32 13 38  - 14 49  9  6 45 50 41 17 54 30 40 35 22  -  3  -
 46 56  1 60 53 57 31  4 37 30 13 11  - 44 21  3 45  -  9 17  7 47 15  -  - 34 18 12 16  -  - 58  -  8 24  - 29 20 59 51 22  - 41 39 32 36  - 43  5 27  - 50  6  -  -  - 40  - 33  -
  1  -  8 47 18 59 12 50  2 38 34 31  5 32 43 35 13 41 56  - 36 14 25  9 60  -  - 48  4 29 45  - 46 17 55 30  -  -  6 44 37 28 21  -  7 22 33 39 42 52 19  -  -  - 57 23 24  - 51 26
  - 23 16 37 35  1  7 33 13  -  3 15  4  5  -  6 55  - 21 44 24 42 28 53  -  - 43  - 27 34 29 45 39  -  8  -  9 58 41 48 36 38 19  - 22  - 51  -  2  - 46 57  - 54  - 32 10 12 31 49
  - 27 40 43  7 49  9 28 25  - 32 55  -  - 41 50 33 59 34 42 11 45  3  - 44  4 14 52  -  6 37 29  - 24 20 36  - 35 13 47 23  -  -  1 39 56  - 15 57 21 12 16 38  -  5 30  - 54 48 58
 20  -  5 38 50 24 52 46  -  4 14  - 19 43 22 25 47 11 40 41 30 48  - 18  3 42 57  - 15 26  -  - 16  -  - 10 27 17 44 35  6 21 55  - 34  2 31 32 29 45  1 13  9  -  -  - 59 60 28 23
 18 51  6 33 52  - 43 31 39  8  - 29  3 26 12  - 16 19 22 25  -  - 14 58  9 59 30 54  - 47 32 27 28  -  - 48 38  7  - 34  - 10 50 36 13  -  2 11 21 60 15 49 53 46 17 55 57 37 24 41
 49 12 10  9 17 42 28  - 54  - 21 56 33  6 31 44 37 40 18  -  -  -  -  - 30 41  5 34 22 35 16  - 15  - 53 39  7 48  - 45 60 14 43 57  - 55 52 51 20 58 24 36  -  8 29 25  4  -  -  2
 41 32  -  - 33 54 60 22 46 14  1 13 48 38 19 51  9 52  - 35 53 17 59 28 23  6  3  4  - 31  -  - 43 42  - 49  2  5 40 37 11  - 30  - 21 16 58 36 24 12  - 10 55 45  - 15 25 50 20 44
  7 10  - 23  - 15 56 43 58  3 47  1 57 49 29 11  -  6  4  2 50 31  9  8 53  -  - 41 25 33  -  -  - 16 45 24 44  - 17 26 48  - 12  5 35 59 34 14 37 42 54 22 28 19 36 60 52 55  - 46
  -  - 57 12 60  - 54 26  3 27  - 38 23 58  - 56 14 24 35 47 13 53  - 33 31  1 15 20  6 46  -  -  - 25 32 51 43  9  2 49 52 59  4 22 41 50 30 48 34 55  -  -  8 36  - 28 42  -  7 10
  -  8 20 11 38 33  - 37  - 12 19 52  - 50 26 22 60 55  2  9 35 51 43 36 10 13  - 15 42 44 40 18 59 14  5  3  - 41 56 24 54  7 32 47  -  - 45 21 16 30  -  - 34 49  - 17 58  4 27  -
 26  2 35  - 59 11 58  - 22  - 55 51 38 34  3 41  5 44 28 52  - 57 37 31 29 50  - 46  7 21 49 30 45  - 54 12 53 60 27 40 17  9  - 15 36 33 24  4 43 48 16  6 23 25  - 10 18  8 19  -
 54 36  - 25 42  7 37 32 28 49  2 24 41 29 16 13 10 14 26 27  3 15  - 21 40 43 53 60  - 17 11 19  -  -  4 45  1 22 38  5  8 57 18 34  -  -  -  - 52  - 35 47 30 56 58 44 33 48 50 20
 55 31  7 48 32  - 17  - 51  - 39 19 60  -  4 47 15  - 11 13 25 46 52 22 57 45 49  8 41  1 27 40 44 34 12 14 10  3 29 36 50  - 28  - 26  - 20  - 58 16  - 43  5  - 23 53  2 33 42  -
  - 50 28 49  2 39 10 45 48  -  -  9 40 37 60 27 12 15  - 33 59 21  5  -  - 32 31 44 57 20 25  - 58 19 16 53 11  -  - 52 42 35  - 18  - 54 13  - 36 23 26  3 24  7 14 43 29 17  6 56
 50 52 46  - 23 19  -  9  - 28 58  -  6 39  -  2 54 53 30  - 44 18  - 17 51 49 36 56 14 15  8  - 34 27 11 47 20 16 48 25 40 26 24 29  - 35  1 55  4  -  -  - 60 43  - 22  -  - 10  -
  -  9 50  - 58 53  2 52 59 16 11 41  - 14  - 15  8 25 23 49 57  -  - 48 17 38 35 27 37  7  3 46  - 60 43 40 51  6 42 21 12 24  - 26 54 10 44  - 30  5  4 45 18 31  1  -  -  - 39 13
 43 49 59  5 57 14 39  8  -  - 16  - 10  7 37 36 44 56 15 60 34  1 55 32  2 21 11 42 13 18 53  -  - 30  - 20 48  - 12  - 24 52 27  - 58  - 54 22 31  6 29 38 40 51  4  -  -  - 23 28
  6 18 11 52 22 41  -  - 47 42 50  7 24 33 14 54 35 51 16 36  4 49  - 15 48 60 32 19 38 30 23  9  5  1 56 27 39  8  - 46  - 34 10  3 20 53 57 45 55 43 59  -  - 44 13 31 26  -  2 17
 44 30 22 10  -  6 13 47  -  - 53 12  - 54 57 21 43  - 37 40  8  - 56 46  5 29 60  9 45 36 17 42 48 41 25 11 15  1  -  2 39  -  - 20 59 26  3  - 50 34 23 31 14 18 16 38 32 51 35 19
 14 28  - 53  8 17 15 12  - 13  6 33 20 57 55  1 36  - 49 10  5 39  - 27 58  2 45 40  - 48 18 26 11  - 52 38 35  -  - 31 34  -  - 37 24 21 19 54 60  - 25 23  3 47 43  -  - 22 46 59
  8 20 48 40 49 35 46 18 38  5 28 36 43 55 39  -  - 21 10  1 23 54 26  - 32 17 47  -  3 16  9  - 42 51  -  4 14 59 37 58 33 22 60 44  - 29  6 56  7 57 45 34 27 13 11 12  - 24  - 53
 57 44  - 32 24 40 47 56  6 59  -  4 46 52 48 19 38 58  1 12 39 29 20 54 11 30 13 35  - 10 42 31 33  - 22  2 50  - 26 43 55 18 51 14 45 15 53  - 23 17  5 27  7 34 41 37  3 16  9 21
  - 55  4 56  - 45 14 11 43 34  8 47 18  - 30  - 17  1 51 28 58  - 29  5  -  9 21  - 50 42 36  - 22 46 27 16 60  - 24  - 10  - 37  -  -  - 12 41 35 49 33  2 19 39  6 20 53  - 25  -
  - 42 55 30 41 38 45 27 44 11  9  - 50  - 54  -  - 32 46 56  2  4 18 13  1 37 22 21  -  -  -  -  7 57 35 29 59 10 43 28 15 48 47 24 23  - 25  -  - 26  6 53  -  - 12 40 51 49  -  -
 60  - 58 18  - 16 19 10 57  - 49 23 32  - 17 26  - 12 27 15 56 35  -  -  - 25 29  5 30 38 22  -  3  7  - 43 45  - 21 54 41 40  1 13  9 47  - 24 28  -  - 37  4 33  2 14 48 59 53 34
 16 25  2  1 37  - 21  - 20  6  - 22  8  - 15 55 31 57  - 59 47 33 34  - 43 51 42 32 23 56 48 49 13 50  - 54 36  4 60 41  - 44 45  -  3 17 38  - 12  9 11 29 26  5 19  - 14 28 52 40
 52  5 45  - 55 20 40 30 15  - 57 59 27 53 47 34  -  -  -  - 32 37 41  - 14 44 48  - 58 24 39  - 23  3  - 25  4 26  8 17  - 29 49  9  -  - 43 16 46  1 21 56  2 28 31  -  - 42 36 18
 56 43 54 19  3 55 41 24 52  - 18 39 22  -  -  -  -  7 33 51  -  -  - 30 20 53  -  -  - 28  - 37 31  4 60 58 25 49 45  - 44  - 14 42  - 38 59 40  - 47 32 48 17 57 26 29  8  2  5  6
 58 45  - 14 20 21  -  - 50  -  7  - 29 41 33  -  - 28  3  8 54 60  2  4 36 35 26 11 18 52 55 16 25  -  - 22 23 30  - 19  5  - 39 40  - 32 48 17 10 38  -  - 13  - 27  - 37  -  - 57
  - 41 32 58  - 27 59 44 45 22  5  -  2  3  1 48 26 38 47  - 42 36  - 23 35 16 28 51 49 50 57 43  - 37 15 18 40 34 55  9 53 11 20  8 30 46 14  - 25 54 31 12 39 17 33  -  - 19  - 29
 15  1 41 35 11 60 16 23 27 40 51 54 37  - 36 18 39  - 43 20  6 38 32  3  - 12 33 53 55 13  - 14  9 49 26 46  - 52 50 42 21 31 48 56  8 30  - 34 44  7  -  4 29  - 25 24 19 57 59 22
 51  - 42  7 46  8 30 54 29 15  - 48 45 11 32  4 34  5  -  - 43  - 57 44  6 40  1 28 17 49 26 20  - 18 39 50  -  - 52 33 38 37  - 59 60 24 36 25  - 41 53 58  -  3 10 47 23 21 56 16
 45 16  - 15 39 12  3  - 35 24 30 28 26 47  2 40 32  - 14 58 48  8  -  -  - 55 34  6  5 60 52 44 27  - 33 57 56 36  4 53  -  - 11  - 50  1 18 29  9  - 17 42 21 41 22 49 20 13 54  7
 12  -  -  - 29  2 42  1 11 17  - 26 44 13 59 20 28 10 60 46 37 23 21 56 38 57 19 50  - 54 14 47 52 55 40  7 34 18 16  4 49 30 58  -  -  - 35 53  3  8 36  5 22  - 32  6 39  -  - 24
 22 59 36 26 28 10 50 17 42  - 44 21 35  9 56  - 41 48 25  - 29 30 31  6 47 23 55  7 54  3 38  1 32 12 14  - 16 45 33 15  2 19  - 51 40 57  - 60 13 53 43 18 37 20 46 39  5 58 49 27
  -  - 47 42 21  3  6 25 26 43 38  -  7 45  - 23 11  9 50 48 17 16  -  - 33 54 39 30 24 40 12 41  4  -  1 59 49 32 20 27 46 53 31 35 37 34 29 19 56 44 51 28 15 58  -  - 13 36 14  8
  -  - 27 55  - 28 24  - 10 46 35  - 17  -  6 39 30 20 32 57 31 41 47  - 22  - 50 16 48 14 54 33 37 26 44  - 12 19  - 60 59 23 29 45 38  8  7 58 53 40 42  - 52  2 21  -  1  3  4  -
 29 34  - 16 36 26 23 49 32  - 22 42 21 12  7 14  - 18 38 30  -  5  -  -  - 39 41 37 51  9 46  6 47  2  - 56 17 50  3 57  - 43 52 58 27 25 15 13  - 35 40 55 20 11 24  - 31  - 60 48
  4  - 25 57 43 58 51  - 60  - 40 44 54 56 34 31  -  2  7 18 52 22 10 59 39 48 23 26 33  -  - 32 17  5 50  1  - 15 11 16 13  - 53 55  - 41 47 27 19  - 28  8  - 24 20 21  - 35 30 14
  - 24 12  3  6 50 57  -  - 21  -  8 49  -  - 43 27  -  -  4 46 32 16  - 19 28 10 36 29 37  - 38  2 52 51 60 13 14 31 23 25  -  7 30 56 45 22 33  1 39  9  - 59 55  - 11 17 53 58  5
 21 35 17 54  - 34  - 60 36 29 42 53  -  1  - 24 52 39 44  7 16 50  - 11 56 26 20  2 40 55  -  -  - 23 48  8  -  - 18  - 45 12  9 43 49 37 46 31 33 13 22 51 25  - 30 19  -  5 32  4
  9  - 14 31 30 43 48 40 24 36 33 35 13 15  - 10 53 34 58 29 60  3  - 26 52 46 25 38  -  4 56  5  - 47 19 21 37 11 57 12  -  -  8  7  - 39 23  1 41 28 20  - 45  6 49 42  - 44 17 51
