2880
 59 17 36 31 25  - 26  - 49 21 28 40 43  5 57 14 52 29 12 39  - 37  8 41 24 33 58 34 32 46  7 44  -  1 51  3 18 42  4 54 16 48 15 53  -  9  - 11 13 38  -  - 45  - 19  6 27 55 60 47
 39 57 59 54 50 17 15  - 27 46 49  7 55 12  - 47  2 28 60 40  - 33 24 21  -  3 29 11  -  -  - 35  -  8  - 32  - 48 44 41  5 30 22  -  9 36 14 26 20 16  - 38 10  -  -  - 56 42 23 25
  8 30 21 55  -  - 50 52 11 24  - 60 41 44 37 20  9 54  5 34 23 59 53 38 35 32  7 25 18  2 27 26 46  - 16 45  4 14 49  - 43 42 17 28 51 19 40  -  - 12 33  3  - 47  - 48 22 13 58 39
 29 39  4  - 51 21  2  -  -  - 23  -  -  9 33 49 53 38  1  -  -  5 12 26 34  - 47 59  - 52 32 48  - 24 27 43 10  - 19  7  - 28  - 37 30  - 57  - 18 60  3 41 14 16  - 45 25  - 56 36
 19 48  - 25  -  9 49  2  5 30 36 33  -  - 44 46  - 20  -  7 42 24  - 12  - 29  6  1 22 16  - 23 45 38  -  - 39 34 60  -  - 17  - 21 52 40 53 37 47 32 57 51  - 56 18  -  - 14 26  3
 40  -  -  - 20 13  3 31 58  - 27 14 12 55 19 41  -  6 51  9  - 32  2  1 23 11 37 18 30  8 28 47 49  -  -  5 17  - 29  - 59 36 10  7 34 53  - 39  - 35 60  4 42 15 52 33 50 26 38 43
  5 23 13 22  - 18  9  1 21 49 48  - 45 15 34 16 37  - 39 32 44 29  4  3 56 35 52 43 42  - 60 59  - 28 36 40  - 50  - 58 19 14 30  - 26 41  - 51 17 31 47 25 46 33 10 38 11 57  6  7
 44 22 17  2  - 53  1 36 13  - 50  -  6 59  - 43  - 32 57  3 37 25 30  - 55  9 27 40  - 28 38 49 42 31 41  - 35 12 58 14  8  5  - 19 33 51  - 24  -  - 52  - 60 18  -  4  - 11 15 20
  - 45 25 37 42 31 40 55 44 38  -  - 35  6 30 10 16  8  3  2 59 43 33  9 48  - 11 19 13  - 23 28 32 50 53  1 54  - 21 20 36 41 24 27  - 57 49  -  -  7 29  - 56 58  - 51 46 12 18 17
 54  -  -  - 21 33 52 44 17 51 45 42 40 30  -  -  8  - 13 27  - 41 50 28 25 26  - 48 37 34 12 58 55  - 49  - 38 39 56  - 20  1 35 57  -  -  9  6  - 29 24 18  4 31  - 23 36 46  3  -
 42 31 40 49  - 19  4  - 33 55  -  8  - 48 14 26 11 21 44 59  5  - 58  - 20  -  - 17 27 13  1 54  -  - 23  9  - 36 22 39 56 29 25 52 53 35 50 16 60 34 38  - 51  3 30  7 10 47 43 46
 56 44  -  - 43 36  8 58  9  - 19 17  - 51 40  - 39 37 49 24 10 14 34  4 16 41  1 52  - 26 22 55 13 23 28 60  -  7 20 27 45 54  3 12  - 33  5 47 21 25 50 59  - 38 48  - 15 35 31 18
 13  2  -  9 41 40 35  - 56 31 10  4  1  - 42 51 45 47 24 46 34  - 20 59 26 44  3 53  - 43 49 30 19  6  - 12  - 38  -  - 28  - 39 11 57 25  7 33 27  - 58 36 52 55 29 18  -  5 14 22
 48 18  - 51 34  - 13  7 15 23 11  - 46 10 39 57  5 24 42 12  6 47 44  - 40 17  8 28 55  1 29 38 37  -  -  - 22 30 45  -  - 20 19  - 58 49  - 60 16  4  9  -  - 41  3 14 43  - 35 50
 22  -  - 29 24 43 42 35 30 59 20 53 10 17 36  - 48 26 14 15  - 34 60 52 54 31 45 41  2  - 57 46  - 25  9 23  1 40 37 16  6 55 28  -  - 27 12  - 32  - 19 21 13 49 39 50  4  -  8  -
 45  - 39 43 53 11 17  8 23  4 34 24 28 31  -  - 57 33 47 52 19  - 27 30 21 13  - 10  - 12  2 14 51  -  - 42 37 58 32 48  9  -  7  1  3  6 15 20 59 26 35 16 25 44  - 29 40 22 54 60
 52 56 37 24 47 38 10 46  - 43 22 18 31 58 12 44  - 25 26 48 35  6 29 39 30 49 36 27  5  - 41 15 60 57 45 59  2  1 40 50 21  - 42 34 17  8 55  4  9 11  - 54  -  -  -  3 33 28  7 32
 53  6 18 34 31  4  -  - 42 19 33 27 26 25  -  2 35 51  - 36 40 50  3 24 41 30  -  - 29 14 21 45 57 43 59 58 46 60 52 15 38  -  - 20 44  1 22  - 23 47 37  7 12 39  -  8  - 48 55  -
 30 40 42  - 17 15 51  - 59 33 46 39 14  - 18  - 54 11  - 19 38 35 28  2 57  8 20 45  - 29 47  5 56 21 55 31 16 49  6 36 12  -  - 32 37  -  -  - 44 10  - 52 26  4 50  -  - 58 48 53
 18 11 15 17 60  5  - 27 24  - 30 56  2 23  -  6  7  9 31 41  1 13 42 46 19 22 10 57 54 35 40 32 38 16 39 55 36 53  - 37 29 44 33 48  -  -  - 52 49  -  8  -  - 28 51 20 12 25 21 14
  3 32 46 42 29 39 28 13 45 16 58 52  - 14  - 25  1 40 19 26  -  - 59  - 12 50 54  - 35 44  9 11  - 27 48  7  - 57 51 22  -  - 31 47 23  -  2 18 33  - 10  - 55  6 36  - 21 60 53 24
 51  -  - 39  - 57 54 19 46 40 37 35 33 42 22  4  -  - 29  8 49  7  -  -  -  -  9  6 58 48  -  - 43  - 52  - 47 56  1 60  - 11 12  - 16  -  - 53 24  - 45  -  - 13  2 26 17 32 28 34
 46 33  - 60 36  - 58 41 53 17 14  2 54  1 48  - 22  - 30 25 47 16 26  - 49  - 28 50  7  -  - 43  - 29 56 13  - 37 59 35 57  4 44 42 32  5  6  -  - 19 39 23 31 27 55 24 34 15  9 10
 47 19 50  -  3 29 45  - 57 44  -  - 34 18 58 30 38 15  2 22 48 55  9 27 14 40  - 24 17 37  5  1 52 13  - 54 56 23 43 49  - 33 26  -  8 11 36 31 41 51 21  - 16  - 28 10 20  7 59 35
  - 15  6 57 58 56  - 22  7 28  -  1  -  - 52 33 12 46 50 43 16  - 19 32  -  2  -  8 21 42 39 53 35  5 47 38 23  3 17  9  - 40 51 25 20 18 29 36 31 59 11  -  - 48 24 44 30 45  4 27
 26  - 29  7 14 30 34 15  - 53  1 47 49 38 27 12 10 45 18 35 31  8 23 60  -  - 21 42 25 19  4 51 16 59  - 33  3 46  5 17  -  - 55  2 54 52 43 58 37 48  - 11 40 36 20 28  -  6 50 41
 57 60 30  - 18 25 29 33  8 54 40 22 37  4 41  - 49  - 16  5 32  -  6  - 45  -  -  - 11  - 59  -  - 46 34 56  -  - 27 12  - 23  -  - 38 13  3  7 10 43 53  - 36  -  - 39 52  -  2 55
 50 21 27 18  - 48 30  - 47 10  9 37  - 34 46 11 25 36  - 45 26 40 43 55  3  -  -  - 24 22 33  - 15 17 57  6 20 54  7  - 23  -  - 49  - 58 31  2 19  - 41 12  8 59 14 52 13 38 44 42
  4  3 53 38 33 10  -  5 41  -  - 49 51 46 31 13  - 50  -  - 25 30 54 44  - 37  - 58 23 60 42  -  8  -  - 20 48  - 39 40  1 32 59 29 24  -  - 57 14 52 18  -  - 34 21 17  2  - 47 12
 35  - 16 36 55 42 46 49 43  - 54  - 11 13  6 45 56  3 28 33 17 21 57 10  - 18 40 60 38 23 58 29 39  -  8  4  7 26 50 52 27  9 32 59 15  - 51 44 12  -  5 34 19  -  -  - 41 37 30  -
 37  4 58 28 19 35 59 34 29  - 44 48  8 54  -  - 42 16  7 17  -  - 13  - 32 24 33 14 12 45  -  -  1  3 26 18 30 20 11  6 51 31 23 50  2 10  - 40  - 53  - 27 43 21 57 60  5 39 46 38
 23 47 41 46  6  - 32 20 19 36 18  9 57 35 54 40 34 60  - 51 27 11 52 37 39  - 53 12 28 55 26 33 25 10  - 48  -  5 13  - 30  -  - 17  1  7 45 50 43 21  -  8  -  - 31 16  - 24 49 56
 60  7 38  -  5 46 33  9 35 18 51 12 39  3  - 22 30 57 10  -  - 28 11  8 36  -  - 26 47 20  -  - 53 54 42 50  - 16  - 59 31  -  - 14  6  - 17 25 55 23 15 49  2 19 58 40 48  - 13 52
 38 50  - 11 52  - 55  -  2  - 60  5  - 43 20 36 24  - 15 28  - 26  7 23  -  4 48 13 53 33  - 37 14 18 12  - 45 25 34  - 47 58 49  6  - 46 27  9 22 42  - 31  -  - 44 32 39 29 57  8
 10 25  - 20 49 24 21 57 60 32  5 43 13 39 53 55 59  7 41  -  -  3 40  - 18  - 19 30 34  9 35 17 31 36  -  - 29 27 23 28 46 37  4 38 42 44 33 48 52  - 14 58 15  - 26 47 16 54 12  1
 12 53  2 33 23 51 48 39 31 52 59 26 42 49 11 58 28  1 32 21 41 27 55  - 13 34 38  9 20  5 56  8  4 35  - 29  -  6 14  3  - 24 57 36  7  - 18 30 25 22 40 44  - 17 54  - 45 16 37 15
  - 49 54 41 13 12  - 28 22  6 42 46 24 37  -  -  -  -  - 60 58  - 10 17 43 59  4 38 16  3 11 39 21 15 18  8 25 52 35 57  -  7  2 55  - 48 20  - 36  1 27 30 53  5 32 56 31 50 45  9
  9 52 20 27 59 47 22 18 28  - 43  - 16  - 23  3 60 55 56  4  - 42 32  6 33 38  - 37 51 54 10 19 40 11 13 17 53  8 48 21 58 46 45 26  - 12  1  -  2 50  - 15 35 57 25 34  - 44 41 30
  -  -  9 52  1  - 19 16  3 39 55 23 21 56 49 35 18  2 20 13 12 45 38 14  - 15 24  5 50 53  -  6 11  -  4 46 58 43  - 32  - 60  -  - 48 34 42 41 40  - 17 26 54  8  -  -  7 30  - 33
  7 20 26  3 46 55  6 14 34 15  - 44 47 50  - 42 21 59 33 16  - 23 37 13 31 53  -  - 49 58 19 24 12  9 60 25 40 11  2 51  4 43  -  8 45 38  - 22  5 17 36  1  - 30  - 27  - 52 32 29
 14 26 45 56 30 49 60 24 16  9 39 54 17 22  8 34  4 19  - 53  - 15  - 50 11 28  5 35 31  7  3 21  6 40  2 36  - 29 47 18 10 12  1 58 25 55 37  - 48 57  - 20 44 32 46 42 51 33  - 23
 17  - 24 10  -  -  - 60  4  - 57 19 56  - 21 27 46 23 11 44 15 39 18  -  6 58 32 47 14 40  8  9 30 53 33 26  -  - 12 25 42 51 38 31  - 50 48 55  - 37  7 28 20  - 59 43 29 34  1 54
 49 54  - 45  -  - 18  - 38  8 32 57 36 60 17  5 26  -  - 11 51  - 56 25 15 14 13 23 46 39 55 12 29  - 44 41 31  -  3  -  2 19 37 40 27 43  4 35  7  9  - 42 33 52 22 30 47 20  -  -
  6  5  7  - 32  1  - 29 36 13 24 55 60 11  - 15 58 27 34 56 52 49  - 45 47 12 17 20  9  - 46 22 26  4 43 37 51 41  8 10  -  - 53 39 18 30 21  -  - 44  - 33  - 14 35  2 38  3 16 28
 25 29 47  1  7 22 24 51 40  - 15 13 30 33 45 50  3 17 59  - 60 12  - 56 44 55  - 31  -  - 14  - 10 32  - 28  -  4  - 43  - 57  - 54 46 42 52 49  -  8  -  - 18 26 11 41 23 19 27 21
 36 59  3 13 57 27 53 12 50 42 38  -  4 40  9 24 33  - 48  6  8  2 49  - 52 20 22 39  1 21 34 18 28 14 15 16 60 45  - 30  7 10  - 51 35 23 41 19 29 58  - 55 32 37 56 11 44 17 25  5
 43 37 19 16 35 60 23 45  6  - 53 58  - 47  4  - 13 12 52 10 50 38 21 18 51 46 56 36 44 24 48  -  - 42 31 14 33 59  - 26 39 25 41  - 28 22 30 15 34 20 54 17  9 29 49  5  -  - 11 57
 16 58 52  8 22 59 44 54 12 60 56 29  5 28  - 18 20 39 45 49  -  9 14 47  - 42 15  4 57 11 50 27  2 51 32 24 55 31 26 13  -  6 36  - 19 37 35 38 46 40 25  -  3  7 34 21  -  - 33  -
  - 43 12 35  -  - 39 32 14 57 17 28 53  7 50 29 15 52 36 58 11  - 47 48 10 23 34 16  -  4  6 13 27 20 54 30 49 44 55 24  -  3 18  9 59  -  8 56 26  - 51 60  - 22  5 46  - 21 42  -
 20  -  -  - 40 50 41 56 18  1  - 25 44 53 10 28 32  - 35  - 36  -  - 19  8  5 51 55 15 38 24  - 54 60  6  2  -  -  9  - 37 27 47 13 39  4 23 29  - 49 59  - 17 43 16  -  -  - 34 58
 24 46 31  - 10  6 56  - 20 48  4 30 19 52 16 38 47 18 17  1  - 51  -  7 42 36 25 29 60 41 45  2  9  - 22 15 34 32 53  -  -  - 14 35 21  3 13 28  - 54  - 37 11  -  - 49 55 59 40 44
 33 28  5 53  8  - 43  3 54  7  - 11 15  - 35 59 23 56 58 29 22  1 41  -  - 27 16 44  - 30 51 42 36  - 20  - 21 18 24  4 26 49 48 45 47 32 34 13  -  -  2 19 37 46  - 31 60 40 10  6
  - 14 43 21 56 32  5  6  -  -  -  -  - 16  - 37 17  - 55 38 24 22 45 42 58 52 60  2 26  - 44 50 34  - 25 53 13 33 28 23  - 47  -  4 49  -  -  1 57 27 12 39 30 10 41 15  8  - 36 40
  - 27 44 15  -  -  - 26  -  - 52 41 18  8 24 19 14 22 21 20  - 48 35 33  - 39 57 54  3 32 36 31  - 56 58 49 50 28 30  - 11  -  - 10 40 60 38 59  4 55 34 45 23  -  7 53 42  -  5 16
 27 35  1  6 38  2  -  4 39 12 21  - 23  - 59 53  - 48 25 30 29 46 16 57  - 19 18 32 33 31 15 40 41 52 14 10  8 24  - 34  - 26 58  5 36 20 44 54  3 45 49 47 50 51 43 13 28  9 22 11
 32 51  8 23  -  7 38 43 10 47 25 34  9 27 28 48 19  - 37 55 56  4 39 58  - 21 41 15 45 57 31 52 44  -  3 11  5 17 16  - 54  2 60 33  - 14 26 12 42 18 46 50  1 40  6 35 24 36  - 59
 55 12 57 48  - 23 16  -  - 14  8 21 27 20  - 60  6 10 22 31  7 54  - 49 29 43 26  - 41 18 52  3 33 47  5 51 59  9  - 44 50 13 11 46  4 28 24  - 58 15 30 32  - 42  - 36 53 56 17 37
 21  1 33  5 12 41 14  - 26 58  - 50 20 57 43 54 27 53  -  -  9 18 51 16  -  - 42  - 59  - 30  -  3 44  - 35  - 47 46 45 13 34  -  -  -  - 32  - 11 28 23 29 39 60  - 37  6  4 52 31
 28 42  - 32  - 16  - 21  -  - 47 10 58  - 60 52 41 34  4 37  2 20 46 29  9 48 14 33  - 51 54 57 59 55 30 27 26  - 18 53 22 45 56 43 50 17 25  - 38 36 44  -  6  1 13  - 35 49  - 19
 15 38 35 14 44 26  -  - 52 11 12  -  7 21  3 23 50 30  - 57 33 17 31 40 37 47 46 49 19 36  - 56  - 22  -  - 32 55  -  2 34 39  8 41 10 29 16 42 53 13 43  6  - 45 27 59  - 51 20 48
