2880
 23 10 44 24  - 12 43 27 26 14  - 13 55 16 29 48 20  -  4 56 28 51 17 18 22  - 53 52  7 45 59 35 46 57 34  - 42 31  - 47 58  2 21  8  -  -  - 19 49  6 30  - 32  9 36 33  -  - 54 11
 26  -  -  -  - 13 35 19 24 25 42  - 45  - 34 11 46 43 41 33  8 58 47  4  -  1  7 57 40  - 16 20  - 53  - 38 32 27  -  -  6 44 23 12 37  - 18 56 39  - 21 29  5 14 48 54  -  - 31 10
 21 20 42 12 51 22 28 25 13 37  - 27 36 10  8  -  - 52 55  -  5 38 50 23  6 59 35  - 30 24 44 29 58 46 18 47  - 34 31 11  -  1 41 32 15 45 57  -  -  - 56 14  7 54  -  -  - 19 16 49
 45 41  - 52 54 60  - 26 36 34 25  -  - 40 10 43  -  6  - 22 49 21 23 27 46 11 37 44 50  - 29  -  8 14 55 42  1 32 51 15  - 28 24  3 39  - 48 53 12 17  5 47  - 59 20  -  4 16 30 35
 16  - 27 57  1 36  - 37 21 26 32  8 52 38  - 53 50 18 11  -  9 40 25  - 58 35 47 15  6  4  -  3  - 22 24  2 56  -  - 12 34  5 30 43 20 49 14 17 54  - 41  7 23 10  -  - 28 44 55 59
 19 46 29 17 42 53 55 14  - 39 15 45 10  - 56 21 28  1 26 12 16  8 24 30  4  - 40 60 48  7 36  5  - 47 52 11 49 57 50 51 20  - 37  9  - 18 59  - 44 54  -  2  - 31 33  6  - 23 38 13
 59  9  - 28  8 23  - 24  -  2 36 20 56 48 27 41  -  - 25 21 54  3 35 57  - 52 29 46  -  6 10 31 18 17 33 39 55 16  4 44 38 49  - 37 58  - 51 13 30 19 11  1 53 42 43 47 15 45 22  7
 41 38 24  -  - 56 40 22  5  - 29  -  6 28 23  - 42 12  8  - 44 35 43 55  1  4 16  - 19 50 33 17 34 51 32 10 39 18  - 59 13 27  - 25  3 53 31 54  7 37  2 26 36  - 30 60 49 46 52 45
 43 40 15  9  - 39 18  3  - 19 51 28 14 26  4 54  - 13  - 32  - 17 48  - 55 36  - 38  - 42 41 47 25 37  - 46 53 56 35 10  7 23 50 58 45 24  5 34  6  - 33 30 12 49  - 57 20  1  2  -
 27 29 11  - 55 57 42  - 56 12 38  1  - 36 22  -  - 50 21 34 15  - 40 33 28  9 19  - 16 49  - 45  - 32  2 18  -  - 60 30 44  4 46 53 14 48 23 31  - 58 24 54 10 17 39 26 25 35  7 47
 38 60 49 33 35 43  -  8 22 31  - 39 21 47 54 45  3 10  - 44 11 50  - 15  5 29  - 36 58 13 37 26 14 55  - 28 41 23  - 20  1 12 59  - 57 52 40 25 27 32  7  6 51  2 17 42 34 53 18 19
 49 26 53 37 20 28  9 40 17 33 56  - 18 29 21 36 24  - 10 48 30 12  3  - 23 19  1 13 11 43 38  2 51 42 22  6  - 44 47 25 14 45  5  4 32 41 52 39 57 46 27  - 35  7  8 31 50 15 34 55
 28 44  5  - 38 25 22  - 12 43 35 16  - 41 58 23  - 37 50  - 13 54  2 31 53 56 21 24 14  -  1  - 39  8 57 30 11 60 42  - 10 46 26 29 17 19  -  3 40 20 55  -  - 48  - 27 47 33  9  -
 32 55 20 58 60 29 23  -  6 52 31  -  7 45 50  1  - 21 35 26 48 14 13 46 39 17 36 47 15 53 51  - 41  -  9 19  - 25  - 16  3 57 28  - 42  4  - 11  2 12 40  -  -  - 49 22 10  - 33 56
 60  - 50  8  9 14  - 48 30 17  - 42 47 44 53 28 26 45 16 36 59  - 38 10 32 41 33  - 12 52  4 54  - 23  5 43 18  2 11 24  -  - 51 31 22 46 34 37 19  7 20  3 13 39  6 56  - 57 40 27
 42 16 45 41  - 19  8  6 31 24 17 58  - 33  - 59  - 60 47 30  1  - 11 14  7 55  -  4 54 22 39  -  - 56 38 35  5 49 34 43  - 20 10 26 44 27 21 52 51  - 15 18 50 29 23 25 53  - 32 46
  - 28  - 39 56 33 53 45  3  -  - 49  2  - 51 47 22 17  -  1 31 23 12 44  - 30 48  - 52  5 46 24 57  -  - 55 58 54 59 37 50  9 34  6 41  -  7 43  -  -  8 38 14  -  - 19  - 13  - 16
  -  -  - 11 59 41 37 50  -  5 58 22 24  -  -  - 12 51 20  -  - 29  -  -  - 57  -  -  1  9 14  4 27 38  6 21  - 47 17 31 46 16 48 36 43 55 44 28  -  8  - 52  -  3  - 40 33 56 10  -
  8  5  - 51 34 44 25 23 35  - 20  6 38 49 11 42 48 26  1  - 39 10  7  - 29 47 27 53 43 57 32 41  -  - 17 14  - 40 56  -  -  - 15 59 19 13 30 36 52 31 46  4 28 33 54 37 60 22  -  3
 57 12 30 42 53 50  - 52  - 60 16 31 19  - 47 26 15 48  6 54  -  - 34 56 20 13 49 14 55  -  3  - 11  - 10 36 17  1  8  4  2 32 27 39 35  -  -  5 45 38 59 25 33 22 51 43  - 37 28  -
  4 33 54 19 57 52 44  7 40 35 49 23 46  - 36 13 17 11  3 18 20 24  9  - 10 16  - 34 28 26  6 53  - 30  - 29 14 50 38  -  -  - 45 48 60  - 37  - 15 27 22 55  - 12 59  8 58 21  1  -
 33 31 13  6 46 11 36 57  - 32  - 53  -  - 24 56 16  - 48 19 45 60  - 22  3  -  4 50  9 20 40  - 12  - 23 25 44 29  - 39 41 38 18 49 34 30 35  - 55  2 58 10 21  1 37 51 59 47  - 26
  - 18 55 20 13 32 19 35 23  - 24 10 28 14  3  2  - 47 33 42 17 27 45 40 26 58 59 51 21 15 50 25  5  - 43 16 48 22 57  - 54  - 31  7 11 44 49  9  - 53 39 60  6 37  - 34 38 12 41 30
 12  8  - 30  -  - 38 53 32  9 55 17  -  -  1  - 19  4 37 46 42 43 56 34 14 39 51  -  5  2 57 22 47  3 16 52 10  - 48  6  -  7  - 44 40 20 15  -  - 49 29 21  - 60  - 45  -  - 26  -
  2  -  - 38 18 37 15 55  - 41  - 43 33 39 16  4  - 54 53  - 19 32 22  - 35 20 31 10 27 48  9 60  - 49  7 17 45 11 44  5 36 21  1  - 29 58 24 47 25 14 26  8  - 23  - 12 56  -  3 28
 44 43 56 55  - 58 11 33 25 49  - 21  - 27 35  - 18 28 29  2 26 57 54 19 52  -  3  - 34 36 47  9 16  -  -  8 23  5 39 46 12 59 42 40  7 37  6 51 14 24 38 41 48  - 60  4 13  - 50  1
  -  - 22 21 36 42 24 12  9 16  1 44 27 32 40  - 33 46 31 37 38 53 59 43  2  - 60 29 18 11  7  8  4 45 13 48 52 10 14 26 19  -  - 54 30 57  - 55  5  - 34  -  - 51 25  3  - 41  - 17
 40 35 59 25  3  - 58  - 48 27  - 29 60 43 28 18 51 53  - 31 10  - 19 45  - 54 24  8 32 21  - 46 49  2 50  -  - 55 22  1 37 36 33  - 23 34 26 38  4 57  -  9 42 56 47  7  -  - 15 14
  -  -  - 31 44  1  7 17 18 21  2 32 29 42  - 34 43 22 30 59 58  - 20 26 12  - 15 11  - 28  - 38 54 25 60 51  -  6 24 48 56 41  -  -  - 35 16  - 23 33  3 50 27 13  5  9 55 52 45  8
  -  -  - 22 27 46 60 38 43 20 34 37 35  1 55 25  6  - 58  9  - 19  4 49 50 45 54  -  - 12 56 33  -  - 30  - 31 28  -  7 24 26 11  - 13  3 10  -  - 36  -  - 59 16 57 29 48 39 23 15
 30 25 51 47 33 31  - 54 16 40 13 52  - 15 18  6  -  9  - 24 14 42  - 39 37  - 32  7 44 10 60 55  - 26 41 34  2  4 58  - 22  8 57 21  5 28 53 50 36 45 12  -  1 38 56 59  -  3 20 29
  3 34 37  - 28 20 56 51 19 38 40 35 50 60  - 32 57  -  2  - 12  6  1  - 11 21  - 16 53  - 43 14 22 33  4 41  7 30 25  - 29 52  8 13 48  - 17 27 31 10 47 46 55 36  -  5 54 49 39  -
 47  - 38 44  - 45  2 58  - 18 19 50 12  9 46 15  7  8  - 57 56 30  - 37 40 14  - 35 13 33 49  - 20 52 48  1  4 36  - 42 11  6 16  - 25 60 22 23 28  3  -  - 54  5 10 39 27 51 59 53
  - 57 18 46  7 30 26  -  - 55 37 25 34 51  -  -  5  3  -  - 35 11  -  - 19 48 43  9 29 47  -  - 56 15  - 49  - 58  -  8  - 17 36 28 59  1 60  -  - 13  -  -  -  - 22 44 12 38  -  -
 14 37 46  - 45  6 47  4 42 22 23 48 41 57  -  5 35 34 54  8  - 20 15  - 51  2 28  - 39 29 19  -  -  1 59  - 30 38 40 32 53 60  7 11 55  - 56  - 16 21 52 33 31 27 24 13 36 43 58 25
 35  - 19 40 21  7 45  1 55 10 50  -  -  6  -  8 47 41  - 39 52 22  5 25 57  - 14 54 49 59 17 23 38  - 31 15 60 51 20  3 26 34  4 46 56  -  9  - 37 44  - 12 30 53  - 36  - 11 43 48
 25  - 14 35 12 21  6 36  1  -  - 15 51 59  5  -  4  - 17 55  - 18  - 47 31  3 10  -  - 40  - 50 13  -  -  -  9  -  - 58 60  - 19 33  8  - 54  - 20 29 48 23 16  - 26  - 11 24  - 39
 34 13 48 10 24  9  3 46 53 11  -  - 39 30 42 16 54 49  7 47 32  5 33 36 38 22 25 20 60 27 45 19 29 21 37 31 50  - 52 28  - 14 12  2 18  8 58 40 43  - 23 57 17  6 55 35 51  4  - 41
  -  -  -  - 41  - 12 60 29 46  3  7 32 56 38 30 55 42 45 25 47 33 58 13 27 37 22 21 31  -  -  - 44  6 11 54 28  - 43 17 52 35 14 51 50  - 39  -  9 34 53 24 18 57 15  -  5 59  -  2
  - 21 41  - 48 54  5 15  4  3 59 60  - 24  6 12 56 29 52 53 55 46 30 58  -  - 39  -  2  8 27 37 31  - 36 23 47  - 13  9 25  -  - 35 33 11 43  7  -  1 49 28 26  - 34 17 42  - 57  -
 52 32  9 29  6 15 34 18  7 56 39 55  -  8 37  - 53  2 27  - 36 28 41  3 25 38  5 17 26  - 35 11 59 58 51  -  -  - 45 50 40 43 22 47  4 54 12 49 10 48 44 31 46  - 14 16  - 42 19 33
  - 22 33 53 14 34 51  - 39 29 48  5 40 37 15  - 49 56 36  -  - 16 27  - 17 25 44  - 46  -  - 12  6 13 54  -  - 52 10  - 18 11 60 50  2  -  4  1  - 23 19 42 43 26 35 20 21  8 47 24
 51 11 10  3  - 48  - 47 58 44  -  -  - 19 57  7  9 20 13 29 41 45 16  2 59 26  -  - 33  - 25 43  - 28  - 22 40 53 54 35 39 37 49 14  - 23 50  - 24 15  6  -  4 52  1 30  - 32 21  5
 15 36 17 32 47 27 29 10 41 30 28 59 22 11  -  - 60 31 12  5 43 52  -  1 54  7 34 48  3 14  -  6  - 39 35 13 20 21 33 23  9 51 40 55  - 42 45 44 50 18  -  -  - 58 19 24  8 25  -  4
 31  - 43  -  - 17 41 39  - 54  6  4 49 53 12 10 45 33  - 40 60  7 57 16 56 23  9  - 59 32  5 51 42 50 47  - 13 24 27  2 28 55 25 18  - 14 38  8 35  - 36 20  - 19  - 21  1 29 46 22
 37 23 32  - 17 59 57  - 11  7 46 30 13 54 45 52 58  5 38 10 25  -  -  8 60 18 55 28 22  - 31 39 35 24  -  -  - 26  3 19 21 47  - 34  9 33  2  -  - 40  1 43 29  4 50 48 41  - 27 12
  -  3 26 16 23 38  - 28  8 57 11  -  9 21 30 35 44 36  5 13 18  -  - 24  - 27  2 12  - 39  - 49  - 19  - 56 59 20 55 34  - 25 53 22 31 51  - 15 46  4 17  - 41 40 45 50 32  7 37 43
 11  1 28 18 22 49 31 29  - 36  9 51  5 34  7 40 37 19 32 16  4  2 10  -  - 60 52 45  8  3 53 13 30 48 12 44  - 43  6 54 59 24 20 57 27 26 33 21 58 50  -  -  - 46 42 23 39 14 56  -
 18 54 39 45 40  - 30 32 14 51 22 36 44  5 60 33 10 15  - 27 29  - 49  6  - 31  - 56 47 46 11  -  2 43  8  3 57 12  9 38 35 53  - 41 16 59 55 42  -  - 13  -  -  - 28 52  7 50  4 34
 53  - 52  - 10  -  - 43 20  6  -  3  - 17 39 58 38  - 60 41  -  - 46 54 47 15  8 23 42 51 18 34 26  9  1  5  -  - 21 55 49 40 13 19 12 31 11 32  -  -  - 56 24 35 16 14 30 48 36 50
  5 45  8  - 26 51 14 11 10 15 33  2 57 23 25  3 40 32 28  - 22 44 52 21 48 50 30 37 20 19 42 56  - 35  -  4 24  7 53  - 27 13 54 16 46 36 41 59 17  - 60 39 38 47  - 58 29  -  6  -
  - 50  7 54 29 10 48  - 45  4 44  - 53 13 43 24  - 14 59 35  - 56 55 11 41 46  6 33 37 34 58  - 40  -  - 12 25 19 36 52  8  - 38 30  1 15  - 16 26  9 32 49 57 18 27  -  3 17 60 20
 17 39  1 48 30 18 10 56 49 53 60 40 16 46  -  9 14 23 44  -  7  -  - 32 45 24 41  - 51 38 54 36 28 27 19 20 37 13 29 22 31 58  - 15 26  5 42 35 21  - 43 34 11 50  3  -  6 55 12 57
  - 59 16 50 58  -  - 44 34 48  - 38 20  4 26 19 13  - 40 45  - 49 39 41 18 12 46  5 23  -  -  - 60 29 14  7  8  -  1  - 55 31 17 56 10  9 27 24  - 11 28 51 15  - 52 53  2  6 42  -
 36  - 31  7 25 16  - 59 57 13 10 46  -  2 52 27 39 38 14 23  6 55  - 42 24  -  -  1 41 60 30 48  9 54  - 40 21  - 15 18 32  3  -  - 28 56  - 26  8 43 35 44 22 45  - 11 17  -  5 51
 13  - 47 14 32  3 20 41 37  -  -  - 30  - 31 44  - 59 24 50 33  -  8  5  - 28 57 19 45 25 15  1 23 36 56 26 27  9  -  - 48 42 39  - 21  2 29  6 60 55  - 17 49 34  - 38 22 58  - 54
 20 14  4  -  5  - 27  2 59 23  - 47 58 12  -  -  - 25 34 43  - 41 32 50 16 53 42  - 57  1  - 10 17 31 40 60 36  8  - 29 30 19 56 24 51  6 28 45 33 39  - 15  - 21 44 46 18  - 11 38
  6 27  3 15  2  5  1 34 50 28 26 54 17 58 49 31  - 16 19  4  - 13 53 12  9  8 56  - 35 18 24 42  -  - 21 57 33  - 41 40 43 39 32 10 38  7 47 30 48 51 14 59 60 11 29  - 44 20  -  -
 55 19 12 59 37  - 46 30  - 47 41 14  - 35 20 49 36 39 56 11 27  9 42 48 21  5 50  6 17 16 34 40 52 18 58 33 54  3  - 13 51 29 43 60 53 22 25  2  1 28 31 45  8 24 38 15 57 26 44 32
  - 53  6 23 19  2 17 49 27 59 14 56 48 31 44 51 29  7 15  - 24  -  - 35 13 10 58  -  4  - 22  - 43 41 46  -  -  - 28 36 33 50 47 42  - 39  1  - 18 26 45  -  9  - 21 55 37 30 25  -
