2880
  - 16 47 21 44 50  4 59 51  9 26 29 15 30  8  7 18 32 40 13 37  - 41  - 33 28  - 36 25 22  5  - 23 56  - 19  2 46  - 27 48 11  - 43  - 17 53 54 45 10 60 52 24  -  6  1 12 42 57  -
  - 15 35 50 59  3 60  5 41 27  1  -  4  6 11 37 29 23 31 40 47 56  2 45 14 52  - 20 54 12  - 18 26 55 57 28 43 24 33 49 39  - 51 48 17 13 10 38 42 46  8  - 22  - 44 16 32 53 21 25
 41 48  -  - 18 54 40 28 35 50 31 30 16 38 33  -  5 51 46 53 34 13  8 39 60 44 29 58  7  3 42  - 57  -  - 14 32  -  -  - 22 12 20  4  2 45 15 23 24 11 43 10  -  -  1  9 56 26  - 47
 53 20  8 54  - 29 37  - 16 34 23 32  - 11 58 50  -  - 15 51 41  -  - 48 21 49  - 47  4  6  2 57 27  -  - 35 33 14 30  3 45 46 17  - 10 22  9  7 12 28  - 26 56 25  5  -  - 60 40 59
 10 21 34 56  -  - 35  -  2 11 54 13 23 47  3 48 20 12 27  -  7  -  4 41 40 58 46 30 29  5 55 31  - 59 39  - 28  6  8  -  9  - 18 37  - 43  -  - 19 36  1 17  - 16 24 49 44 51 50 52
 56  - 11  4 30 52 51 40  5  1 19  - 29 15 25 53  - 16 50 44  - 18 28  - 27 57 21 59  - 31  7  - 14  3 54  - 48  - 41 58 43 22  9 23 35 37 42 12  -  - 20  - 46  - 60  - 49 47 38 24
  - 49 58 52 10  -  - 48 11 22 17  3 31 51 28 42 46 43 38  1 12 15 21  - 26 16 34 32 20  7 39 60  4 14  - 45 35  - 37 13 56 59  6  -  - 19 27  8  -  9 18  - 40 30 29 53  2 41 54 50
 32  9  5 39 42 58  - 27  - 19  - 38 21 36 18 52  2  7 43  - 49 12 44 23 17 30 25 51  -  1 20 26 34 53  - 60  - 37  3 33 41 35 22  - 48 55  - 45 56 47  - 28 29  -  -  - 14 57  4 13
  2 43 16  -  -  - 14 37 25 56 34  - 30 49 60 55  7 31 28  -  1 41  5 29 48 15 52 21 11 39 38  3 20  - 33  - 12 51  4 54 10 45 40 46  8 26 35 44 57 19  -  6 53 18 42 47 13 27 32 36
 52  -  2 51 15 17 23  - 12  -  -  -  7  8 19  - 47  - 58  - 38  1 50 20  -  -  -  - 60 29  3 28  - 30 46  - 44 49 27 14  - 33 37 26 34 32  - 56 41 18 25 22  6 43  - 39 42 13 11 55
 60 57  -  - 28 49 38 30 46  4  -  -  - 42 45 32  - 14 17 22 20 58 24 26 23 21 39  7  - 59  1 50 47 16 27 11 25 10  5  -  - 18 43 44 36 31 40  - 35 48 13 34  3 33  -  6 41 55  9 54
 35 27 41 18 21  -  6  3 47 38  -  - 20 52 14 15 53 46 44 26 39 40 25 11 58 45  7 37 28  -  - 23 12 22 16 55 10  9  - 42 59  1  4 36  - 34 33 17 30 50 19 54 13 29 32 31 60  8 51  -
 48 29  4  8 36 41 42 34 52 58 22  - 28 24 23  3 54 17 19  - 57  - 31 50  -  - 20 56  - 21 25  9 18  -  -  - 40  7 35 39  - 43 46 32  -  -  2 51 49 53  - 27 30 10 13 33 15  1 14 16
 45 23  1 35 57  -  8 25 60 40 58 20 17 12 30 19  3 44 41 50 56  - 51 13 38 22 32  5 31 43 28  -  -  - 15 10 59  -  9 37 14  - 52  -  7  6  - 27  - 24  2 47  - 53  - 54 34 49  -  -
 44 18 56  5 58 46 55 54 28 51 50 31 49  - 12  - 15  -  - 14 23  9 27 36 20  - 45 34 16  -  -  - 25  -  - 52 21  4 29 19 57 13  - 60 22  3 30 47  8  -  - 32 26  2  -  - 33 40  6 53
  - 42 59  -  - 20 41 18  9 37 12  - 33 22 43 31 26 56 53 49 35  7 39 30  - 32  1 28 19 57 45  6 38 60 11 46 50  5 23 34 55  - 24 51  - 29 47  2  4 52 44 13 36 27 10 14  - 16 17  8
 54  - 44 42  6 43  -  8  - 41  - 33 22  - 21 25 32 57  1 37 15 45  - 58 12  -  -  - 13 52 16 59  5  7  - 48 29 40  -  - 27 55 60 34 19 51 46 14 17  - 30 31  - 20 23 35  - 11 49  9
  9  8 24 36 46 45 12 32 42 29 49 10 43  -  -  - 51  -  -  - 52 16 20 35 54 60  3  - 26 48 53  - 58 47  6 22  - 31 39 57  1 38 21 28  - 27  - 37 23 34  - 18  5  - 15  4 30 56  2 44
 42 60  9 33  - 21 47 38  - 53 57 52 45 46 32 20 44 19 25 24 43 22 34 49 55  - 18  - 37  4 13 12 39 27  7 58  1 48 16 41 29  6 54  - 30 36  5  - 59  8 40  - 14 28 35  3  -  - 23 51
 34 32 17  2 11 19 39 45 55  6 27  - 53 57 40 56 58 10 47 28 21  - 37 15  - 36  4 49 42 38 14 13 44 20  - 29 54 12  1 46  -  -  -  - 50  -  - 41 26 22 48 24 35  -  -  - 43  -  -  5
  - 45 60 14 20 28  - 55 13 30  - 25 56 27 22 24 16  -  -  9  5 19  - 43  -  - 41 40  3  2 34  7 49  6 35 33  - 38 57  - 23  - 44 58  - 59 50  4  - 21 31 15  - 52 54 17 11 36  - 42
  5 31  7  6  1 56 27 47 14 59 25  - 48  -  - 28 24 41 32 21  -  - 18  3 52  - 35 38 58 40 11 17 51 10 44 23 36 13 26 20  -  - 55  -  - 39  - 15 33  2  9 57 42  - 12 60 22 29  - 46
 40  3 43 23 19 42 29  2 36  7 10 56 57 54 41 12 31  - 48 46 55 39 33  -  -  6  -  - 32 35 27 45 59 15  8 34 11 22 44  5  - 26  - 18 60  - 25 21  9  4 50 38 16 13 47 28 24 52 53 58
 38 26 48  - 31 44  5 10 32 25 21  - 60 17 51  2 19  9 49 41  - 35  7  - 46  1 28 22 23 13 57  -  -  - 30 16  8 15 52 55 33 27  3 12 58 40 45 39 43 54  - 56 59  4 53 24 36 14  - 11
 57  2 22 12  5 11  - 43 54  - 16  9 24 28 42 38 23 39 34 30  8 21 60 53  -  3  - 29 55 27 49 46 13 41  -  - 51  -  -  6 44 25 14 52 47 48 36 59  - 15 10 50 31  -  7  - 37 58 18 17
  -  5 39 43  - 60  - 24 34 49 13 28 44 16 47 59  8 42 52  -  2 33 10 57 15 29  9 41  1  -  4 53 30 19 45 31  -  3 54 17 37  - 50 38 14 23 32 48 36  7 56  - 58  - 26 40  6 20  -  -
 23 30  - 40 22  2 13 60 50 39 45 17 38  - 52 41  4 36  -  - 42 20 55 37  - 59 31  - 35 18 58  -  - 21 53  -  6 47  -  9  7 19 10  - 44 15 54  1 14 33  5 51 49 46  8 26 16 25 56 34
 17 51 42 28  9 30 19 33  - 35 15 59  5 20 16  8 21 24 57 43  - 36 22 55 37  -  - 48 53  - 26 52  1 40  - 18  7 54 11 50 13 49 23  -  -  -  - 46 25 38  3 58 60  6 56 44 47 34 41 29
 31 25 18 53  8  -  -  - 43 13 24 47 39 44  5  - 56 49  6 35  - 10 36 38 59 17  - 55  - 11 41  - 19 46  3 26 20 57  -  2  4 23 28  7  - 33 34 22 60  - 54 12 45 15 14 29  -  9  - 30
 21 39 29  9 54 37 44 19 57 18 20 49 36 31 27 46 45 15 24  4 48  - 42 40 47 51 17  - 56 25 35 33  - 32 28  - 41 16 14 26 50 34 30 59 12  7  - 52  1  - 58 43  - 11 38  2  - 23  -  6
  -  -  -  - 38 24 33 23  - 46 60  4  -  - 13 47 11  8 21 17 54  - 48 22 18  2 53 45 15 10 52  - 36 37 55 57 27  - 40 56 12 20 41 42 16 28  6  3 58  1 29  9 43 32 59  -  - 31 19 35
 47  - 40 38  - 32 18 36 58  -  9 16 14  - 29 57 55  6 35 11 46  - 43 52 34 56 48 13 22 30 60 41 53 23  1 50  4  8 19  -  - 10  - 49 59  - 20 33 54  - 39  7  - 26 31 45 25 44 37 27
 14 47  6 20 51 53 15 49 27 44  2 35 59 56  -  - 50 13 12  -  - 37 57 46 32  7 26 23  -  - 22 40 28 31 29 25 60 58  - 30  -  8  -  3 42  4 48  9 18 16 21 39 34  - 11 36  - 33 10 41
 51 35 27 13  - 59  - 50 18  -  4  - 37 26 39 17 41  - 22  - 16 54 45 44 25  - 47 11 40 58 46  -  3 38  - 36 19  2 42  - 24  -  1 21 15 52 60  6 53  - 32 48 20  8 43 55  9  7  - 49
 22 19 38 30 45 47  2 35 44 28 32  -  - 58  - 23 27  -  - 10 40 49 52 17  3 46  - 31  9  - 51 36 33 13  - 42 26 53  6  8 15 24 59 20 25 12 56 55 48 43  4 29 37 50  -  5  - 39  - 60
 49  - 10  3 26 18  -  -  -  - 52 58  -  -  - 16 40 29 59 42  -  - 15 51 50 11 55 46  - 14  - 47 35 34  -  - 53 44  -  4 36  9 57  6 37 56  - 30  - 23 41  2  8 38 22 12 20  - 28  7
 39 41  - 47 35  - 57  -  1 48 51 54 18 34 17 49  - 33  -  - 29 60  -  - 16 43 13 10 38 55 40  5  7  - 58 44 52  -  2  - 46 15 31 50  - 11  3 32 28 37 42 45 23  9 30  - 59 21 26 12
 19 50 23 25 14 48 34 20 37 43  -  2 27  1 53 44 49  - 55 16  - 17 59 10 11  9  8 24 33 45 32 30 22 26 40 41 38  - 56 15 54 58 35 47 29 57  -  - 13 60 46  -  -  - 21 51  3 28 31  -
  8 54 36 16  -  9  - 14 48 10  - 51 42  - 31 58 35 53  3  2  6 28 12 19  - 33 59  - 30 41 44 21 29 39 25 47 24 18  -  1 17 52 49 56 46 50 43 34 37 27 15 55 57 40  - 32  5  - 60 38
 55 38 26 49 56  - 22 51 17 52 11 19  - 33  4 29  9 58 36 18 10 31 23 47 28  - 27 14 21  8 50 35 37 43 60 30 42  - 13 16  -  7 32 57  6  -  - 53 15  5 12 59 44  - 40 25 39  3 48 45
  4 55  - 48 41 31 30  - 49 14 56  - 54 50  - 18 57 35 13  - 45  5 32 25  2 20 33  8  - 53  - 22 43  - 36 40 23 11 17 47  - 44  7  1 38 21 52 26  3 42  -  - 28 19 27 15 46 59 16 37
 25 11 51 37 47  - 50 57 22  - 40  - 26 21  6 45 60 48  9 20 17 34  1  4 41  - 14 39  -  - 15 27  2 35  - 59 49 29 24 44  5 16 33 53 13 30 58  - 32 12 55 36 19 23 46  7 52 10  - 43
 59  - 33 44 60 25  9  - 29  2 41 36 35 45 46 27  -  3 23 39  - 48 56  -  - 26 51 42 49 19  - 32  6 24 13 20 57 28 34 52  - 40 58 15 43 38  - 50 11 17  7  8 18 47  -  -  1 22 30  4
  -  - 37  - 16  5 49 15  -  3 28 24 50  - 55 30 43 25  - 27  4 44  - 42 53 54 40 60 36  9  - 11 10 58  -  2 13  1 59 51 20 14 39  - 56  8 26 18  - 41  - 46 21 45  - 19  -  - 33 57
  7  1  - 22  - 57 56 41 53 45  - 44 46  -  - 39 34 11  - 25 60  - 16 24  8 13 36 33 18 54 31 37 50 28  - 51 15 26  - 43 58  - 12  -  3 20 49  - 21 14  6  - 27 42  2 52  4 48 59 32
 36 46  - 15 50  -  - 21 19  - 35 57 12  3 38  5 33 47 10 32  9  6 14 18  7 39 43  1  8 56 17 34 48  2 52 27 16 59 20 24  -  4 53  - 40  - 31 11 22  - 28 37 54 60 41 13  -  - 55  -
  - 59 54  1 12  -  - 13 21  - 46  5  - 53  -  - 30 55 51 31 18  3 11 16 49  4 24  -  - 33 56 44  - 57 48 37  - 25 45  -  -  - 27  2 28 42 23  - 38 40 14 41  7 22 39 34 26 17 15 19
  - 44 25 27 55  - 36 17 40 16 14  - 13 60 34  9 48 20 11 54 51  - 19  8  1 24 56 26 43 50  - 10 32  -  5 12 31 23  -  -  -  - 38 29 52 41  7  - 47  - 33 49  2 59 37 30 58 18 45 22
 15  -  3 26 52 39 21  9  7 17 37 18 51 48  -  - 28 22  - 38 59  8  -  - 19 42  5  2 44 47 36 24 46 29 41 53 56 33 50 35 49 32 34 55 23 58  1 57  - 13 16 40 10 54  - 27  -  6 25 31
 20  -  -  - 37 51 54  -  - 23  7 45 55  -  -  6 22  1 39  -  -  4  - 31  9 53  2 27 10  - 18 14  8 48  -  - 46  - 60 28 52 47  - 17  5 16  -  - 44 58 59 35 25 41 50 43 38  - 12 56
 58  - 55  - 48 10 59  -  - 12 33 40 47 39  -  - 38 21  4 52 50 26 54 28 22 14 57 15 46 16 37 49 56  1 43 32 30 19 36 45 18 17  8  9 41 24 11 60  2  6  -  5  -  - 34  - 23  -  3  -
 16  6 21 11 33 27 46 12 10  - 18 39 52 23  -  1  - 45 20  - 44  - 49  9  -  8  - 19 14 15 43  - 40 36 59 24 22 41  - 32 31 50 13  - 53 47 55 42  -  3 17  4 38 34 25 56 35  5  7 26
  6 52 50 41 34  -  3 22 26 24 36 42 40  - 10 11  1 59 37 45 27  - 35  -  4 25 49 57  - 44 12 54 55  5 14  7 17 30  -  - 32 48 56 16 31 60 38 13 20 29  - 21 39 51 58  -  8 19 46  -
 18  - 53 19  - 38 28  4 39  - 42 46 34 37  7 36 13 30  -  - 11 14  -  6 31 41  -  - 24 32 29 15 45  - 23  -  5 55  - 48 35 57 25  - 20  2  - 40  - 26 51 60 47  - 17 58 10 43 22 21
  - 56 52  - 53 22 58  7 15 47  5 34  - 18 36 60 17 54  -  8 32 46 29 21  - 27 42  - 41  - 48  1 11 25  4  6 55  - 43 40 38  - 16  - 51  9  -  - 10 44 45 19  - 24 49 20  - 35 39 14
 33  - 45  - 43  - 26 58  -  -  - 14  - 13  - 34 42  4  7 36 22 59 40  5 44 55 50  6  - 46  - 38  9 51 31 17  - 56  -  - 11 60 15 27 39 53 28 25 16 30  -  1 52 21  - 18 48 54 47 10
 12 10 32 24  -  - 52 56  8  - 48 11  6 29 57 14 59 28 26 19  3 27 30 34 39 31 44 17 50  - 47  - 16  -  - 21  9 43  - 23 40 42  2 54  1 25 51 49  - 20  -  - 15 58  4 41  -  - 36 33
  - 58 46  - 23 26 17 16 56 33 59 27  1 40  -  - 14  - 54 57  -  2 53 32 36 48 19 44 47 60  -  - 52 50  - 13 18 21  - 29  -  5  - 30 11 10  - 20  -  - 37  - 12 31  - 22  - 24 43 28
 24  4 49 46  - 35  - 53  - 21 44  6 10 41 20 22 25  -  2  - 13 30  - 14 57 23 54 52 45 26  -  8 60  - 42 15 58 36 32  7  3  - 48 19  -  1  - 29 55 31 34 33 17 39 18 50 51 38  5 40
 11 12 20 34 17  8 31 39 59 42 47  -  9 55 54 13 36 60 33  - 28  - 46  - 45  5 30  - 57 49 23  -  -  -  - 38 37 32 25  -  6 41 29 14  4 35 21 43  7 56 26 53 50 48 51  - 18  2 24  3
