2880
 22 41 31  8  - 54 15 53  - 49  6 12  - 13 45 33 19 52  5 20  2 16 47 51  - 36 38 44  -  -  1  - 35 11  - 50 14  -  - 39  -  - 23 43  - 40  3 24 28 48 21  4 55 59 56 26  7  - 42 29
 54 43 25  3  -  - 27  - 20 57  -  6 15 50 28 52 11  - 12 51 37 39 30 45 46 48 31 16  - 19 29  5 22  - 23  8 21 41 60  2 44 55 32 18 56 49  - 47  9 58 40 59 14  - 10 34 33 35  1  -
  6 51 26 34 29  -  3 38 33 17  - 55  -  - 35 45  - 46  - 48 13 36 56 44  9 20  5 32 43 25 52  - 39 10  - 19  2 28 15 14  7 60 41  - 53  8  - 59  4  -  - 22 42 24 30 27  -  - 47 21
  -  - 39 60 14  5 59 47  7 58 46  2 53 57 23 27 22 38 10 15  - 18  6 43 26 24 21 34 11 32 28 54  4 30  3 13  -  -  9 25  -  - 55  - 17 31 49 37 44  - 35 41 52 29 12  1  - 33  -  -
 39  - 16 37 20 22  6  - 21  - 52 53  1 27 40  - 48 60 46  - 50 24 58  -  - 56 35 54 59  - 11 17  - 33 47  - 25 18  - 23  4  3 51 38 10 14  5 28 12  7  - 26 30 15 13  - 36 42 45  2
 20 29  - 30  8 40  2  - 51 15  - 46 48 56 50 12 43  - 28 21 36 33 54 47  3 39  - 26 52  4  - 24 38  5  - 57  6 42 16  9 58  - 25 32  - 22 44 45  -  -  - 31 41  - 23 10 55 14  7 49
 48 35 56 31 59 53  - 24 12 60 11 17  -  5 20 39  4 58 19  - 15  1  - 29 18 10  -  7 36 21 16 26 34 40 54  3  -  -  -  -  8 33  -  - 51 25 52  - 27 45 22  - 50  -  -  -  - 44 13  -
  -  1 27 26 13 47  - 21 32  8 45  - 43 23  - 34 31 39 20  -  -  - 52 33 40 55 53 50 35 16 56  -  - 41 60 58 48 15 10 17 42  7 11 30 57 46 24 54 19 51 49 12 37 14  3 29  -  -  4  -
 29  - 44 21 54 30  -  - 45 41 10 14  9 40 24 28  -  - 43 50 57  3  -  - 37 22 32 36 46  2 34 56 47 60 18 39 19  - 17 58  5 31 20 52  1 35 25 26 49  -  7 55 27 13 53 23 48 51  6 59
 12 49 46 40  - 15  4 10 52 33 29 56  - 17 54 37  - 26  - 58  - 53  - 23 57 28  9 59 19 43 25  - 16  - 42 34 36 21 24  8  1 13 30  6 31  7 51 55  -  - 45 20  5 50 32  - 38  - 48  -
  8  - 19 35 34 24 50 11 22  7 23 36 33 21 17 53  - 44  1 39 48 54 45  -  - 37  - 52 28  - 30 38 58 55  - 60 41 51  4 56  - 10 18 57  - 13  - 49 31 14 26  9 47  -  -  -  5 27 32 25
 51  - 41 39  1 19 38 46  - 43 56 45 18 37 21  - 59 42 17 35 25 13 34 49 20 15 14 24  -  6 53 60 10 26  - 11 33 48 29  - 31 44  2  9  4 16 27 36  - 47 52  - 58 22  - 28 57 54 55  -
 13 22 52 45 11 26 46 48 16 25  8 30 29  - 14  - 47 28 21  - 20 17 12 41 44  -  6 40  4  3 50  -  7  - 37  5 31 38  - 15  - 56  -  - 32 18 39 58 33 55 34  -  -  -  - 57  - 43 49 10
 19  - 13 55  - 25 58 50  8 37  - 34 60  - 32 59 23  -  6 53  5 28 57 17 38 40 26  - 49 54 12  9 18  4 15 16  -  2 56  - 30 45 43 29 42 41 33 27  - 39  -  - 11  -  7 31  - 21  - 51
 45 20  - 57 36  -  9 54 53  2 24 29 56  -  - 21 60 55 50 43 38  6 41  -  - 42 37 46  8  - 47  1 48  - 12 33 13 22 35  - 18 19  - 51 30 44 23 40  7 15 39 27 32 26  4 49 25 34 28 11
  - 47  2 44 56 58 32  8 43 38 55  -  -  - 15 40 54 20 60 28  -  5  - 35 53 16 18 12 21  7  - 33 30  - 36 25 39 27  -  -  - 57 29 10 37  3 46  6 11 23 59  1 19 34  - 50 22 31 26  -
  - 48  - 12 16  - 42 33 19 46 53 15 36  9 49  7  8  -  -  6 10 25 59  - 50  -  3 43 27  - 31 58 13 45 34 20 38 55 39 60 37  -  -  2  5 21  -  - 17 28  1 14 24  - 51  - 29 56 40  4
 14  - 21 59 51  9 30  -  5 24 35 22  7 39 27 47 12  1  4 18  - 50 26  6 49  2 19 53 37  - 20  8 28 13  - 52 46 17 31 16 60  - 10  - 54 57 15  - 48 41 32 25 45 33 34 36  -  - 29 23
 46  - 38 17 31 51 39 16  -  4 22  -  - 49 11 50  -  - 30 10 43 42  - 26 32 54  - 56  9 36 27  2 20  -  6 14  5 44  - 53 24 41 35 37  - 48  -  1  -  -  - 45 40 18  8 12 59  7 34 52
 59 28  7  -  - 34 33  - 41 50 48 37 24  1 46  - 27  - 52 49 51 38 31 36 29 17 42 20 26  -  - 57 40  -  2 44 47 25 58  -  9  - 14  - 11 39 56 21  -  3  - 43 22 54 55 60 30 45 35  8
 41  2 12 48 47 37 34 13  9  - 15  - 14  - 22 57 56 53 27  -  -  4 28  - 17 29  - 31 25 26 38  - 33 20  - 40 16 36 23 30 54 59 49 24 55 58 50  3 18 46  - 11 51  1 19  6 32 39  - 42
 50  - 35 24 15  - 18 45  -  1  - 31 28  - 53 48 13 40 49 47  -  -  -  7 52 34 43  - 41 51 58  4 44 36 26 12 22 19  -  5 21  8  - 59 29  -  6  -  -  -  - 30  9 23 42 32 54 10  - 16
  - 60 58 28 12 57  -  - 18  5 51 49  8 47 34 25 55 10 14 26  - 46 50 39 21  -  - 13  3 24 54 37  6 31  4 35  - 20 38 29 19  9 36 17 48 59 30 41 52 53 56  - 23  - 33 44  2 16 15 22
  -  - 15  - 24  2  - 60  - 55 31 57 35  - 33 18  3 14 59 37 47  -  - 16 23  7  8  - 32 10  5 20 27 28  9  - 56  -  - 40  -  - 22 36  -  4 54  - 34 44 58  - 12 17 43 53 26  6 46 41
  - 55  5 38 10 48 26 39 44 51 60  -  - 52 18  - 50 59  - 19 45  - 15  - 41  - 20 22 13 12 17 40 36 54 11 42  4  3  - 47 27 25 31  - 24  2 32  -  - 21 16  6 46  - 35  9  - 58 33 14
 27 17 50  9  -  1 45  - 58 11 44 23 55  2 60 54 26  - 34 33 16 15 19 56  7  3 46 18  6 57 37 39  - 51 25 49 30 40 22 42 12 14 52  - 28 38 20 43 53 32  4 47  - 10 24  8 41 29 21  -
 37 27  -  - 41  4 23  7 47 13 36  8 30  - 59 42 49 34 44 54 60 22 33  - 25 45 24 55  5  9  2 15 53  3 28 18 35 32 57 48  - 58 26  1  6 50 43 20  - 10 29 39 21  - 46  - 40  - 19  -
  1 11  3 19 30 44  8  9 40 59 34 33 32  -  5 46 41 23 53 55  6 49 48 38 42 26  - 25  2 52 36  - 57 18  -  -  7  - 45 10 39 35 47 20 21 17  4 50 13 54 60 29 31 51  - 56 37 22 14  -
 16 39 20 27  - 60  - 51 46 14 32 44 57 28 12 55 29 41  -  5  - 58 13 25  - 38 40  -  - 18 10  -  1 22 50  - 52  7  -  3 56 47 48 49  8  - 45  - 21 19 33 24 43 37 59 42 11  9 54 30
 34 50  6 11 33 49 29 23 35  - 21  9 41 12 47 16 14  4 25  - 58  8 18  - 48 51  - 10 57 59  - 44 56 24 52  - 54 30  -  - 43 39 46 60 13  5 42 53 40 38 19 36 17  2  - 20  - 32  - 31
 56  7 11 42 52 35 28 17 14 45  - 40 46 24 29  6  9 30  -  -  - 51  - 59  2 23 27 15  - 47 43 12 54  -  1  - 53  5 19 34  3 36 33  8  - 55 37  - 60 22 13  -  - 57 41 21 16  4  - 39
  - 33 30 46  - 32  1 19  - 16  - 26 10 36 39 31  6 24 29 17  - 37  -  - 56 49  - 27 54 40  - 53 59 42 20 15  - 52 21 57 47  - 44 35  - 60  - 13 58 11  -  7  -  -  9  5  3 48 38 34
 35 14 48 10 57 41 19 18  - 44  5  - 52 11 55  - 25 45 54 32 22 21  - 15 13 30 33 28 24 27 59 49 31 39 29  6 17 47 12 38 23 20  9  - 58 26  1 56 46 40  3 16  7  4  2  - 42 37 36  -
 49 12  -  2 26 23 36  6 48 32 13  - 38 31  9 43 10  -  - 25 14 29  -  -  4 50 47 57 44 33 60 28 21 19  -  - 27 34 37  - 41  - 24  7 46  -  -  -  5  1 30 58  -  - 54 51 56 52  - 17
 38  5 33 13 21 14 44 37  -  - 42 52 25 19  4 20 58  -  - 24  -  -  - 10 11 41  - 23 39 56  - 46  - 57 43  - 40 60  -  6 53 50 28  3 18  - 55  9 45 34 47 49 48 12 31 54 15  - 16 26
 44 19 29 36 43 38  -  -  -  - 30 27 40  8 41 49 15  - 16 56 18 52 11 22 24 47 60  2 53 58  - 34 26 23  -  - 57  9 54  - 51 48 21 45 14 37 13 17 42 31 46 33 10 28 50  7  6  1 12  5
 31 13 57 56 40  - 60  -  - 19  1 39 27 48  - 10 52  8  - 36  4 26 42 32 16 58 29 45  - 55 23 22 51 35  - 54 43 50  - 46 17 11  5 15  - 30 12 34 38  - 18 28  2 21 20 14 44 49  - 24
 17 45 43 50  - 21 47 49  -  6  4  - 12 41 58 22  - 32  - 42 54 44 51 27  - 13  - 14 40 34  7 10 37 59 39 30  8  - 20  - 29 26  - 23 15 36 31 52 16 33  - 19 57 48 38 24  9  2 53 55
 30  -  - 15 39 50 20  - 36 26  7 38 19 22 10 24 18  - 13  - 46 31 37 28 43  - 52 33 51 35 42 48 17 58 55 56 44 14  2 11 45 40 53  - 25  9 34  - 32 60  -  - 54 27  -  - 12  3 41  6
  7 46  -  - 42 28  -  4 15  - 18 11 39 20  1  -  -  3 58 40  - 27 60 53  8 57 41  6 31 37 51 16 19 49 33 29  9 26  - 21 34 43  - 44 12  - 17 38 22 35 14 10  - 36 45 30 52 25 56  -
 32 40 36 14  5 27 25  2 56 53 57  3 47 46 19  4 35  -  -  - 23  -  - 42 34 18 50 60  1 17 39 45 11 43  -  - 12  6 49  - 16  - 15 54 26 29 10  -  8 24  - 51 20 41 22 55 13 38 30  -
 25 26  - 20 37 31 22 12 54  -  9  -  - 16 42 29  - 13 40 46  - 19 32  3 30  - 17  4 48 53  - 18  2  8 49 10 11 58 52  7  -  1 34 21 36  6 28 33 57 27 43 50  - 56 60 59 47 41 51 38
 21 24 51 32 35  - 56 30  2 47 19  5 31 59 44 58  7 15 42  - 33  - 20 13 54 52 55  1 23 22 18  - 12 48 17  - 26 10 27 37 38  6  - 39 49 28 16 29 25 57 50 40  - 60  - 11 45 53  8  -
 24 36 55 23 27  7 54 34 38  - 39 19 22  -  3 41 16 33 47 30 21  2  5 50 31 46  - 51 12 28 35 13 14 25  8 45  1 56 59  - 52 18  -  4  - 43 53 32  - 29 17 57 15  9  - 40 49 60 58 48
 36 57 22  6 48 45  - 25 23  3 40 47  5 35  2  - 34 54  - 12 41 56  8 37  - 19 13  - 10 14 44 29 42  1 46  4 15 49  - 28 26 16 59 50  - 53 58 39 30  - 31 32  -  -  - 43 51 18 11 33
 47  - 34 43 38 17 51  5 10 23 54 21 45 42  7  -  - 57 39 59  - 11 14 60 27 32 44  9 50 29 41 52 24 53  -  2 58  - 40 35  6 15  8 28 20 19  -  4 26 16 25 13 36 55 37 18 31 12  -  3
 11 58 54 47 53 20 48 22  4  -  3 51  2 34  -  -  - 37  -  - 24 60  - 55  - 33 23 35 14 15 45 30 32 16  - 59 10 46  7 19 57 29 13 26 43  -  -  5 41  8  6 18 49 40 28 17 39 36 44  1
 15  3 28 33 44 18 53 43 24 29 50 48 51  - 38 32  -  - 57 14 31 59  -  9 39 27  - 37 60 13  6  - 52 47 10 41 42  - 34 36 55 21  - 12 16  - 26  -  - 56  - 46  - 11 25 19 58 17 23 45
  -  9 32 16  7  6 14 42 31 10 58  1  - 54 51 30 38 21 36 23 52 47 43  - 33  4  - 19 45 48 22  - 15 27 44 26 49 29  - 12 25  - 40 13 50  - 41 57  -  2 11  8 59 53  - 37 18  - 39 20
 28 52 53 25  2  - 37  -  - 35 17  - 20 32  -  - 51 36 56 44 26 45  - 48  -  - 59 11  -  8 21 43  3  -  5 38  - 16 47 22 13 34  6 27  - 23  -  - 14 30  - 42  4 46  - 58 10 50  9  -
  -  - 40  -  -  3  - 55  - 20 16  7 50 43 26 35 33  -  8  4 39  - 38 57 45 59 28 49  - 30  - 27 25  - 31 46 32  - 11 18  - 51 19 34  9  - 22 60 23  -  2 53  1 44 14 52 21 15  - 12
 58 37 47  - 22 10 11 59  - 40 27 13  3 33 56  8  2  - 55  9 34 43 16  - 14 60  - 17 18  - 46 50 49  -  7  - 23 53 41 32  - 12  4 48  - 52 21 44  - 20 28 38  - 31 26 15 24 30  - 35
 55  - 59 53 60 42 10 58 34  - 37 43 16 26 36 11  - 19 22  - 32  7  4 24  5  1 48  - 33 23  9  6 50  -  - 31 51 35 28 45 15 54  -  - 41 47 38 14 56 13 12 44 25  3 18 39 17  8 20 46
  9 25  - 29 50 39 16 56 37 52 26 59 49  - 48 38 44  - 32 13 55  - 22 12  -  5 34  3 17 41 57 21  8  -  -  1 60 11 14 43  -  4  7 42  - 51  - 31 20 36 27 35  6 19  - 45 23  - 10 40
 57 56 24 41  - 59  7  -  1 21  -  -  - 15 52  9 45  2 37 31 27 23 10  4 36  - 11 30 20 50 55  3  -  - 13 22 18 33 46 51  - 49 42  - 40 12 48  8 29 26 53 34 38  5  - 25 28 47 43 60
  3 32 17 22  - 13 21 40 60 28  2 18  4 55 43 56  -  7 41 11 19  9  - 58 10  8 49  -  - 38 24 42 46 50  -  - 45 31  - 59  - 23 37 47 35 15 36 25 51  6  - 54 16 39  5 33 14  - 52 27
 18 10  9 51  6 33  5  - 25  - 59 16  -  4  8  - 28 49  -  - 17 32 27 19 22  -  - 58 56 39 14 36 29  -  - 53  3 57 48 31  -  - 50 40 23 45 11  7 55 42 24 21  -  - 47 38 35 20 60 15
  -  6 37  5 55 11  - 28  3  - 20  - 13 10 25 23 36  9 33  2 42  - 39 14 47  - 22  8 34 31 48  -  - 46  - 24 29  1 43 50 49 27  - 53 38  - 40 12 35 59 54 60 44  7 21 41  4 57 17 18
  -  -  -  4 23 29 43  - 59 39 33 25 54 44  6  - 20  -  9  1 56 57 21  8 15  - 12 47 42 46  3 11 55  7 38  - 34 24 50 26  - 17 58 41 27 32 14 19 10 37 51  5 18 30 48 16 60 40 22 36
 10 59  8 49 45 55 57 52 39 54  -  - 23  3 31 15 40 27  7 16 28 41 46 34  6 43  1 48 58  5  - 35 60 32  -  - 37 13  -  - 36 38 17 14 19 24  - 42  - 25  9  - 33 47  - 22 20 26 18 50
