2880
  4 36  -  - 33  1 23 40 19 14 12 11 10 48  2 55 26 31  -  - 43 52 58  - 21 51 18 59  - 17 39 54  9 16  - 20 32 25 45 28 38  - 24  - 22 57  - 37 47  3 42  7 44 13  5  - 30 50  - 34
  -  - 11 22 54 53 18 45  4 33 26 15 43  -  -  8 20 58 16  -  1  7 37  5 38 34 28 39 17 19 13  - 57  -  - 29 52 35 41 31 25  3 46  - 60 51 12 30 42 23  2 48 27 55 24  - 59  - 56 50
 47 20 44 53  - 36 55 28  6 34  - 32 46 27  -  - 50 15 13 25 26 22 49 56 42 43 14 16  9  - 31 37 58 38 54 24  3  -  -  1  - 40 10  8 17 33 21 59  4 11 12  - 60 57  -  -  - 18 29 30
 56  -  - 33 24 22 58 27 11  5  -  1  - 52  - 59  8 55 47  - 21 53 41  - 13 60  7 26  - 44 32 19 39 42 46 45 49  - 54  - 36  - 15 29  - 43 18 14 30 17 28 51 50 10  - 12 38 16  3  6
 39 23 37 57 53  8  2  -  -  - 31  9  - 45  -  -  - 50 41 58  - 30 12 47 27 54 40 32 10  7 44  - 21  3 25 17  1 59 19  - 52  - 36 24 49 14  4 15 60 26  - 38 11  - 55 51 33 46 13 28
 38 19 18 40 31 50 28 48 22 42  1 41  - 44 17  5 30  - 54 13 23  - 43  - 24 27 37 14  6 15 46 25 52 35  -  - 60 58  4 10 47 39 32 51  -  -  7 16  3 34  - 56 29  8  - 21  2 12 49  -
 25  4  6 19  8 37 27 15  9 44 50 20 56 14 32 58  -  - 51  - 48 49 47 21 43 53 22 30 16 34  - 28  - 31 29 11  - 23 60 36 46 38 39 55 35 42  - 12 10  7 26 24  - 59  1  3  - 57 17  2
 51  5  - 18  - 19 21 25 41  - 30  -  9 53  - 11 16  7 36 27  - 38 10 17 40 31 44 15  -  - 45  1  -  6 28 39  4 20 26 37  -  -  - 35 32  - 43 42 24 49 60  -  3 33 48 23  -  - 47 46
 43  3  1 34  - 28 56  -  5 45  - 27  7 20 41 49 39 24  -  - 33 40 44  8  -  - 17 50 22 52 51 14 12  - 47 60 25 16 55 15 57 37 21 23  2 53 35  4  - 29 11 32 42 54 31 59  - 36 48  -
 41  - 43  2 56 32 20  1  8 27  - 12  - 19 35 40 31 39 26 45  5 42 57 18 60  -  9 47 13 30  6 59 22 14  7  - 55  - 51 49 37 10 50 28 16  - 44 38 15 46 58  - 53  - 36 52 34  - 33 17
 57 37 40  - 29 14 15  2 27 18  - 17 42 23  - 10  - 59 11 51  - 32 56 22 50  - 41  - 31  5 24  8 48 30  - 43 33  -  - 13 44 34  4 60  - 36  1 26 16 35 54 45 58 53 25  - 12 28 39 20
  - 29 58 43 41 56 35 51  - 15 28 53 31  9  - 12  3 18  4  - 49 21 13 20  5 24 25 46 33 14 30  -  1 55 26 23 44  - 52 11 16  7  -  -  - 50 17  8  - 45 37 27  2  -  -  - 54 22 19 59
 52 16 12 41 22 25 45 13 59 37 19 44 48  -  7  9 57 23 38  5 47 11 36 43 58 40  3 27 28 31 17  - 24 34 20  - 26  - 33  6 15  8 14 30 56  1 39  2  - 21 46 60 32 49 29  4 18 10 35 51
  - 39 21 50 34 55  3 37 45  6 10 36 18 28 27 42 53 43  5 32 52 14 20 25 41  - 58 11 57  - 48 33 35 40  2  - 31 24  - 19 30 44 26 49  - 22  -  1 54  - 51 29  8 17 23  9 13 60 15 38
  1 57  -  - 32  - 54 42  - 29  7  5 36  - 49 26 46  -  - 16 18  -  - 33 14 17 10 41 55  -  - 48  -  -  9 28 45 60  - 58 35 19  -  - 34 56 13 21  -  - 47  - 52 25 20  8 31 59  - 27
 58 22 20  3  -  9 30  - 55 48  - 24 26  - 10 36  - 38 40 29  - 54 39 35  - 23 49 52 44 37 27 57  6 60 42 13  -  - 28 14 17 53  8  -  - 25 33 43 41 12 34 31 19 21 18  1 45  2 46 56
 40 50  - 59 57 34 60 54  -  -  - 13 20 42 45 47 11 28 46 30  -  9  2 44 25 21 53  5  4 39 26 12 36 24  - 56 18 19  8 16 48 41  7 15 38 49 55 29  - 58 27  - 43  6 37  -  3  -  1 52
 32  9 36 38  -  7  1  - 46 60 18 56 37 31 30  - 25 11 24 40 29  -  - 34 39  - 55  3 21 41 52 49  2 13 35 47 19  - 53 57 58 27 44  - 50  - 16  - 20 28 59  -  5 45 33 15  4 43  - 26
  - 34  4 60  -  - 43 50 13 59  - 21 39 18 51 29 15  2  -  1  - 31  8 27 46 49 36 56 32  - 58  5 20  - 24 42 38  - 11 35 55  - 48  7 47  - 57  - 53 37  6 33 22  3 44 54 28  - 12 10
 31  6 41 52 60  - 13 36 38  1 37 29  -  8 21  - 44 46 30 49 32 26 16 14 20 55 59  7  - 48 33 11 34  - 43  5  2 56 40 45 42 25 28  4 39 23 54 18 12  9 19 50 47 24 10 58 17  - 22  3
 53  - 45  5 51 10 40 21 25  - 13 57 59  - 42  - 38 30  2  -  3 55  - 52  6 12 24  8 54  - 47 16 56 32 15 50 11 29 39 18  - 35 17 33 14 20 60 44 49  4 36  - 23 43 34 19 37 58 41  9
 36  1  -  8 39 26 57 58 16 54 42  4  5 32 52  - 47  3 37 56  7  - 25 12 53 13  - 21 19  - 29 22 27  - 55 51 30 34 35 43 60 17 18  6  -  -  - 40 11  -  - 44 24  9  -  -  - 23  2  -
 44 13 47  - 14 60 51 32 35 58 52  - 21  - 53 27 33  - 28  8 46 12 40 42 23  4 31 22  - 20 56 43 38  - 39  3  9 17 57  7  - 59 25 16  6 18  2 55 19  - 48 15 10 26 54 36  5 11 45 24
 35 31 50  4 43 46 29 49  -  - 54 34 40 36 13 21  9 37 60  -  -  8 24 45 59  - 52  1  - 18 23  -  -  -  6  -  5 44 14 20 27 22 58  - 11  - 51  7 56 55 30 42 12 19 16 17 53  -  - 39
  - 33 10 25  5 16 44 20  3  7  2 39 54 49 50 30  6  - 42 46 11 19 52  9 45  -  - 58 27  - 35  -  -  - 31 15  -  1  -  - 28 12 56 32  - 55 53 22 48 40 14 21 13 41 38  - 24 51 43 23
  - 46 54 58 49  -  7 56 17 21 15 45  -  6 39 28 51  - 50 55  - 25  1 36 16  8 26 23 47 29 12 13 11  - 18  2 22  - 27 42 43 14  5  - 24 31 20 48 32 53  - 37 33 35  4 10  - 41 34  -
 33 10 57 28 23  -  -  - 51  - 14 25  -  -  3 48 24 35 12  - 20  - 30 50  - 18  2 37 46  - 36 17  8  - 56  - 34 53 43 41 59  9 27 52  - 45 19  5 58 13 44 55 40 39 49 60  - 42 38 31
 20 32 60 48  6  5 24 34  - 57  - 54 23 38  -  - 49 53  - 42 44  - 26 29 35  - 46 31 11 16  1 30 45  -  - 10 40 37  9  -  -  4  2  - 19 59  3 41 55 25 33  -  7 51 58 28  8 15  - 43
 59 45  - 42 17 29 50  8 47  - 16 10 41  - 26 38 43 36  -  - 27  -  - 23  9 57 54 55 56 60 34  3  -  - 21  - 13  -  - 33  5  - 49 46 51 52  - 24  7  - 40 19  -  - 35 37  - 31 30 58
 15 43 42 16 59 44  -  6 18 46  - 47 45  - 56  - 29  - 35  - 24  3 34 48  - 38  - 17  -  - 19 20 49 57 58 27 53 31 50 54 10  2 30  -  - 13 11  - 52 41  7  - 36  -  -  - 25  9 21  8
  - 58  - 39  1 45  -  3 29 22 40 60 14  - 33  -  5  - 31  - 25  4  - 11 30  2 23 48  -  9 28 47 46 18 16 34 42 55 12  - 56  6 20 17 37 38 50  - 44 43  - 59  - 27  -  - 57 52  8 53
 29 41 55 36 27  - 25 35 48  -  4  3  - 12 38  1 10  6 57 21  -  - 59 46 49 50 34  - 53 54 37 31 14 20 23  - 24  - 17 26  2 43 22 44 40 28  -  - 18  -  - 16 45  7 52 39  - 19 42 11
 49 40 52 13  -  - 34 24 28 47 58 59 35  -  6 31  1 48  3 20 30 15 42 54 10 16 29 38 50 32 60  -  4  7 45 21  -  5  2  - 14 26 51  -  -  -  - 33 23 57 22 46  -  - 56 25 19 53  -  -
  -  - 46 14 26  6 33 19 12 51 55 28  3 15 47 32  7  - 27 59 34 57 53  4  2 39 20 54 24 21 38 18 42 29 49 25 56 50 13  - 22 11 37 41 52 16 36 60 45  8 23 10 31 58 17  -  1 35  9  -
  8 15 13 44 37 52 38  7 10  - 22 58 30 17 36 23  2  9 19  -  - 16  -  1 34  - 60 12 26  -  - 41 59 53 51  4 14  - 56 46 20  -  6 54  -  - 24 11 21 18 25  3 39 31  - 55 49  5 50 47
 14 54 25 12 16 11 53  - 52 40 24 18 51 60 29 46  4 21 20 19  - 44 48 32 57  -  1  - 39 47  3 55 30  -  -  - 10  -  6 56  - 31 38  5  8 17 15 27 13 22  9 43 28 50 45  2 58 33  7  -
 50 42 26 31 48 20 19 39 34 17 27  2  8 13 18 52 23  5 22 43  - 37  6  -  -  1 21 36 12 45  - 35  3 15 14 30 16 10 38 40 24 47 11 59  - 60 28 46 29 44 55 57 49 56 41 32  9 54 51  -
 55 48  -  9  3 23  6 46  -  - 39 49 17 29 40 60 36 54 45 52 53 50 27 30  7 47  - 35  - 22 11  4 13  -  5  - 15  2 10 34 33 32 43 42 58 41  - 19 14  - 56  -  - 28  -  - 21 25 57  -
 27 18 23 49 38  2 39 17  -  -  - 52 50 58 24 15 13  - 29 11 51  6  - 37 36  - 45 19 14 26 16 53  - 59 22 41 12  - 34  -  -  5 47 48  4  -  -  9 40 31  8 54 20 32  - 35 42  -  -  -
  7 25  -  -  -  - 47  - 40 19 17 43 52 11 57 50 48  - 21 35 60 34 45  3  8 41 51 53 59  2  4 56 28 37 32  - 27 49 36  -  9 16  - 31  - 15 38 13  -  6 29  5 14 18  -  - 55 26 54  -
 45  7  3 54 15  - 17 33 53  -  - 46 58 30  - 24  -  -  - 22  8  -  - 57  - 19 42  - 18 55 20 44  - 39  - 49 48 13 37  - 32  - 16 43 23  2 34 36 28 10 31 52 26 38 21 29  -  1  5  -
  3  8 59  -  4 30 16  - 36 28 47 37 12  -  -  - 21 14  9  - 55 39 32 15 52 44  - 25 43  6 50 42  -  - 38 19 17 45 49 60 26  - 35 40 31  -  5 54 46 48 13 11 57 23  2 53 51 34  -  -
 16 53 29 20 11 41  - 44  - 55 51 22 38  3  5 19 58  -  7 50 40  - 33  2  - 37  8 10 45 56 57 15 60 48 27 35  - 42 32 23 12  - 54 26 28  - 31 34  1 30 39  6 59 46  9 13 52  -  - 18
 12 59 38  - 19  -  - 43 20 25  3 14 33 26 11 56 55 29  - 37 36  -  4 58 51 52 15  - 23 53 54 34 10 45  -  6 47 28 24 44 49 42  -  9 13 21 46 32 57  5  - 17 35 16  - 48  -  8 18 40
 37 38 35 56 20 57  -  - 31 43 36 51  6  - 46  7 14 41 25 53 59 24 23  - 17 10 19 44  - 27  -  -  -  5 33 22 28  8 29 21 50 48  -  3 54 32 26  -  -  1  -  9 30 12  - 11 39 45  4 15
 30 28 16 24  - 17 12 23  - 26  9  -  2 34 31 53 42 40 59 39  6 35  - 13 15 36  - 33 41 25 55 32 50 56  3 58 37 14 44  4 51 60  - 21 57 11 49 10 22 38 52  8 54  5 47  - 46  - 27  -
 13 11 15 51 40 48  - 26  -  9 32  - 57 10 20 43 35 16 17 44 37  - 14 59  -  -  4  - 42 23  8 21 29 12 36 18  -  - 30  -  6 50 31 56 27  - 52 28 39 54  5 25  1  - 22 49  7  - 55 60
 28  - 32 17 55 24 49 18 43 56  - 30  - 40 14 34 37 25 53 12 31  5 54 26 11 29 50  2  -  4  -  9 19 44  8 38 39 22 48  - 21 33 59 10 20  7 58 47  - 27 15 13  -  1 51 46 60  6  - 16
 19 60 51 11 47 35 41  - 39  8 53 50 16  5 28 22  - 33 10 31 58 18  - 38 26 45 30  9 48 43 40  -  7  -  4 46 59 36 23  - 13 29  -  -  - 54 14 52  - 32  - 20 21 37 27 44 56 55  -  -
 54 14 17 37 35 59 31 55 15 53  8 16 19 57  -  - 34  - 33 36 28 56 21 39 44 25 43 13 29  -  - 27 41 49 50 48 58  4  -  -  -  - 40  2  5  9 45  3 51 20 32  - 46 60 42 26 22 24 10  1
 46  2 24 45 28 13 37 22 58  - 41 33 27 43  - 18  - 42 44 38 10 17 11 19 54 35 12 51  3 57  - 39 25  - 60  7 21  - 20 59 53 23 29 47  - 40 32 50 36 15 16 49 56  4 30  6 26 14 52 55
  - 51 48 35 12  -  4 52 32  - 11 55 15 41  9  - 54 13  8 57  -  -  5  6 47  7 39 34 49  -  - 40 18 36 59  1  - 33 31 38 45 24 53 22 29 26 30 23 50 60 43 58  - 44 28  - 20 27 14 37
  - 17 49 30 13 27 48  -  7 38 59  - 11 46  8 54 28  1 14  - 16 47 19 53  - 26 56 29 52 58 10 60 43 21  -  -  - 51 25 55  3  -  - 37 18 12 41 45  9 39  4 40 15 22  -  -  - 20 36  5
 22 44  9 27  7 38 52 29  1 10 57 48  - 25 60  4 59 17 56 41 35  -  - 24 28 33 47  - 40  - 53 51  5 50  - 16 43 46  -  8 34 58  - 45 26 30 37 49  -  - 18 36 55 42  -  - 23  3  6 32
  5 49  7  1 44 33 11 57  - 41  -  6 25 39  - 51 12 34 15  2 13  -  9 16 31 56  - 18 38 36 42 52  - 22 19 26  8  - 59 30 54 21 23  - 45  - 10  - 35  - 24  - 48  - 40 27 50 47 20 29
 11 27 30 15 52 49  - 16 54  - 23 42 28 50 59  2 22  4  6 60 41 46 31  - 55  9  -  - 36 51  7  - 26 19 10 53 57 12 21  5 40  - 33 58  - 29 25 56 17 24  3 14 18 47 13 45 32 44 37  -
  - 12 31 55 45 51 42  5 21 24 46 35 22 59 19 39  -  - 49  - 54  - 60  7 32 48  -  4 20 11 43 10 33 28 52  - 29 41 18 47 23  -  3 38  - 37  - 53  - 14  1 30 25  2 15 16  - 17 40 44
 60 30  2 32 25 15 59 41 57 23 21  - 44 22 48  - 40 26  - 34  - 43  3 10 12 46 38 28  5  - 18 50 37 33 17  9 20 54  - 39 29  1  - 14 55  -  -  6  - 47 49 35  -  -  - 24  -  4  - 42
 48 47 28 26  - 42 14  - 30 49 29 40 32 51 44 37 19 57 55  -  - 41 15  -  3 20  - 24 60 59  5 45 23 43 11 52  6  7  1 22  4  -  - 25  -  8 27 58 38 33 50 34 16  - 53 31  - 56  - 54
  9 52 27  -  2 21 32  -  - 35  -  8  4 56  - 20  -  -  - 10 22  -  - 28 37  6 48 43  - 42 25 29 15  - 13 31  7 18  3 51  - 54 12  -  - 58 59 17 33 19 57 39  -  - 26 34 47 30 16 36
