2880
 36  - 54  - 41 44  - 25 16 11 13 10 12 24 47 23  9 42  - 60 37 27  - 15  2 34 18 31  4  - 52 28 51 33 55 43 29 19 58  3 32  - 49  -  -  - 30  - 45  6  5 21 35 59  - 53 38 17 39 20
  5 27  -  - 32 43 58 35 33 17  - 60  - 48  -  4  8 18 39 20  - 45 28  -  -  -  -  2 40 52 53  - 16  - 25  -  - 37 24 14  - 30  1 56  -  3  6  - 22  -  7  -  - 49 12 36 47 38 57 54
 33 34  6 35 11  -  7 10  - 43 31  - 44 12 23 56 49  4 54 55 30 51  - 37 40 46 21  9  - 42 20 13 25 57  - 50 59 48  -  - 24  - 45  2 60  - 17 32 15 27  - 53  - 36  1 58  3  - 38 19
 13 55 39 28 26 20 59 52 41 49  2 19 23 40 36 57 37  - 21 43  7 14  6  - 60 54  - 44 47 29 33  - 34 58 53 46 22 15  4 24 10  - 17 48 30 31 27  - 50  1 35 56 12  9 45 42  8  - 16 11
 30  - 55 16 31  9  - 49 17 12  5 21 51  6 56 41  - 47  4 26 25 44 54 29 53 37 39 28  - 19 15 23  8 13 59 22  - 33 18 36  3 46 38 52  - 45 10  - 48 42 50 34  -  1 27  - 32 24 35 58
 46 42 12 51 43 22  - 30  -  9 16  3 14 31 13  - 44 52 26  8 50  -  -  - 25 27 20 58 10 28 32  7 23 24  -  - 11  - 53 60 54 41 29 38  -  5  - 35 18 33 47 36  - 45 49  -  2  4 37 17
  - 51 11 31  - 24 20  - 27 13 29 17 56 37 28  -  - 60 46  - 12 30  - 52 32 38  3 55 43  8 14 36 59 41 19 23 15  5 48 10  1 16  - 25 35 53 22 42 33  7 44  - 58 21 57  - 40 18  - 39
 50  -  2  8 33 59  3 38 25 60 21 47 22 10 12  7  -  5  6 41 29  -  - 54 23 19 35 52 13 44  - 39 45  - 31  - 24 14  -  -  - 48  - 30 36  - 51  - 46 26  - 42  -  - 40  4 11 28 17 49
 40 13  - 19 50  5 42 48 12 27  - 29  - 21  - 38 31  - 43 36 22  -  - 28 45 44 49  3 26 33 37 10  4 35 41 14  - 46  1  8 60 34  - 54 56 17 23 30  2 52 51 20 18 58  7 55 39  -  6  9
  -  - 41 12  - 25 35 34 40 18 37 27 10 36 19  6 47  - 48  -  8 23 60  3 26 49  -  7 56 50 38 53 31 30 52  1  4 32  5  9 16 33 11 17 24 55 20 54 13  2 15 39 44 57 29 22 14 21  -  -
 58  - 15  - 60 37 21  1 51 54  7 33  - 53  -  3  -  -  9 19 52 35 39 27 13 32 55 59 42 10  -  - 48 29 57 41 34 25  - 49  6 14 44 36 11 26  5 50 30 12  -  - 24 18 22 45 28  - 46 23
 42 54 45 36 40 27  - 56 26 37 11  - 15  9  - 44 20  - 25  6  - 28  - 50 30 57 48 10 34 18  5  - 19 47 49  -  - 58  3 35  -  4 24 43  8  1 12 33 52 38 22  2 31 29 32 41 16 13  - 21
  7  - 23 55 13 53 12  6 45 22 48  9 39  1 51 60  5  - 15  -  -  2 10  8 18 35 11  - 28  - 21 40 43  4 20 54 27  - 32 25 52 58 56 26  - 24 49  - 16 34 17 30 33  -  - 46 42 59  - 37
 12 39  3 34  9  -  1 53 24 57  - 52  - 35 21 33 45 27  5 54 59  6  -  - 31 16 14 42 32 43  7 18 28 23 48 20 60 17 44 58 38  - 50 55 37 15  - 29 56 11  - 10 41  8  - 19  - 25 51  2
  -  4 50 40  5 28 22 32 53  - 14 41 24 25  - 51 21 54 12 45 47  - 30  6 36  - 23  - 31 17  -  -  3  -  - 35 58 38 16 34 57 42 60 11 19  -  2 37 44  - 48 27  8 10 52 33 13  7 55 46
 57 43 28  - 12  - 19 18  9 45 41  -  -  8 60 39 33 36 53 31 10 21  1 17 16 55 22 49 48  - 58 38 27 42 24 26  - 29  -  4 15 59 32 51  - 50 56 11 14  - 52  -  - 40 47 35 25 23  5 30
  - 11  9 24 22 34  8 45  4  5 49 43 54 33  2 25 39  3 56 53 23 47 37  7  - 28 40  1 29 13 18 55 38 60  - 12 20  - 27 44  - 17 14 16  6 35 57 58  -  - 59 31 30 50 46 10 36 42 52 51
  - 24 46  - 55  - 53  8 48 34 57  1  - 38 45 26 14 12 20 58  2  - 25 10 41 50  -  - 18 22 17 37 29 36 30  -  - 27 21 52  -  6 39 13 49  - 19 16  5 51 11 15 40 56  - 31  -  - 59 28
 22 30  - 43 38 36 46 55  -  -  - 56 19 58 59 54  7 14  -  - 31  -  - 23 52  - 45 21 57  - 24 50 47 48  - 13 51 39 12 27 17 49  2 10  - 11  1  3  - 40 20  -  - 42  - 28 29  8  9  -
 48  -  - 41 24 57 30  7 32  - 23 11  - 27 10 52  1  -  - 18 51 19  4 26 15 40 25 12 59  -  - 46 53 17 16 34  - 35  6 56 43  - 58 45 13  - 42 47 49 54 55 14 50 22  3  -  -  - 44  5
  - 57 53  -  3  - 37 60 31 23  8 46 28  -  - 13 17 29 58 51  - 16 32 49 54 11 19 39 14 40 12  - 22  - 18 38  5  -  -  - 55 45 52 44 27 47 36 21  4  - 42 26  -  6 48 43  9 50 30  7
 32 12 24  -  7 29  - 21 22  - 26 28  -  -  -  - 13 30 14 47 38 11 43  -  - 17 54  6 15 45 19  8 56 51 44 16 42  - 46  - 20  5  - 33 41  - 40 60  - 31 49 23  2  - 59  1 55  - 27  3
 37 10  - 39 57 18 49  -  3 42 15 26  6 52 41 47  - 59 24  2  1 34 16  9 33 51  - 50 54 23 60  -  - 25 56  - 12  - 40 21 44 28  5 35 22  - 53  -  7  -  8 32 27 19  4 14  -  - 13 31
  1 45 49  - 52 31 39 37 10 53  - 48 17 23 42  - 51 38  - 11  - 57 15 40 44 29  - 32 35 60  2 26 54 19 33 59  - 43  7  6 46 56 30 14  3 27 50 12 28  -  -  9 22  4 55 21 58 20 34 47
 18 58  -  3  8 52 51 22 42 46 38  5 55  -  - 24 59 15 57  7 44  9 23 45  - 13  - 47 49  6 29  -  -  - 50 60 35 12 26 16 11  - 21 31 54 30 28  2  1 56 32 25 10  - 53 34 20 40 41 36
  - 20 14  6  4  2 55 29 36 50 60 30 21 26 37  - 19 28 47  1 27 58 49 31  - 10 24 34 12 54 46 33 15 44 38 42 45 51 43  - 48 13  3 57 40 16  9 25  8 41 39 11  5  7 23 32 52 56  - 53
  - 17 48  7 18 13  - 54  6 19  4 31 35  - 44 29 22 24  -  3 42 41 53 11 21 36 58 23  - 32 47 57 40 37  -  -  8  2 38  5 49  1 34  - 20 25  - 27 10 39 46  -  - 43  -  9 26  -  - 45
 26 25 33  2 34 46 16 15  - 32 24 13 36 18  9 43 28 11 19 14 39 42  3  - 17 23 59 41  8  - 10  5 44  - 35 55 52  7 47 57  - 22 37  - 31 38  4 49  6 20 45 50  - 12 54 29 56  1 40 60
  4  1 17 14 25 58 36 31  - 51 50  - 26  5 40  -  - 49 42  -  -  -  - 57 38  3  - 18 33 16 56 52  - 45 28  - 55 41 59 22 23 60 10 19 34  -  7 13 21 30  - 48 54 39  9  -  6 27  -  -
  - 37  -  5 28 39  2  - 59 35 55 58 49 60  3 46  - 21 13 42 16 54 18 24 34  4  1 15  - 36  - 31  - 43 27 10  -  8  - 26  -  -  - 32  - 57  - 23 20 44 12 47 48  -  -  - 51 14 33 50
 41 29  - 21 56 26  -  -  -  -  1 24  - 55  4 17  -  2 22  -  - 59 35 19 14  7 60 11 53 39  - 27  -  -  3  8  - 52  - 18  -  - 42 58 48 33  - 10  - 36  - 49 13 15 25 37 57 12 47 44
  - 18 38 15 51 16  -  4 50  7 35  -  - 59  8 48  3  - 30 39  - 49 42 20  - 41 28 26 36  -  1  6 37  - 17 29 47 56 45 23  - 40 33 12  -  -  - 55 24 10  9 22 21 14 44 25  - 11 60 13
  - 40 21  9  -  8 11  - 30 44 10 15 58 29 48  -  - 56 37 52  - 24  -  - 20 47 34 60 23 59  3  -  7  -  5 31 36  1 33 53 22 32 35  6 42  - 46 26  - 13 16 57  4 38 19 51  -  -  2 41
  - 28  5 48 36 14 40 11  - 59 51 25 32 20 39  1 24 43 31 34 54 29 12 58 10 21  -  -  - 53 35 47 13 27  4  2  - 44 52 42 18 38 23 15  7  -  -  9  3 57 37 45 46 55 56  - 33 26  -  -
  -  6  -  - 19 17 24 40 44  - 53 42 30 13  7  8  - 32 52  - 26  -  9  - 12  5 43 25 16 56 48  1 58 21 11 36  - 10 34  - 41  - 55 59  2 54  3 15 37 29 57 46  - 27 39 60  4 35  - 14
  2 50 20 37  -  4  6 28 34 10 36 18  7 16 11 22 27 41  3 48 40  -  -  - 59 12  9 43 52 57 55  - 42  - 13 49  1 30 51  - 29  - 25 24 33 39 45 38 54 60 26 58 56 46 31  -  - 53 14 15
 59  - 13 50 16 32  - 19 23 24 22 35  8  2 55 28 60  -  1  -  4  - 29 43 46 20  6 45 38  9 27  - 41 11 15 39 25 42 31 12  - 26  - 49 52  - 48 18  -  - 21  3 51 37 33  - 17  - 54 57
 31 46  -  - 15 38 14 42  -  6 58 44 60 47 32 53 55 48 41 27 17  3 19  - 22 33  7  - 11 20 25  - 49  2 43  5  - 59 23 54 37 35 40  -  4 21  -  - 29  -  1  - 26 34  8  -  - 36  - 18
  - 48 40 26  -  6 60 59 14 25  - 36 20 50 15 45 46  - 32 30 28 31  - 47  - 22 33 29 55  - 13  - 21  - 42  4 18  9 41  - 53 12  -  - 51  - 43  - 34 37 10 16 38 54 17 24  7 52 11 35
 14 52 34 59 29  - 31 57 18  2  9  4  - 11 58 19  - 17  - 13 45 60 20 21 43 25 44 36 51  3 41 49 32 10  1 30  - 53 22 47  7 54 12 28  - 46 55  6  - 23 24 35 42  - 37  -  -  - 50 40
 21 23 10 49 37  - 18 47 54 48 12 57 25 42 26 15 58 53 11 28 60 22 13 32  - 45  5  -  1 14  - 35  2 59  8  - 56 50 30 38 34  - 36  4 44 51 41  - 31 16 40  - 55  - 20  - 19 29  7  6
  - 32 30  - 42 45  -  9 55  - 19  -  3 41 35  - 53  7 38 21 49 36 27 44  1 26  8 14  - 34  - 54  - 40  2 57 37 23 11 39 31 10 47 18  - 59 13 24 58 43  -  5 16 25  6 20 46  - 28 56
 54  - 27 30 49 48 38  -  - 40  - 32  - 43  -  - 41 50  7 59 53 17  - 14 39 60 51 56 37  -  8  - 35  1 26  -  - 34  - 13 42 15 57 21 46 12 52 20 47  3 18  6 25 24  - 11 44  9 22 33
  -  -  - 45  6  7 50 51 29  - 43  - 53  3 24 55 15 57 27 44 58 25  - 41  - 42  - 30  -  - 59  4 33  - 36 19  9 40 14  -  5 23  -  8 16 13  -  1 12 32 60  -  - 48  2 52 37  -  -  -
  - 59  -  - 21 60  - 44  - 36 46 37  4 34  6 16 10 51 40 57  -  -  5 38  -  1  2 54 19  -  9 24 11 52 47 27  - 13  8  7 28 31 26 39 55 32 58 22 43 25 56 17 15 53 18 30 45 48 42 12
 47  7 35 56 54 51  - 23 13 14 33 39  - 32 43 42 16 25 34  - 21  -  - 53 57  - 26 27  3  5 44  - 20 49 46 24  - 31 55 59 12  -  8  - 38 10 37 17 41 48 36 40  6  2 50  -  - 30  4 22
 11  -  - 29 59 40  9  - 46 38 32 14 50 17 22 35 12  - 55 16 15 37 57 51 27 56  - 53  -  -  6 48  - 34  - 33 23 26 10 41 19 21 31 60  - 20 54  4 39 47 28 18 36 44  5  - 49  - 24 52
 60  3  - 25 10  1 29  5 28  - 52  - 47 19 14 11 38 40 36 22 20 56 41 30 48 39  - 16  2 46 23  -  -  7  - 32  6 55 54 33  9  -  - 50 26  -  -  - 53 18 43 51 45 35 13  8 24 31 15 27
 56 16  - 60 20  3 41 50 49  8  - 12 31 14  - 30  - 33 10 35 18 26  - 48 29  - 17 19 45 51 43 44  9 55 32 52 54 47 36  - 39  - 15 42 21 22  - 46 27 59 25  - 57  - 38 23  5  6 53 34
 51 47 43 46 17 23 15 58 11 56 44 45 48  - 49 18 42  1  - 37 33 20 26 34  -  6 27 38 39 55 31 32 14  - 22  -  2 24 19 30 50 53  9  7 59  8 35 41 60  4  3 12 52 28 21  5 10  - 36 25
 53 33  8 52 45 30  - 16  7  4 20 51 11 44 29 50 34  - 49 17  5 32 21  -  3 24 38  -  9 12 28 59  -  - 14  -  - 57 42 48 47 36 41 46  -  2 26 56 40 15 31  1  - 13 58  6  -  - 10 55
 45 49 58 57  - 12 13 39 43 55  3 38 40  - 25 10 50  8  - 56 32 53 24 33 37 30  -  4 17 48 34 20  -  -  7 15  -  - 28 29 59 19 22  - 47  9 18 52 42  5 27  - 14 26 16  2 31 44  -  -
 43 31 22 23 46 50 48 36 47 28 39  - 33 49  - 40  - 10 29 32 35  4 44 13 19  2 41  5  -  7 26 25 17 14 45  - 30  -  -  1  - 24 20 27  9 37  - 34 51 55 58 59  -  - 60 38 18 16  3 42
  - 38 44  - 27 21 10  3 37 30 28 23  1 46 57 59  4 34 45  - 19 40  - 42 47 53 16  8 25 35 36  - 52 22 54 58 13 20 56  -  - 55  7  5 15  6 24 14 11 49  2 33 39 51 43 18 60 41 29 26
  9 60  - 18 48 19 23 27 56 47 45  6  5 30 53 31  - 22 28 50  3 52 40 35 51 59 57 37 24  2  - 16  - 54 12 25 49 11  - 20 33  -  - 34  -  - 39  - 26  -  - 38  7 41 42 17  - 15 58  1
  - 14  4 58 47 41 25 24  8 39 40  7 43 56 20  5 23 37 35  -  6 50 38 18  -  - 53 13 60 11  - 22 30 15 21 17 48 36 29  2  - 51 19  - 12 49 16  -  9  - 54  - 59 33 28  3 27 46  1 10
 38 41 57 27  - 47 56 12  - 21 42 50 45 28 34 14 36  - 33 24 55 39 46 25 58  9 29 48 20 30 54 11  - 26 37  6 10  - 13 51  2  7  - 40 18 60  8  - 35 17 23 19 53 32  - 44 15 43 31 16
  8 36 51 42 39 35 33 20 58 15 54 34 27  - 16  9 43 26 23  -  - 38  - 60 11 48 32 57 22 25  - 56 12 50  - 53 40 21  - 46 45 52  6 29  - 41  - 59 19 28  4 37  3 31 10 47  1 55  -  -
 20  -  -  - 35 15  -  2 21  -  - 22 29  4 54 49 32 46 59  9 48  5  -  1  6  8  -  - 44 24 45  3 57 18 39  7 50 28 37 17  - 25 51 47 58 52 31 40  - 53 33 55 23 16  -  - 12 10  - 38
 49 19 59 20 14 10  - 41 38  - 18 55 57  7  1  -  - 16 60  4 11 46 51 22 24 15 31 35  5 26 30  2 39  -  6 45 53 54  - 28 13 27  - 23 17 43  - 44  -  9  - 29 37 52 34 40  - 33 21 48
