2880
 39 33 21 14 40  - 44 46 38  -  4  9  - 57 28 22 25 24 50 53 11  2 20 17 13 52  - 41 56 59 55 58 36 34 18 51  1 12  8 54 43  - 37  - 49 19 32 29  - 16 47  7 27  -  - 30  - 26  3  5
 26 46  8 56  - 19  - 48 15 58 49 24 38 27 51 53 14 23  -  6 41  9 25 39 32 12 18 40  -  - 50 16 30 13  7 52 47  5  2 59  - 43 36 21  - 31 29 28  - 22  - 44 11 33 35  1 17 57 45 54
 15 24 56  - 45 16  - 25  - 34  7  - 60 22 52 48 26 53  9 11 32 58 38  - 37  - 46 31 23 17  - 10 29 55 39 43  3 36 57 18  -  1  6 47 33 14 35  - 21  -  -  5 13 19 44 28  2 30  -  -
  - 21  -  - 27  -  4 51 37 35 11 33 47 24 40 52 13  - 12 29 55 49 17 30 25  1 31 60  5 39 14 42 41 45  -  - 26 56  3  - 23  - 57 53  8  -  7  2 19 18  9  - 43 38 36  -  - 16  - 58
 58 23  - 48 26  - 57 55  - 53 41 27 32  6  2  8  - 33 18 17 45  3 35 36 31 47 12  9 11  -  -  -  7 19 42  4 46 39 51 49 28 13 52 24 16 60  1  5 40  - 15 56  - 25 34 43 54  - 29 44
  - 27  - 54 24 57 21  - 40 17 51  7 35 58 33 37  1 20  8 43  - 47 59 15 45 14 22  - 36 19  -  - 18 56 11 16 23 26 38 12 39 48  2 10 60 46  - 32 50 44  - 52  5  4 28  - 41 53 25 31
  -  - 51  7  5  2 34 49  -  - 40 18 45 36  - 25  8  - 22 37  9  - 52  - 15 28 35 24 16 50  - 32  - 54  - 39 56  1 26  -  - 41 38  -  - 42 20  - 48 13  - 27 17 55 33  -  -  4 43 14
  4 41 35 52  -  7 12  - 21  9 14 26  3  - 29  -  -  - 19 16  - 44 37 48 53 50 47  5 58 11 17  - 43 51 60 22  - 27 15 40 49  -  - 25 34  2 31 55 46 24 23 59 32 54 18 13 33 38  - 28
  - 39  -  - 33  - 32 23 56  -  3  -  6 16 50  - 55 49 51 57  2 22 31 46  9  - 19 42 38 10 34 54 15  7 25 11 41 53 13 60 30  - 47  8 21 12 40  - 43 45 44 29 28 59 17 24  5 35 58 26
  -  - 46  -  - 38 22 33 36 45 39  -  - 50 15 26  -  -  7  2 14 28 56 16  - 54 49 11  -  9  - 37 40  - 57 47 53 48  - 21 13  3 27  -  -  - 60 20  4 55 51 23 25  -  - 41  6 44  1 59
 45 31  7 21 60 11  2 38  4 43  - 50  - 55 13  5 23  6 58 42 53 41  - 40 10 18  - 47 54 57 33  - 44  1  3 30 14 17 22 19 34 29 24 35 56  - 48  - 15 49 32  9  - 20 37 12 46 52  - 16
 51  7 54 37 50  3 39 35 25  -  - 36 53 38 14  -  - 58 17  1  4  - 34 49  2  8 27 16 41 22  9 33 20 44 46  6 31  -  5 45 52 42 23 30  - 55 59  - 10 15 48 13  - 28 19 40 26 60 56 32
  -  -  4 33  -  - 27  - 35 30  9  -  - 56 19  - 49 31 42 10 25 40 50  -  7 41  2  - 28  3  - 57 54  - 55 45  -  - 37  -  5 16  - 58 24 20 22 52 51 39 46 60 26 29 15 48 12  -  8  1
  -  - 49 53 20  1 41 34  3 27 54 51  5  7  -  2 17 57 30  - 46 31 36 43 56 40 13 39 45 35 42 55 26 58 21  -  8  - 14 37 59 19  4 32 28  -  6 15 52 33 29 48  - 11 24 23  9 10 38  -
 11 60  - 47 13 39 36  8 20 10 58 23 30  -  -  1 18 52  2 41 33  -  - 38 57 55 44  - 12 27  -  - 45 14 28 56 16 31 29  4 15 51 25 37 59 40 54  -  - 42  - 43  7 48 50  6 22  - 53 46
 44 47 16 50 21 40 25 60 49 14 57 41 10  8 55  - 31  3  - 58 42 13  1  2 52 17 59 15 35 43 26  6 24 23  - 34 39  - 20  - 48 27 46 28 29 18 33 30 54  -  7 19 22 56 53  -  - 45 32  4
 25 58 59  3 14 32  1  - 30  -  - 53 23 51  - 28 29 18 35 31  - 60  -  6 17 27  - 38  4 54 21 22 13  -  9 15 55 40  - 20 36  2  - 46 12  8 26  -  - 57  -  - 24 34 47  -  7 42 33 49
 31  9  -  - 59  - 47  3 27 60  - 16 40 25 26 21 24  -  6 12  - 38 42 34 22 35 51  2  1 29 46  -  - 53  - 32  -  - 36 14 44 58 55 17 20  - 50 10 56  5 11 30  4 15  - 52 48  - 18 19
  -  - 60 15 58 18 20 40 29 11 31 13  -  -  -  3 12 26 21 28 34  4 41 44  - 10 57 53 49 25 45  9  - 43  - 17  - 54  - 38 19 14 32 48  - 24 23  8  - 35 37 51 52  7 59 46 55  1 36 39
 60  4 22  - 34 56 16 10  2 50  -  -  -  - 58 20 45 41 53  8 30 11  - 25 23 26 40 29 46 13 19  5 51 52  - 12 21 47  1  6  - 33 54 44 36  - 49 35 59 38 42 18  3  - 43 15  -  - 39 37
  - 44  - 25 37 13  7  9 19  - 30  2  -  4  - 45 46 43 27 49 57 14 24 59  - 15 48  6 26 32  -  - 28 38 20 50 29 23 10 41 12 11 35 34 51 54 56  - 31 47  1  - 39 17 16  -  3 22 42 60
 46  -  6  4 23 59 55 56 26 13 12 15 31  - 25  - 10  - 60 50 38 43  - 47  -  7 45 32 24  1 35 28  -  - 44 20 19 37 42 29 57  -  9 40 11 51 27 34  8 17  - 54 16 14  - 22 53  5 41  3
 16  -  -  - 12 22 11 21 44  -  -  - 48  - 46  -  -  -  - 59  5  - 30  3 19  -  - 58 51 28  - 14 34  - 37 40 18  - 43 33 27 49 56  9 52 36 25 54 45  8 20 42  - 23 41 26 29  -  4  -
 29 48 24  -  - 14  -  -  -  8 47  1 25  - 54 34 35 22 56  4 36 10 12  5 44  - 11 51  - 26 27  3 39 40 50  2  -  -  - 13 38 37 15 19  - 17 28 33 23  - 45 49 59  - 21  7 42 32  9  -
 48 28 44 41  3 54 19  - 42 25 52 21 33 35 38 57  7 60  -  - 51 32 18 50 34  2  - 30 43 20 12 15 58 11  - 55 49 24  - 46  -  - 53 23  9 37  - 39  5 27  - 17 45 26 56  - 40 13 22 36
  1 37 58  - 10 25 23 26  8 31 29 17 46 49  -  -  6 55 41 44 54 59  4 56  5 33 42 13 40 30  -  - 27 36 12 57  9 51 48 39 53 24 20 60 47  7 16 43 38 28 22  -  2 18 14 34 32 15 19 11
 14 42 48 19 38 33 59  7 18 44 53 43 29 20  6 56 21  - 39  - 23 51 54 11  -  - 55 52  - 49  - 45 17  -  - 35  - 22  - 57 41 47  8  3  -  - 10 37 28 50 58  -  1 13 46  -  - 25  2 27
 32 12 57 38 48 20  3 53  -  - 35 46 34  - 11  -  - 10 54 25 52 16 21 58 28 23 24 17  - 36 60 27  9 22 15 19 59  -  7  8 56 30 40 26 37 45 42 44 29 41 13 55  - 47  6 49 31  2 14 43
 22 10  - 16  9 29 40 50 46  6 23 39 13 59  8 32  3 45 52  - 31 30  - 20 41 51 21 48 19 15 58 18 38 49 36  1  7  - 53 17 60 12  5 14 25  -  -  - 42  2 24  - 34 57 55 44 28 56 47 35
 24 29  - 59  - 31  -  - 12  - 48 56 28  2 27  - 51 50  - 18 35  - 23 22 47 44 39 43  8  - 40 41  - 15  5 14 38 60 16 52  1  - 21  - 30 32 53 13  -  - 26 46 58 45 10 17 36  - 57  -
  3 18 25 22  - 15 49 19 28  - 20 10  - 39  - 24 59 51 38  -  7 52 46 42 16  5 34 12  9  4 30 29  - 26 27  - 35  - 11 36  2  6 41 57 17 56  8 58  - 32  - 33  - 43  - 54 45 31 55 50
 57 43  - 39 46 36 37  - 33 16  2 12 58 40 34 55  - 11 47  -  -  - 60  9  6 22 54 56  - 52 10  -  - 32  - 13 24 45  - 15  8  7 28 29 19 48 30 21  - 31 25 50  -  -  -  4 38  - 26 17
 36 34 14 20 30 35 42 11 47 48  -  - 52 12 22 60 40  4 24 32 29 50 45 28  - 39 15  - 10 46 56 51  5 37  -  - 44 13 55  9  - 23 16  1 54 53  3 27 57  6 21  2 49 41 58 59 43 33  7 25
  - 20 11  1 54  - 56 41 43 55 59 14 37 33 31  -  -  2 29 27  - 34 13  -  - 36  -  - 50  6 18 17 49 30 38  8 42  3 12 53 22 25 48  5 57  4 19 46 32 21 16 24 40 60 52 58 51  9 44 47
 13 40 50 58 31  - 15 44  - 18  - 35 14  3 59  - 52 17 20  -  8 27 47 26 39  -  4 36 25 55 48  - 10 21  -  - 22 30 60 32 33  - 29  -  1  6  5  - 24  9 49  - 23 46 54 19 34 41 51 53
 47 11 20 31 57 42  -  -  6  -  - 55 18  -  - 58 38 46 45  5 44  - 26 10 12  - 23 22 27 56 36  7  8 48  -  - 34 21 54 24  - 15 13 49 14 30  2  9 16 52 40 37 29 39 25 60  - 59 35 51
  7 19  - 11 42 49 38 58 59 37 43 34  4  - 56  - 41 28 23 54  3 45 10 35 21 60  - 33 57 51 13 39 31  - 14  -  5  9  - 55 16 36 44  - 50 27  -  6  - 46 52 32  -  - 29 53  - 20 17 30
 54 57 53  9 49 50 18 39 11 51 22 19 24  5  -  6 28 29 43 33 16  - 15 12 59 56  -  - 55 38 37 13  - 60 31 42  2 58 35 25 14 40  - 36  - 47  -  -  - 20 30 45 48 27  -  3 52  - 34 23
 43  2 33 40  - 53 14 31 24  5 34 37  - 47 36 50  - 32  - 48 56 42 19 54 55 30  9  -  - 16  - 23 12  8 13 60 10 20 59 22  7  - 51 18  4 11 57 17  - 25  3  6 21 58  1 35 44 46 15 45
  9  - 45 60 19 23 26  -  -  1  8  - 27 15 17 41 34 59 32  3 21 54  5 52 29  - 56 18 42 37 25  -  2 47 35 24  4 43 46 58 55  - 10  -  - 38 11 16 36 48  -  - 30 50 49 51 39  6 13 33
 23 54 34 44  -  - 50 14 41 19 28 20  - 30  -  - 15 37 49 56 40 55 27 53  - 57  -  -  - 18 22 24 25 33  - 59 58  - 32 10 31 35 39 38  5  9 51 42  2 29  - 36 12 52  7 45 16  - 60 48
 28 25 10  2 15 48 54 29 57 26 56  - 19 32 18 12  - 21  - 46 60 23  9  - 49  3  8 35  - 58 51  -  1 24  - 33  -  7  - 34  - 59 31 43  6 44 39 50 53 11 17  - 42 22  5 36 37  - 52 13
 12  -  - 17 18 10  9 36 13 15 50 44 22 14 53 33 56  1 31  -  - 20  -  - 38 37 32 59 30 41 16 26 35 29 49  7 57  6 21 42 45  4  - 27 23 39 34 25  3 19  2 28 60  5  8 11 24 47 54 40
 40  - 12 10 32 26  6 13 50  - 15 31 39 18  7 16 20 19 46 30 59 53  - 14 43 25  -  4  3 33 28 36 55 41  1  -  - 44 45  -  -  9 34 22 58 49  - 48 35  -  5  -  -  2 11 37 23 51 24 42
 59 52  -  -  4  9 13 22 53  -  -  - 56  - 16 51 54 40 15 45 48 35 39 41 46  -  1 23 20 24 38 47 50 57 29 36 11 18 34  5 37  8 60  - 26  3 14  - 12 43 31  -  - 44 32 42  -  -  - 10
  -  5 37  6  - 60 52  - 22  - 13  3  8  - 12 49 39 35 59 36 17 46  - 45 20 19  - 54 34 48 29 11  -  4 10 26 27 16  - 28 24 32 33 15 42 50 44 23  7 53 38  1 14  -  9 18  - 40 21 56
 55  3 32 35  -  - 10 24  - 41  5 28 57  -  - 39  - 48 25  - 22  -  - 21 26 45  - 50 44 34  - 20 16  -  - 38 30 46 47  1  6 52  -  7  - 33 58 18  9 59 54  -  - 12 13  - 60 29 31  -
  8  6 36  - 22 46 17 30  - 24  - 42  9 29 41 40 33 56  - 55 19 39 32  4  - 20  - 44 15 31 23  2 47 10 16  - 54 49 28 27 21 18  -  - 43 52 13 53 37 58 34  -  -  1 26 14 57  7  - 12
  5 38 19 43 53  -  - 12 39  -  -  - 51  - 49  -  2 13 26 40 10 48 44 60  1 29 58 57 18 47  7 34 32 42 52  9 36 14 17 11  - 45 50 33  3 22  - 59  -  4  8 21  -  - 23 56 35 28 30 20
 19  - 27  -  -  - 30  2 16 36 38  8 49 48  4 23 58  - 44 14 47 24 11 32 51 34  - 25 13  - 31 56 46 12 26  3 28 52  - 50 10 17 59  - 55  - 45 57 33 60  - 53 20  - 22 21  1 39 40 18
 38 32 47 45 39 24 31 52 14  - 60 40 43 26 48 27  - 54 28 15 37 25 33  7 42 13 50  - 59 44 20 46 53  2  4 29 51  8  - 56  3 22 19  - 35  5 12 11  6 10 41  - 36 21  - 57 18 17 23  -
 50 35 39 57 11 51  - 17  5 29 45 54  -  - 10  - 47 44 13  -  1  -  - 24 18  9  -  -  -  - 43 21  4 16  6 53 15  2 19  - 46 26 42 12 40 23  -  - 41  3 28 58 33 32 31  8 25 49 37 38
  6  -  - 13  - 58 51 59  - 33 16  - 54  - 60 29 32 27 36  - 24 56  8 19 11 46 26 37  7 53 57 44 22  - 30 25  - 28 40 43  9  - 49 31  - 10 17 38  1 12 39 14 35  3 48  - 50 23  - 34
 42 22 55  - 35 44 60 45 54  - 24  - 36 37  - 11 19 14  -  9 50 26  - 23 33  4 41 28 47 12 39 53 59 46 32 21 40 25  6  3  -  -  -  - 13 15 52  7 17 30 56 16 18 51 20  5  8 43 27 29
 18  -  - 34 36 55 24 15 45 22 10 47 16  - 32  - 60  -  - 52  - 57 58 13  4 42  3 21 48  5  1  - 14  - 41 23 17 38 44  7 20  - 11  2 39  - 37  - 25 40 19  - 54 31  -  9  -  8 50  -
 35  8 29 30  1 34 45  4 51  -  - 57 42 46 21  9 37 36 11 24 49 33  -  -  -  6  5 10 17 60  2 48 23 39 22  - 25 59 50 44 58 20  3  - 53 13  - 31 27 14  - 26 47 40 12 38 19 55 28  7
 27 56 30 23  6  4 53  - 60  - 17 11 59 45  -  7 42 25  - 21  - 12  - 51  -  - 36 20 29  - 54  - 37  9 43 41 50 33 58 47  - 10 18 13 32 35 46 22 55 34  - 39 31 49  -  2 14  - 16  8
 53 55 42 32 44  5  8  1 17 40 33 49 11 41 37  -  -  9  - 51 43  -  6 31 50 48 20  - 22  2  3 25 57 18  -  - 13 29 27  - 35 60 45  - 38 34 21 47 26 54 59  4 56 36  - 39 30  - 10 52
 52 30 43 42  -  - 29 47 10 54 32  - 12 28  9 19  -  - 57 34 20  - 55  - 58  - 60  1 21 45  5  - 33  - 48 31  - 35 25  2 18 46 14 11  7 41 36 56  - 23 27  8 44 53 38 16 15  - 59  6
  2 17  -  - 47  - 58 18 31  4 19 32  - 53 42 13  - 39 16 38  -  - 28 29 36 21  7 45 33 23 49  -  3  6  8 27 52 10  9 51 25  5  1  - 46 57 15 41 44 26  - 34 50 30  - 55 11 14 20 24
