2880
 43 12 34  3 11 33 52  2 22  6  - 51 28 35 15 29  - 31 19  - 60 20  7 10 18  - 24 50 41 13 27 39 46 38  - 30 48 42  - 26 16 54  5 55 57  - 17  -  4  - 53 37 32  - 40  8 14 44 49 25
  7  6  1 12 49  3 54 25 28 33 26 47 50 17 42 24  - 52 23  2 14 13 53 31 35 21 55 56 18 58  5  9 48 11 29 37 22  4  - 32 10 46  8 39 45 41 36 44  - 34  - 15 27 38 19 57 51 43 20 30
  - 38 49 11 41 43 37 54  - 18  -  7  - 28 21 16 25 48 39 15  2  -  - 34  - 20 14  -  - 10 60  - 44 52 13 40  - 51 50 58  5  - 24 36 31 26 55 30 45  9 17 27 42 29 35  -  -  - 57 53
  -  - 25 19 39  - 42  6 51  9 20 54  8  -  5 45 43 26 31 10  4 48 56 36  -  - 32 58  1 53 47  7 55  - 34 13 27 12 49 46 21  - 40  2 59 23 38 60 28  - 50 18  - 44 11 29  - 24 35  -
 14  1 27 40 56 47 28 20 46 13  -  - 37 41 44  - 29 16 60 25 51  - 33 59 12  8  -  - 21 55  -  3 17 22 11 19  5  - 15 39 52 36 26 48 24 58  6  2 32  7 10 42 23  4 54 35 50 45 38 43
 25 26 44  - 40 46 20 17 38 24 28  2  -  - 59 41  7 45 12 56 37 39 16  - 36  -  - 54 60 30 14 10  -  5  6  8 13 43 53  -  9 55 31 34  1 49 19 42  -  -  - 22 50 35 15  4 58 51 47 52
 60  -  4 31  - 59  - 10 44 57  3 56 18 58 20  - 35 23 45 13  - 30 22 15 29  - 52 41 43  2  - 24 54  -  7  - 32 47 38  - 19 26 48  - 11  - 28 49  - 27 51  - 40 53 34  -  -  5  6 21
 19 49  - 17 23  - 16 32 35 59 48 33 44  -  4 36  - 13 27 54 50  3  - 25 42  9 47 40 56 26  -  1 37 55 22  -  8  -  -  - 53  - 28 43 10 14  2 21 34 24 46  5  - 18 41 58  -  6 60 38
  -  -  2  5 58 30 18  -  4  - 46 26  - 36 51  - 54 57  -  -  3 32 40  -  -  -  1  -  7  - 35  -  - 49  -  - 37  - 34 33 50 22 13  - 48 56 25 43 17 47  - 21  9 39 20 59  -  - 53 16
 27 22  - 53 50  6  3  4 34  7 51 52 17  - 41 33 23  - 14 19 24 16  -  1  5 30 58 29 36 45 54  - 49 37  - 18 15  9 44 38 13 25  - 60 28 11 42 31 48  - 26  8 39  - 55  2 40  - 12 56
 37 56 46 15 30 35 10 59 48 19  - 43  5 52  - 38 50 21  1 27 28  -  - 24 26  2 39 60  - 12 40 55  -  -  - 34 44  8 58  -  - 49  - 25 51 17 41  3 53  6 14 45 29 32  4 33 13  7 18 23
 33 25 39 46  -  - 48 60 29 27 10 28 13  1 55 50 21  5 42 57  -  -  - 52  - 12  8 17  - 44 19  -  4 26  - 54 24 35 56 30 11  - 47 38  - 59 34 23 20 22  -  -  -  - 37  -  7 14  - 15
  - 27 16 56  9  - 47  8  - 51  6 31 12 43 13  1 11 44 22 14 15 38  2 60 53 57 41  - 32 19 59 40  7  - 54  - 42 24  4 17 29 23  3 37  5 45 26 39 33 52 36 20 48 21 50 28  -  - 55 46
 49 39  - 32  8 21  6 55 60 31  5  -  - 13 29  -  1  - 38 48 19 53 50 12 56 28 17 43  - 57 46 15 20 10 23 22 58 44 18  - 51 40 37 47  3  2 45  - 54  - 34 36 11 26 27  7  9 42  4 24
 58 15 52 18 25 45  - 35  -  -  - 17  - 33 10 49 57  - 34 12  6 29 55 41 28  4  - 19 14 31  8 44 56 43  - 16 51 13 37  9  - 47 50 23 46 24 21  1 36 32 39 54  - 22  - 26  2 20 40 59
 35 41  -  1 47  - 60 34  -  - 25 58  7  - 46  - 55 38  - 43 16 22  - 26 13 48 57 44 37 54 51 53 45 30  9  5 31 32 42 29  - 12  - 59 39  6 33  8 19 20  3  4 36  -  2 27 23  - 11  -
  - 54 53 24 52 20  9 57 42 49  - 13  1 22 35  -  -  -  -  -  - 46 25 38 41  6 16 15  - 37  2 59 50 51  - 39 18 56 40 27  -  8  - 12 17  5  4 32  - 10 55 14  3 34 45 43 28 60 21 48
  -  5 42  - 16 19 36 33 45 34 35 38 53 55  -  3 20  - 44  6 25  9 21 23 43 56 37 10 51 46 24 13  1 60 18 58 11 27 59 40 39  - 17 15 50  -  - 12  2  -  - 26 54  - 30 47 49 28 31 14
  - 18  - 30 17 41 35 46  5  4 23  6 39 40 14 48 51 29  -  7  9 45 27 53 33  3 20 47  -  - 11 60  -  -  - 10  - 34 22  2 42 31 49 32  -  - 16 28  -  1  - 19 56 36 52  - 24 37  - 54
 45  - 58 47 28  - 50 56 26 37  9 46 30 23 32 31 39  -  - 40 49 52  1  -  - 59 51 38  - 29 33  - 10  -  - 11 36  -  - 42 44 35 55  - 60 13 54 48 57  - 15 53  -  6 22 19 18 21  2 20
 50 57 48  7  1 11 39 47  - 44  - 37  2 24 40 52 56  - 18  -  -  - 26  -  -  - 36 22 42  -  3  6 58 27 43  9  - 29  - 60 49  - 35  - 38  - 20 41 46  -  5 28 53 12 14  - 54  4 17 19
 32  -  -  -  - 60 25 26 16 52 33 42 47  - 23 11 34 17 41 30  7  1 28 46 24 53  3 35  -  -  - 57  5 44 19 49  -  2 54 50 36 15 58  -  9 10 59 27 39 45 29 43 51 56 18  - 55 22 37  8
  - 28  7 25 59 55 19 58 17  - 27  1 42 39 34  4 18  6  -  5 47 37 48  - 16  -  -  - 52 24 21  2  - 57 31 15 20 26 12 22 41  - 60  - 40 43 56 51 44 35 45 23  -  - 32  -  3 46 29 49
  - 29 21 13 44  - 24 36 30 56 32  - 52  - 17 60  3  - 57 31 11 12 23 14  - 34 22 27 50  7  4  - 26 18 38  -  9 48  - 37 45  - 10 46 55 20 58  -  6 25 16 39  - 41 28 15 35 33 59  2
  2 24  -  - 38  - 29 39 14  - 57  - 31  - 60 20 22 54 16 49 17 33 52 58  - 19  -  8  3  5 32  - 18  4  -  -  -  - 48 44 26  6  -  - 36 34 13 59  1 53 23  -  - 42 21  - 41 47 45 35
 46  - 35  - 45 56 21 53  - 29 43  - 19  5  8 51  - 36 59  9 58  - 30  - 50  7 15  6 11 52 55 31 41  2 32 44  -  - 47 20  4  - 34 49 23 40 37 16 25  - 27 10  - 28 60 17  - 13 39 33
 31 42 32 43 10  - 34 21  - 15  7  4 25 37  -  -  -  9  - 36 30 11 60  8  - 52 23 18 55  - 49 16  2  3  - 51 56 40 33  5 12 27 41 50  - 29  - 13 47  -  -  1 14 17 59  - 20 26 58  -
 38 16  - 34  -  -  7 40  - 46  - 32  - 53  - 15  2 50 56 45 52 26 29 54  - 42  -  5  8 60 18 58  - 13 28 24 21 25  1 48 33  - 30 10 44  3 12  -  - 17  4  - 41 59  9 37 19 39  - 31
 40 58 55 14  6  -  8 24 27 38 15  - 34  9  - 53  - 43 48 17 10 60 45  - 20 32 13 11  5 22 31 50 33 54 49  - 59 36 23 51  2 41  7  - 35 21 52 19  - 30 47  - 37 46  1  - 42  3 28 29
  - 32 28 23 27  1 38 43  3 48 59 10  9 25 58  8  -  4 26 11  - 57  - 39 44 15 19 36 30  - 53 45 51 24 14  - 16  - 52  - 55  - 33 35  2 46 22 47  - 21 60 41  - 37 49  6 34  - 42 50
 13  -  8 42 36  - 12 14  - 11 17 27  - 48  3 32 19 53 37  -  -  - 38 56  9 40 28 57 20 18  - 51 30 34 39  -  6  - 60 49 46 21  -  1 41 16 43  4  -  -  - 35 24 58 26  5 25 54 50  -
  -  3 59  -  -  - 56 50 20 32 24 45 36 10 53  2 60  - 11 55 54  8 47  - 46 33  5 21 23 25 29 48 31  1 58  - 14 49  -  - 40 57 16 22 15  4 51  - 12 19  9 52  - 13  7  - 38  - 27 17
 41 46 51 36 24  - 33  7 21 16 54 35  - 20  6 23 38  3  9 50 31 44 49  - 57 25 40  -  - 34 17 18 15 56 30  -  - 11 32 52 28 45  2 42 53  - 27 37 14  4 59  - 22 43  -  -  8 48 13  -
  3 14 45 51 32  4 41 31 53 12  -  - 56 54 36  - 10 30  - 52 38  - 19 47 27 46 50 25 58  8 34 23  6 28  - 35 55  - 24  7 18 20 59 21  - 37 29 22 15 16 43 60 13 57  5 48  1 49 26 11
 11  - 22 52  - 39 31 23 32  - 49 25  6 15 45 47 30  - 51  - 43 58 46  - 38  - 48 13 53 33 20  -  8  - 41  1 40 59  - 21 35  -  - 14 26 12  3 24  7 42  - 44  - 54  - 18 27  - 10  5
 15 47 50 10 46 48 26 22 39 58 34  - 55 21  - 59  4 20 32 24 18  -  5  - 52 16 38 49 27 42 44  - 43 40  - 57 12  3 14 11  -  - 25 30 29 53 23  6 51  -  -  2 35  8 36 60  -  1  9  -
 28 40 14  2 31 12  -  - 18 10 50 48 26  8 19 54  - 58 17 23 53 35  9 27 22  -  - 39 57 43  6 33 52 16  3  - 45 55 41 34 38  - 15  4 56 51 46 25  5  - 11 59  7 30 47  1  -  - 36 44
  9 11 54  - 15  2 40 37 59 55 22 18 48 45 33 42 27  - 47 16 32  4 51 29  6  - 43 28 26 36 56  5  - 17 10 50 19 23  -  -  8 14 12 58 25 30  - 38 13 44  7 34 57 24 46  3  - 41  -  -
 22 51  - 29 34  - 32 38  2 42  - 44 35  - 26 43 24  8 40 41 46 14  4 13 21 36  7  - 16 11 45 19 60  - 15  - 54 28  3 23 59 17 56 18 30  1 49  9 55 37 58 57  6 48 33 53 52 50  5 39
 47  - 13 28  -  - 43  5 56  8 19 57 11 42 30  7  9 46  2 44 12 27 15  - 54 39 49 45 31 17 23 14 21 48  1  - 26  6  -  - 24  - 53  - 37 50 32 58 59  3 40 33  -  - 10 55 22 38 25 18
 17  -  3 41 19 36 55 49 25 30 13  5 43 50 48 58 47  -  - 51 21 34  8 35 23 31 54 14 44 27 22 38 12  9 60  - 10 39 20 53  -  - 42 52  7 33  - 29 26 15 57 40  2  1 16  - 59  - 24  4
 48 13 36 50 57 51 30 52 54  1 58 24 40  3  2 44  6 27 49 18  8 31 42 55 11  - 45  7  4  - 37 46 34 12 59 41  - 38 17 43  -  -  -  - 32 25 10 56  -  - 28 16 21  9 23  - 29  - 19 26
  4 59 12  - 48  - 27  - 52  - 55 14 41 29  9  -  - 10 24 38 42 36 37  7 39 45 46 31 19  - 50  -  -  8 33 17 35 16 26  - 54 53 21 20 22 47 44  - 49 13 32 11 34  5 43 25 57  - 15 28
 42 20 18 49 53 15 17  9 41 50 30 60  -  2  1 12 40  -  8 37 26  5 43 51 31  -  - 52 39 14  - 56 16 59 35  3 47 58 28 19 34  7 27 44 54  -  - 45 10 57 13 38 25  -  6 36  - 55 32  -
 39  8 19 33  5 13 11 45 55  2 21 50 54 38  - 18 48 32 52 29 59  7  -  - 47 17 10  -  - 15 12 27 57  -  - 42 53 37 46  - 60  -  -  -  4 36  9 34 31 26  - 51 16  - 58 23 43 35 14  -
  5  4  - 37 22 10 45 13  - 35 29  - 46  - 50 19 58 47 55 20 56 41 57 44 30 11  - 23 38 59 26 49 53 36  - 25 60  -  7  -  1  - 14  3 34 54  - 15  9 51  - 17 28 52 24 31 39 40 48 32
 12  -  -  6 51  - 15  - 33 43 52 53 16 31 11 56 46 22  - 42 27 55  3 20 14  - 21 37 28  4 58 25 39 29  8 36 41 17 30 13 57  2 45  - 18  - 47 26  - 60 19  7 59 40  - 32 10 23 44  1
 57 60 26 35 55  7  5 19  - 20 41 30 49 16 43 25  -  2  4 59  - 21 11 22 37 24 29 32 12 51  -  - 38 31 48 46 28 53 39 10 15 34 23  - 27  9 50 52  -  - 42  3 44 47 13 45 33 56  - 40
 16 50  6 26 20  - 57 27  -  3  - 36  - 56  -  - 17 25  -  - 35 42 44  9 49 54 60 34 10 48 41 28 29  7 40  - 52 15 13  - 23 33 39 11 14 32 30  5 18  - 38 58 46 31 53  - 47 12 22 45
 30  - 37  -  4  -  - 44 10 54 47  - 33  - 49 40 42 12 15 39 22 17 41 18  2 26  - 48  6 32 36  -  9 23 56 43 29 46 35 16  7 13 11 51 21  - 60 55 27 28 52 25  8 45 57 38  - 19  - 58
 54  - 33 59 18  -  1 41 19  - 56  - 60 11  - 39 44 49  -  4  - 51  -  - 58  -  2 53  - 23 10 35  - 45 36 21 57 30  8 14 31 38 52 16  -  - 40  - 43  5 37 47 20  3 17 50 15 29  - 42
 26 17  - 22 37 16  -  - 24 40  - 34 32 47  7  - 31 15 28  - 23 25  -  6 48 10 11 12  -  1  - 52 19 33 53 29 43 41 57 55 20 30  -  8  -  -  5 50  - 59 18 13 58 14  3 42 45 27 46  -
  6 37 43 38 13 29  -  - 23 25  - 55  - 60 54 57 41 40  -  - 44  - 14  2  7  1 42  -  - 20 39 17 36 58  4  -  - 50 45 35  - 18 32 33 49 28 53 46 24 11 31 56 15 51  - 16 21 59 30  9
 55 35 60 27 54 31 44  - 47 41 11 39 15  7 18 28 12 37 10 32 36 40  - 42 34 14 53 30  9  - 48  - 13 19 45 20  2 21 51 25 22 58  1 24 43  -  - 33 23  -  6 29 38  -  8  - 46 57 52  3
 21  7 38 55 43 50 13 18 31  - 45 40 14 51  - 30 52 24 53 47  1  - 20  5  -  - 44  2 59 41 25 37 22 15 17 32  3 57 19  8 58 60 54 28  6 39 48 35 16 56 33  - 49 10 29 12 36  - 23  -
 10 48 56 58  -  -  -  -  1 36 18 16  - 32 47 21 59 11  7 35 55 24  - 37 19 41 26  9 15 39 13  8 27  - 51  - 46 60  5  3  6  -  4 29  - 42 57 53 40 31 44 49 43 20 12 52 30  -  - 34
 20 45 17  -  -  -  - 51 58 53 38 12 57  4 25  5  - 34 46 21 29  2 54 33 40  -  9 24  - 47 15 22 28 35 27 26 39 14 16  -  - 59 18  6  8 60  1 36 41 50 49 48  -  - 31  - 56 11  - 10
  - 55 41  4 60 57  2  -  -  - 14 19 23 59  - 17  5 35  3 34 39 28 58 45  8 27  6 16  - 21 42 26 24 47 46  7 30 20 11 18 43  1 29 56 13  - 15 10 52 40 22  9  - 33 25  - 31 53  -  -
  - 10 24 45 26  - 23 29 37 28  4  3 51  -  -  - 49 59 25 46 40 15  -  - 60 58 31  - 34  -  - 21 35 32 20 56  - 52 43 57 14  - 22 27 33 18 11 17 30 55 41 50 12 16 39 54  6  2  8  7
 59  -  9  - 42  8 22 12 13  5 31 49 29  - 27 34 15 33  - 60 20 54 39 28 55 18  - 26 24 40 57 30 23 21  - 38 25  - 36  4  3 32 43 19 16 44  7  - 37  2 35 46 47  - 51 14 11 52  1  -
