2880
 56 26 18 11 46 49  1 54 29 12  - 40 22 43 50  5 15 36 39 45  - 17 37 27 19  -  -  8 47 28  2  4 48 20 30 38  - 42 33  6 53 58  - 14  - 34 44 51 60 24 21  -  7  3 59 23 31  - 32 57
 55  9  8 18 37  4 35 11 25  -  - 54 15 26 58 39 29  - 14 23 19  3  - 31 34 27  6 38  1 33 40  7 59 22 10 12  - 36  2 16 56 42 53 48  - 45 41 49 21 47  -  -  - 32 24 60 30 52 20 50
 59 40 34 46 42  - 17 26 22  7 16 44 43  5 60 45 14 24  - 57 51 27 33 55 37 53 54 25 58 47  - 21 35  1  - 36  - 23 56 11  4  2 30  6 50 39 18 31 10 49 52  -  8  - 28  -  9 19 15 41
  9 42 26 22 60  -  2  4  - 41 11  - 25 54 29 30  6  - 55 21 59 48 18 51 57 52  - 28 27 14 43  - 20 31  3  7  5 58  - 56 45 50  - 16 10 13 39 36 33  -  -  - 53  - 46 15 19 49 34 32
 25 45 58  6 44 10 32 41  1 18 31 12 37 57  - 52  - 22 15 54 17  - 26 30 42  3  - 60  8 36 21  -  - 14 28 35  - 29  - 40 39  - 47 38 27 24  - 20  - 48  -  -  -  4 43 59 23  5  - 13
  -  - 57 27 29 15  -  - 56 30 49 26  - 35  - 44 23  3 47 48  -  -  - 42  4 17 59  -  - 41  -  - 24 10 21 13  2 53  - 18 28 38 33 22 43 19 60 11  5  9 20 52 55 50 36 46  - 16 14  6
  - 17 59 47 14  6 18 46 51 57 30  -  4 55 20 40 10  - 33  - 25 12  -  -  1 35 28 11 48 49 13  3  -  7 32 44  - 50  9 19  2  - 21  -  - 16 31 22 54 60  8 41  - 42  - 27 58 29  5 56
  - 12 36 40 25 39 34 60  - 37 45  - 44  - 56 49  - 15  8  5  - 24 32 52 50 38 10 22 54 43  -  -  - 55  -  4 58 26 23  - 31 16 57 53 19 48 11  3 14 28  - 27 18 51  - 30 46 21  2  7
  3 30 40 13 20 43 39 48  - 46  -  - 32  6  7 60 47  - 35 11 29 19  - 59  - 25  -  -  - 51 23 31  1 36 57 34  - 56  -  - 14  - 28 27 44  -  - 58 18 55 45 50 54 26 37 52 15 17 42 10
 52 58 56  -  - 33 20  - 37 21  - 42  -  - 41 32 50  -  1 51 15  8 34 57  - 12 44 18 38 53 14  - 22 13 31 30 59 54 10 26  9  6 43 23 36  -  4 29  - 27  7 45 40 11 19  2  - 47 55  3
 60 54 10 25 38 16 26 37  - 52 44 55  - 47  3 51 40 56  - 28  - 59 13 43  9 20 17  - 32  -  5 45 53  - 42 23  1 22 31  7  6 34 41 12  - 50  - 14 35 19 11 46 58 29 15 48 49 30 36 24
 35  - 14 37 10 20  5 28 58  -  4  2  7 16  -  1 34 48  - 44 56  - 30 19  - 39 51 36  9  6 24 13 31  - 11 55  - 38  - 46 21 18 12 57 32  -  8 42  - 23 22 15 41 33 27 40  - 26 17  -
 19 34 48 12  6 56  3 31 20  - 27 37 52 24  9 42 54 50 36 35  8  - 47 10 32 18  - 45  5 58 28  2 30 44 25 40 21 57 15  - 29  - 55  -  - 26 13 38 53 46  4 23 49 17  - 41 16 33 43  -
  - 49  - 45  - 13  - 52  7 43 15 60 21 32 53  2 42 29 18  -  - 41  8  - 11  1 37 14 20 24 56 47 10 54 44 58  -  - 50  -  -  3  6  - 23  9 34  -  - 22 16 38  -  5  - 19 35 46  - 40
 33 59 16  - 53 21 60 24 11 14 37 18 46 23 36 10 57 38  -  - 22 54  -  -  5 19 48 29 12 34 27  -  - 41 13  - 28  6 39 35  - 30 32 58  -  - 52  4  9 42  1 55  - 43 56 51 40  - 50  -
 50 46  9 20 11  - 48 30 39 27 23  4  - 19  5 25  - 53 42  - 24 51 29  -  - 13 56  3 59 55  7 33 60 21 34  6 15 43 38 28 26 32 45 49 12 35  -  - 58 18  - 40 36 47 52 37 54  -  8 14
 13 16  - 42  - 36 23 49 27 48 12 53 40 11 54 19 46 59 20  -  7  - 58 25 55 28 57 52 56 44 47  6 50 15 17  - 22  2  8 24  5  -  - 41 29 43 10 35 45  - 51  9  - 38  3  - 32  4  - 37
 18  -  2  - 17 47 24 42 36 56 43 57  8 27  6 59  - 28  -  - 30  - 49  7 10 21 20  - 35 16 26 11 46  - 37 41 14  3 52 55 60  - 23  - 22  1 19  5 32 33 38 25  -  - 54  - 51  -  -  -
 28  3  - 57 35 48 30 17 33 42 41 47 16  7 25 55 32 60 34 52 50 18 27  -  - 29 46 40 31 13 39  5  8 26 53  - 49  - 11  - 37 44 24 15 20 14  6  2 56 10 43  - 51 45 23 12 38  -  1 21
  - 19 42 51 12 40  - 59 57 13 26 25  1 20  - 50 39  - 41 43  9 10  6 37  - 49  - 33 22 18  8 44  3 53 45  5 23 60  -  - 54 24 46 32  - 55  - 48  4 29  - 35 52  - 30 28  - 15 47 38
 31 25 12 59 39  - 13 51  3 26 38  -  - 10 21  - 35 37 46 60  4 22 14 49  -  - 27 43 18 29 45 30  -  -  7 24 34  -  - 58 33  9  - 50  -  - 23 55  1  - 44  6 17 48 40  - 52  2 19  8
  5  -  - 39  1 37  - 15 19 35 10 59 51 46 28  4  - 45 27 32 49  -  - 41 26  2 33 21  - 57 16 38 29 40  - 42 12 17 24 22 44  7  8 11 54 58  - 43 52  3  9 48 31 56 18  - 55 25 30 36
  - 14 43 10 40 38 19  - 24  9 20 13 48 60 31 53  - 32 52  8  - 33 56  - 49 36  5 30 55 45 42 54 26 12  1  - 17 11  -  - 46 57 34  4 15 27  7 23 37  -  3 28  - 21  -  - 44 18 41 35
  8 15 17  - 26 55 29 12  6  -  - 38 23 30 59 22  - 42  5 49 44 52 48 46 45  7  - 47  3 31 51  - 34  - 39 57 11  - 37 50 41 14 56  -  9 32  -  - 16  2 36 54 43 40  - 33  -  - 21  -
 20 52 31 30 23  3 14 34  4 38 50 15  2  - 44 26 27 25  - 58  - 47  - 29 54 55 21 19 43 59  6 41 11 35 18 60  9 12 16  8  7  1  5 36 13 53  - 57 51 17  - 42 39 37  -  -  -  - 49 33
 40 47  1 31 52 12 54  -  -  - 53 19 27 33 15  8 38  - 23 17 34  -  - 28  - 60 43  6 10  4  -  -  - 57 56 45  - 48 51  - 20  - 58 26 24  -  - 21 11 14 35 37  -  9 39 16 22 36 44  -
 37  - 41 50 57 14 40 32 49  -  -  -  - 28  - 11 31 20 45 39  -  5 44 24 12 26  - 46  -  - 36  -  4  - 33 52 47 55  7  1 23 17 15 13  3 38  - 53  - 43 60 16 59 19 58  - 21 51 48 18
  - 20  - 55  4  - 41 35 32  8 60 51 26 53 14 34  - 13 56 24 38 57 40 45  - 48 30 42 25 50 10 22 18 23 15 11  - 33 46 37 17 19  - 47 58 44 36 16  3 59  - 12  5  -  1  7  -  - 31  -
 23  - 28  - 56 58 21  - 16 59 35  - 11 29 19 15 12 41 31  4  1 38 53  2  3 10 45  5  -  7  - 39 43 30 47 51 27  - 57  - 18  8 22  - 46  -  -  6  - 52 34  - 24 13 44  - 17 32  - 25
 15 35 49  2 41  -  - 44 42 25 17  - 14 39 23 43 11 27 13 12 55  -  - 33 52 32 29  - 24 21 37 48  -  -  - 22  3  - 60 59 30  - 16 46 51  7 53 34 38  - 54  8 26 18 20  -  4 50 45 47
  - 24 53  - 32 42  - 16 43 47  7  3 45  - 34 18 41 30 58 55 54 39 51 60 48 50 36 17 14  - 22 52 23 33  6  1 13 44 26  - 12 31 49  5 57 59 35 37  -  8 19 56 46  2  9 21 27 38 25  4
 39  -  - 28 58 26 55 23 54  -  - 21 42 34 17  - 18 43 48  2 47 32 36 40 51 24  4 44  7  - 52 15  -  - 59  - 25 10 19 31  -  - 50 30 33  -  1 27 57  - 12  3  - 35  6 29 37  - 60 53
 44 33 27  8 13 46  6  - 45  - 40 30 34  3 18 21 48  -  9 36 57 29 39 58 47 16 42 15 41 22  - 20 54 60 55 26 10  1  -  -  - 51 37 24 59 12  - 28 25  -  2 32  -  - 49 17 14  - 53  5
  - 60 20 44 28 22 25 55 15  5  8 35  - 42 51  6 24 12 19  -  2 34 52 54 17 11  - 50 26  1  9 46 47 27 43 29  - 32  - 38 16 45 40  3 21 23 30 13 41 39 56 57  4 58  - 49  -  - 59 48
 58  7 23  - 55  1 51 50 13 15 34 11  - 18 52 17 37  -  - 41 12  4 42  - 53  - 24  -  - 10 35  - 56 16  5 33 36  - 45  9 43 59 31 40 38  - 57 32 22 21  -  2 47  6 14  -  8  - 28 46
  2  8 44 14 16 18 37 39 47 28  -  - 19  - 35 54  - 31 51  7 43 26 41 32  - 58 15 10 46 30  3 34 27  4 20 48  6  -  1 13 22  - 17  - 52  5 25  9 23 53 49 59 38 60 33  - 24  - 40 11
 22 53 19  1 49 25  8 56  - 44  - 24 33 48 42 16 45 11  7  9  -  - 55  6 36 46  -  - 57  5 59 26  - 58 60  3 30 51 20 41 50  - 14 43 18  4 21 39 40  - 32 10 28 23  2 38 47 27 37 12
 42 13 24 29  - 31 53 21 35  4 56 43 55 38 33 27  -  - 26 59  6 28  5 34 60 37 12 20 11 40 15  -  2  -  8 10 52 16 32 39 58 47  7 54 41 57  - 25  -  - 30 51  - 14 17 45 18 23 22 49
 17 32  3  - 48 60 58 19  5  -  2 36  -  - 39 24  4 10 38 22  - 31  - 53 46  - 35 49 33  9 29  1 16 11 41 15 43 59 14  - 34 23 44 21 56 54 50 45 28 25  - 30 37 57 51  -  6 12 13 55
 27  - 51 56 47  -  - 36 31 40 52  - 13  -  - 35 17  - 60 20  - 44 28  - 58 33 34 32 15 19 55  - 38 46 14 39 53  -  - 54  -  - 48 25  -  - 49 59  - 45 24 29 10 30 16  -  7 11 57 26
  6  - 29 53  8 34 15 18 38 16  -  9 31  - 11 57 43 51 12 56 26 46  7  - 30  5 50  -  - 27 33 32 13  - 49 19 24 52 42  4  1 54 39  2 35 60 47  -  - 20 41 17  -  -  - 44 28  3 58 23
  -  - 38  -  - 35  - 43 46 51  6  1  - 21 30 31 25 58 22 13  5 16 50  - 41 44 47 57 52 32 48 59 49 39  - 27 56 28 34 10  3 33  9 19  4 36 37 17 15 40  - 11 42 54 29  -  -  7  -  -
 26  - 35 49 31 24 44  -  - 39 57  - 12 51 10 36 55  -  2  3 48 50  - 21 40  - 19  - 37  - 25 43  9 52 38  - 33 20 18 23  8 11  4 42 16  - 32  -  7  6 29 53 60 59  5  -  1 54  - 58
 34 37 22 32  -  - 10 47 21 11 42  7  9  8  - 13  -  6  3 33 23 45 35 16  - 56  -  1 36 38 12  -  - 18 52 20 41  5  - 14 57  4 54 60 31 17 29 40 46 51 39 49 15 44 50  - 59 43 27 28
 38 57 11  -  7 53  - 45 23  - 32 22  -  4  8 56 52 16 29 18 37  9 43  3 59  -  - 41 21 26  - 24 36  6 51 54 50 25 30  2  - 48 13 17 28  -  -  - 44 34 33 14 35 15 47 10 20  - 12 39
 36  1  - 48  5 45 22  7 14 58 47  - 54  - 13  -  - 52  -  - 31 60  -  -  6 42 55 24  -  - 50 40  -  2  4 53  - 41 25 57 32 20 18 59 37 46 27 44  8 15 17 21 11 16 35 56 39  9 26 34
 29 55 30 17  3 44  -  5  - 49 25  - 57  1  - 41  -  -  4 40 52 56  - 11 22 45 26  7 19  - 54 10  - 59 27 47 46 34 35 60  - 43  -  9  8 51 48 18  - 31 28 20 23 36 12 53  - 58 39 16
 10 28 52 35 36  - 46 14  9 55  3 45  - 41  - 20  7 26 21 53 13 15 23  - 29 47  2  - 44  - 30  - 57  - 40 49 38 37 48  -  -  - 25 34 39 11  - 56 19  - 18 31  6 27  4  8 50 59 51 42
 47 21  -  - 59  -  - 27 17  2 48  -  - 36 49 29 30 19 57  -  -  -  - 12  - 15  -  -  - 23 46 51 39 28 58 18 54 14 43 32 40 13 20 52  7 56 16  1 26 11 31 34  3 22 41 25 60 24  4  9
 41  4 55 23  -  - 33 40 28 34 14  -  3 52 47  - 59 18 53 16 36 20 17 35  - 57 31 58 50  2  1 49 19 48 24 43 45 27 21 44  - 10  - 51 25 37 46 26  6 56 42 22 29  8  -  5 12 13  9 30
  1 18 39 19 24 57  7  3 12  - 55 49 10  - 48  - 44 35 32 14 46  -  9 17  8 51 22  2 13 20  4 36  6 47 26 50 16 30 28 25 52  5 38 29  - 33  - 60 42 58 40 43 27  - 53 11  - 41 23 59
 49  -  7  - 21 30  4  - 50 24 46 39 60 59 22 33 26 14 10 42 28 23 38 13 27 54  1  -  6 12  - 53 52  8  2 16  - 18 44 17 36 56 19 20 11 47 40  - 55 57 37  - 32  - 45 58 43 48  3 29
  7  - 50 43  9 52 11  2  8 33 24 14 47 22 57 48 60  5  -  - 45 13 54 15 44 34 18 16  - 46 17 12 32  3 29 37  -  - 55 36 35  - 27  - 26  6 28 30 31  1  -  - 25 10 42 20 56 39  - 51
  - 41  4  3 30 19  - 53 59  - 54 46 20 25 40 38 56  -  - 34 39  7 24 50 43  6 32 13 29 48 31 35 21  - 23  - 44  8  5 52 27 37  2 55 14  - 22  - 12  - 15 60 33  - 10  9  - 57 11  1
  - 10 47  7  2 11  -  6 26 54 59 48 36  -  4 46  3  - 49  - 42 37 16  8 21 30 58 55 23 39 34 56 12 25 19 14 18  9 29 51 24 41 60  1 53  -  - 15 43 44 27 33 50 52 32 13  - 22 35 45
 32  6 60  9 15 17 59 20  2  3  -  - 38 31 27  7 28 46  - 37 21 11  4 14 33 22  - 54 49 56  - 42 55 45  -  -  8  - 36 47 19 25 51 35 30  -  - 12 48 50  -  5  - 34 57 39 10 40 16 44
 53 36 15 34 45 29 50 58  - 19 39  -  6  - 12  - 49 47 16 10 11 40 60 48 13  - 38 23  4 25 57  - 51 32  -  2  -  - 27 21 59  -  -  -  5  -  - 52 17  - 14 18 22 55 26 35 41 56 24 31
 57  - 32 54 50  7 12 25 41 20 18  - 53  - 38  3 16 34  6 30 14 36  1 47 35 31 40 26 45  -  - 17 15  5 48  9  4 49 59 43 51 52 29 39 60 10 33 24  -  - 58  - 19 46 13 22 42  8  - 27
 30  -  5  4 27  - 16 57 10 17  9 58  - 13  - 37 36 54 24 50 35 55  -  -  2 23 11 56  - 15 41 14 42 19 12 28 20  - 40 29 49  - 26  8  -  3  - 47 59  - 53  -  - 25 38 31  -  -  7 52
 51  - 21  -  - 32 27 13 52 22 28 20 30 49 37 58 19  2 54 46 60  - 11 18  - 43  8  - 39 17 53 50 45 56  9  - 29 31 12  3 42 26  1 44 40 15 14 33 36 16 47  7 34 41 48  -  - 10  6  -
