2880
  - 50  6  - 16 12  -  -  9  - 46 14  -  4 20 10 39  -  2 48  - 23 45  -  5 58 55 25 40 13  7  - 33 54 22 57 17 44 27 42  -  - 26  -  - 15  - 51  3  8 60 47 52 21 28  1 37 41  - 30
  9 16 35 30 44 22 21 54  1 12 40 57  -  - 51  6 55  - 29 18  -  7 43 28 38 17 60  -  -  - 26 48 41 15  2 36 56 53  5  8  4 34  - 58 27 52 39 13 49  - 50  3 19 37 11 33 45 59  -  -
 22 39 52 10 40 15 55  - 34  1 44 37  -  - 26  5  - 31  -  9 33 35  -  - 14 28  - 19 12 24  2 49 59 57 30 41 21 13 47  - 48 42  3 38 29  - 16 36 53  -  7 45  8 56  -  4 11 50  - 58
 33 13 16  -  - 56 57 22 21 29 23 52  2 31  - 44 45  -  -  -  9  3 41 53  -  - 42  1 24 26 18 37 49 25  7 47 28 58  4  6 30 39  -  - 19 11 60 50 10 48 55 46 15 17 27 51 59 20  - 36
  -  - 15  - 49  8 50  - 30  - 33 17  -  - 34  - 29  - 11 51 21 22 37  - 48 26  9 32 53 23  - 35 60 52  3 12  -  - 46 25 13 40 18 27 54  1  -  7 16  - 39 31 14  2  - 28 55 24  - 38
  - 24 22 17 48 52 36 21  - 58  - 19  -  8  - 12 47 35 49  - 31 37 46 44  7 34 26  -  - 14 25  - 57  -  1 32 15  - 13 43  -  - 53  - 45  6 42 54 28 23 30 50 51 55 56  2 33 60  - 59
 51 28  - 37  3  - 32  - 45 56  -  -  - 49  - 25  - 30 42 36 38 57 60 34  -  -  - 59  -  - 24  -  - 16 40  - 12  - 54 48 22 50 39 53 33  7 35 19  -  1 20 23  2 46  4 44 13 10  8 43
 40 48 14  9 17 44  -  - 54 18  -  -  - 56 58 36 19 22  - 42 60  -  - 11  -  - 34 49  -  7 29 30 25 24 35 21 47 23  - 12 15  -  -  - 52 43 13 16 32  3 26 39 55  4 41  -  5  8  - 45
 19 22  7 14  - 28 47  - 17  - 10 13  -  -  6 40  4 49 57  -  - 38 11  - 30 45 48 55 20 52 31  - 36 23  - 44 25 50 58  5 35 59 21 43  -  3 26 60 46  -  -  - 29 32 54 18 56  9 34  8
 12 47 45 27  -  - 42 32 14  - 60 35  5  - 18  - 15  - 50 59 39 55 17 30 31  6  8  - 29  - 48 58 23 56 24 43 34 52 11 33  - 28 22 10 20 51  2  1  - 46 36 53 21 13 25  7 54 49  4  -
 30 51 25  - 18  - 15 37 52  7 27 33 48  - 35  - 43 55 31 21 49 19 13 22 28 38 54 50 14 11  6 57 32 44  - 24 20 56 41  - 45 36  -  -  2 53  -  -  5 12 46 26  1 39 29  - 10  - 17 47
 25 59 41  - 50 54 39 56 35  - 16  3  -  6  2 21  -  - 58  7  -  - 51  4 47  5 32 60  - 28 42 43 14 33  9 45 53 38 49 10 37 19 30 11 15 40 44  - 26 31 12 57 34  1 20 22 27 36  - 55
  -  - 49 58 41 10  3 51 24 31  -  9 23 21 47 22  -  6  - 56  - 25  5 27  - 48 33 53  -  - 28 26 42 20 60 13  1  - 18  - 38 46  8 39 30 50 40 12 37 14  -  2  -  7 45 11 17 19 54 15
  - 46  - 11  2 36  - 49 18  - 47 40 27 14 32  4 24 53 55 25 50 58 23 26 15  - 20 41 44  - 16 13  - 22  - 35  3  - 31  - 56 54 34  5 28 60  6 29  9 45  - 19  -  - 38  - 48 21 57 12
 36 27 60 15 37  4  9 46 29 45 41 48 42 19 25 30 53 24  -  -  6  -  7 52 58  -  - 20 22 33 43 23 11 26 44 59 49  - 28 39  - 31  -  - 38  -  -  2 55 40 14  -  -  - 35  5 34 51  - 32
 50 18 59  5 47 23 60 38 58 30 20 11  - 13  1 14  6 32 54 37  7  8 40 43 46 12 52 42 56 31 22 21 24 45 15 34 55 10 48 41 53  - 51 17 16  4 29 25  - 19 57  -  - 44 26 39  9  3 35 28
 11  -  3 31 58 60 29 28  - 15 34 20 45  - 38 17 16 59 13 40  - 30  - 25  - 41 50 10 19 12 23  - 18 53 42  1 51  -  6 14  - 37  -  8  9 44 48 33  -  -  -  7 27 35 49 52 22  - 39 56
  - 35 34 54 31 59 53 23 40  2  1 29  - 46 49  - 56 12  5 20  4 44  -  -  6  - 16  -  - 43  - 41 55 10 52  - 22 32 24 19 33  - 57 14 25 26 47  - 50  -  -  -  9 48  3  - 60 58 45 17
  - 42 46  -  - 24 58 40 13  6  - 56 26  3 14  2  - 57  - 11 15  - 50 23  -  -  - 16 54 27 17 31 38  - 28 39 29 49  9  -  5 10  -  - 59  - 12 21 25 33  1 43 41  -  - 36 44 37 30 53
  - 10  -  - 11  - 37  - 19  8 52 26 13  1  7 39 31 16 40  3 51  2 12 59  - 30  4 18  - 36  - 17 28 41 45 56 43 29  - 57 50 14  - 35 46 58  5 48  - 53  -  -  6 20  - 38 23 34  9 33
  5 32 23  - 22 43  - 48 25  3  7 49 31  9 19 24 36 20 21  -  - 56 18  -  8 40 51 35  1  -  - 50 27 59 13 15  4 17 10 54  - 44 38 42 14 16 53  - 60 57  - 34  - 41  - 45 26 12  6 37
 54 53 26 48  - 40 31  -  8 46 59 32 10 33 30 28  3 25 23 12 37 50 39  -  1  - 24  7  - 56 27 55  - 43 38  - 36 20  - 21 29 58 52 13 47 45 51 22 17 34  -  -  4  -  -  6  2 16 14 35
 57 54 32 49 10 50 56 60 42 22  3 55  8 51  - 53  -  -  9 47 27 45  1 41 35  2  - 37 28  - 36  -  - 14 29 20  - 25  - 38 18 21  - 33 58 31 30  -  6  - 43 24 39 12 34 59 52 17 44 16
 27  - 12 26  -  3 24  - 53 43 37 18 51 50 36 23 10  8 28  - 46 41 20 38 60 49 35 21 15 30 54 29  - 40 25 11  2 16 56  1 32  - 14  9  5  - 58 17  7  6 44 59 47 22  - 19 31 48 55 13
  - 43 27 29 35  - 40 55 28 36 21 46  -  - 31  7  - 18 38 60  - 10 14  9 37  - 25 47 30  8 13 24 22  - 32 51 50 33 53 11 26 52  1 34 49  2  4 20 19  - 56  - 16  - 39 48  6  - 15 41
 44 19 33 52 20 26  6 30 27 38 43  - 14 35 23 13  7 50  - 39 56  -  8  -  - 42 40 34 47 45 46  9 31 49 58  4 11  3 32 15 28 53 29  - 17  - 57  - 54 25 18 60  - 51 21  - 41  5 16  2
 60 11 50 47 53 35  -  - 38 41 14 12  - 42 39 55  -  5 34 30 54 52  - 18 29  4 43  - 16 59  - 40  3  6  - 33 57  - 44 37 58 48 25  - 23  9 24 31 20  -  2 17 36  - 13 49  7 32  1 51
  -  8 11 13 60 32 49 24  6 17 29 25 54 12 48 15 57 28 26 10 16  9  - 14 21 50  5 23 42  - 58 44  2  - 55 27 37 59  - 56  - 38 19 52 18 30  1  -  -  - 51 41 22 31 36 53 43 39  7  4
  7 30 10 38 13  9  5 11  - 19  -  -  -  - 50 43 58 15 24  - 47 26 59 20  2 33 36 17  -  4 55  8 16  1  - 29 41 34 21 45 52 60 40 56 44 39 18 37 42 35  -  -  - 27 48 54 25 46  - 31
  -  -  - 60 51 47 10  7 50 59  5  6 55 28 13  - 40  3  -  -  - 12  - 31 32  - 22 57 38 53 33  -  - 39 23  -  - 54 35 36 20 56 27 30  - 41 45 18  - 15 37  1 26 11 42 21 16 14  - 49
 14 20  - 59  - 13 28  9 51 33 24  1 17  - 54 35 37  - 56  6 10 36 48  -  4 52 41 58 11 47 12 16 34  -  8  - 46 19 26  - 39 22 32  -  7  - 38 53  - 42 21 30 44 49 23  -  - 43 29 25
  -  -  - 20  8 46  - 39 22 24 36 28 50  - 56 16 32  - 15 43  -  - 38  3 26  9 18 45 31 35  - 25  7 19 14 58 48 57 42  - 49  5 11 12  1 34 27  4 44 47 23  - 37 60 55 29  -  -  2 52
  - 25  - 22  -  -  4 18  - 27 11  - 53  -  - 54 23 36  -  -  - 39  - 57 19 37  - 26 17 41 38 59  -  2 34  3  5 46  - 20  -  8  - 49 13 32 21 47 51 10  9 35 60 52 44 42  -  7 31 24
  - 56 39  -  1  - 20 10 60 47 22  -  - 34 12 57 25  4 16 53 48 43 29  2 42 55 19 36 33 18 52 38 46 35 50 49 58  8 51 59 24 27 44 37  - 23 31 41 15 13 17 14 28 26  6 30 32 11  5 54
  - 41 24 16  9  1  8 17 11 21 39 47  7 38 57 20 14 45 36 55  - 59  4 56 53  - 29 27 26 15  - 32  6 13 12 10 40 42  - 22  -  - 33  -  -  - 19 23 31  - 28 58 48 34 30 46 51  2 60 44
 59 45 28  2 57 38  -  4 15 20  - 54 11  7 53 48  1 17  8 44 35  6 34 58 12  3 23 52 60 51  -  - 30 55  - 46 27 14 29  -  9 26 31 32 39  -  - 56 21 22  - 18 43  -  - 37 40 33 24  -
  -  - 29 57 45 51  - 58 44 26 17  8  9 10 42 27 59 48 43 32 34 28 22 35 56  - 37 33  6 46 41 47 39 21 54 25 23 11  -  - 60 12  -  4 31 36  7 49  -  2  5 40 38  3 15 50 14  - 20  1
 53 29 57 42 32 19 18 44 37  -  2 58 49 40 22 46 41  -  6 45 28 48  -  - 33 16 27 12 25 55 34  5  -  - 11  8  7 43 30  - 36  - 56  3 26 10 59 39  1 52 38  - 20 54  9 15 47 35 50 21
 18  - 48 24 38 37 11  - 56 25 50 41  - 44 46 32 28 14  1 29  5 34 35 45 40  7  - 22  2 42 47  - 53 31  4  6 59 21 39 60 16 33 54 51 10 17 49 55  - 26 52  8 23  9 19  - 30 15 13 57
 45 21 44 12 33 30 46 13  2  - 28  -  - 24 40 26 54 43 60 52 11 42 49  - 41  8 39 38 58 37  9  -  -  7 36 22 35 31  1  - 19 57 47 20 51 59 55  3  -  4 27  5 32 18 17 16  -  - 56 34
 42 38 51 23  -  6 34 29 46 48 49 31 60 30 28 59  - 27 52 22 43 18 15 16 25  -  -  5 36 57  4 20 12  - 47 19  9 26  - 55  2  1 10 44 21  -  3  - 35  7 11 37 45  -  - 14 50 53 40  -
  -  5 56  6 29 33 19  - 55 35  8  -  -  - 45 41 30 37 39 17  1 13 26  -  - 14 58 31 59 54 21 60 20 46 43 38 32  4 12 44 51 16  - 36  3  -  - 40 24  - 10 42 18 28 47 25  - 23 27 11
 32  7 38 51 27 21 16 36 39  - 15 10 24  - 59 47 34  9 17 23 45 29 30  - 22 19  -  6 50  -  - 11 48  - 57 52  8 35 60 26 12  2 20 18 55 13  -  5 43  - 31 28 56 53 58 41 42  1 49 14
 23  4 37  - 52 42 41 26  7  - 48 43 38 11 33  - 44  - 53 50  - 46 25 19  -  1 15 14  3 49 20  - 10 47 17 55 30 60  - 16 40 13  2 31  6 28 22 24  8  - 35 51  5 57 18 32 58  - 36 29
  4 52 36 33 43 55 27  2 26 44 45 51 22 59 17 11 21 54 19  1 41 40 31 15 50 24 57  - 23  9 32  - 37 48 18  -  - 39 20 53  -  6  7 16 35 25 46 38 34 29  - 12 13  8  -  - 28  - 47 42
 47 60 18  1  7 45 51 50 12 14  9 22 59 15 29 33  2  -  - 28  - 53  6 55 57 11  3 13  - 44 40 56 17  8 26 16 42  -  - 46 21 32 35 24 41  -  -  -  4 49  - 54 31 19  - 34 39 27 37 23
 24 15 40 53 54 34 25 35  - 37 51  2 19 52  - 38  -  - 14  - 26  1  -  -  -  - 13  - 21 39 57  -  8 29 41 28 10 55 36  - 47 30 58  7 42  5  -  6 23 20  - 22 17 59 46  -  4  - 11 27
 31 26  5 43 36 27 38  -  - 16 55  - 15 47  -  1  - 51 25 49 29  - 53  - 23 13 46  2 34 22  - 39 50 18  6  - 52  9 17 28 57 41 45 59 56 19 54 10  - 30 58 20 42 33 40  8  3 44 12 48
  3 49  2 35 39  - 54 12  -  4  - 16  - 26 43 34  8 42  -  - 24 14 58 60 17 15  1 29 32  - 53  7 47 38 46  - 45  - 55 30 10 20 23 21 22 27  -  - 40 50 13 56 57 25 51  - 36  6 33 19
 15 31 19 56 46 41 48 57 20  5 30 44  - 32 55 52 60  - 10  2 40 21  3 51  -  -  6  4 35 29  8 22 13 12 39 23 16 37 34 27 14  - 50 47 36 24  - 43 33 28 42 38 54 45 53  9 49 25  - 18
 34 40  -  - 23 14 13 27 41 60 32 39 20 58  -  8  5  -  7  - 25 51  - 12 55 35 49 44 43  1 45  - 29  - 59 30 38 36  2  4 42 47 15  - 53 54 28 46 57  - 19 52  3  6 33 17 18 56 21 10
 46  -  8 50 28  2 45 14  -  - 53  - 52 39 15 60 22 11 35 27 59  4 33 13 20 47 30 51  - 16 19  3 21 34  5 42  -  1  -  - 44 25 17 57 32 49 43  9  - 36 29 48  - 58  -  - 38 31 41 40
 16  -  4 55 26 48 30 52 32 53 31  5  - 37  8 19  -  -  - 13  - 33 21  7  9 39 45 54 51  6 49 28 44  -  - 40  -  - 59 29 25 17  -  -  - 14  - 27 11 24 34 36 50 15 60  3  1 38 23  -
 58  2 54 39  - 29  7  6  5 40 13 23 35 25 21  3 42 19  -  - 36  - 57 37  - 18 28 48 10 20 51  -  4  -  - 31 44 12 15 50  1 55 49  - 24 38 11 34 52 56 41 32 33 30  - 26  8 45  -  9
  - 36 55 25 19 57 26 43 31  - 58 34 32 27 11 42  - 33 44 46 30 16 28 40 59 20 53  -  7 50  -  1  9  5 56  2 54 51 37 18  3 49 13  -  4 22 15 14  - 60  8 29 12 38 10 35 24  -  - 39
 28  -  9 19  5  - 44 25 47  - 12 36 56 18 52 49 50  2  - 34  - 11  -  - 27 53 38 40 46 17  - 33 43 30 10 37 39 15  - 13  7 51 48 60  8 20  - 58 41 16 45 21 59 24 57 23  - 26 42  3
 39 33  - 28 24 53 17 45 48 11 18  - 30  2 10 31  - 47  4  -  8 49 32  1 54 36 12  -  - 58 44 51  5 27 21 26 19 41 23  - 55  - 60 50 57 56 14 42 38 37 59  6  - 16 43 20 15 40 46 22
 37  3 53 46 12  - 59  -  - 55 19 38 29 45  9 58  - 40 20  - 52  5 56 33 44 10 21  - 57  -  -  -  - 28 51 50 13 18 14 31  -  7 16 22 48  - 17 11  2 43 47  4  - 42 24  - 35  -  - 60
 49  - 31 36  6  5 23 15 33 32 25 60  3 16  4  - 20 56  - 35 42 17 52 50 18 43 14  - 13 40 10  - 51  - 53  - 24 48 57 47 41 45  -  2 34 21  8  - 59 54 22  - 46 29  1 27 19 28 58  -
  -  - 47  7 34 39  -  8 16 42 38 30  -  - 60  - 46 26  - 14 20 32 27 48  - 29 56 15 55 10 59  -  - 17 49  9 31  5 25  3  6  4 24 28 43  -  - 57 45 41 40 33 58 23 37 13 53 54  - 50
