2880
 30  - 20  8 34 47  -  1 23 37  -  -  9  - 39 53  - 51 38  3 41 33 49  - 10  -  -  - 27  4 40 31  6  - 15  - 19 21 59 57 54  - 35 13  2 50 29  - 22 26 28 16 60  7  - 17  - 58 11 46
 31 27 17 34 32 54 47  -  - 21 29  - 55 25 16 44 26  - 42 24 39 12  5  2 38 45  - 11 46 36 28 23  -  8  9 30 40 20 13 33 52  4  - 14 15  -  - 48  -  7 51  -  3 18  1 19 43 56 10 37
 47 16 35 24 19  - 17  -  9  - 18 59 54 43 33 37 10 34 51 60 58 53 40  1 42 21 41 31 39 29 36 13 46 32 44 55 56 57 20  -  8 38 52  6 30  - 50 26 25 48 45  2  5  - 15 14  7 28 12  -
 37 32 33 56 47 19  - 40 18  1 38 31 41 28  7 26 17 42 39  -  -  9  - 35 36  - 54  -  - 58  8 24 14  - 51  - 43 55  - 59 22  -  -  -  - 52 16 25  2  3  - 21  6 29 10 23 60 13 46 15
 29 22  9  -  - 34  5 31 12 35 57 38 23 58 15 32  8 46 40 36  4  - 16  - 19 24 17 44 47 54 33 51  - 37 20 49  - 48 18  7 41  - 53 28 11 39  2 52 26  6 27 43 55 14  3 42 30 45 60  -
 26  3 44 52 17 39  9 28 42 45  -  2 30 10 22 27 57 14  - 12 25 59 46 24 16 19 15 50 53  - 38 37  - 54 33 23 20  -  4 60  7 29 56 11 51 36  8 47 31 21 41  5 18 34 43 35  6  1 32 48
 11 12  - 38  - 59  - 37 19  - 22 27 44  - 30 33 41 10  6 57 36 17 26 50 51 25 39  4  7 16 46 58 13  5 23 53 24  -  - 31 49  -  -  3  - 47 34 55 40  1  - 60 14 45  -  -  2  8 42 18
  5 49 43 41  - 42 59  6 29  - 46 14 48 32  9 57 30 24 20  - 50 19 13 26  1 58 31 40 60  2 22  - 12 21 47 27 11 33 36 51 38  - 28 55  4 34 45 53 35 16 56 44  - 23 37  - 10  -  8  -
 45 35 40 20  - 58 46  -  - 54 50 39 38 52  -  - 51 55  4 23  6  3 31  - 29 15  - 59  -  -  - 57 17 47 10 13 34 18  8 48 26 37  - 21 16 53 43 42 28 22  -  -  9  - 25  - 12 32 14 33
 57  - 41 13  4  - 40 46 33 17  8 36 32 56  - 49 50 16 59  5 60 26 14 53 15 51 48 20 25 18  3 35 31 43 38 11 23 42  7  -  -  - 24 30 52 19  1  - 44 29  - 47 34 22 54 45 39  - 21  9
 53 52  - 25 29 36  -  4 20 30 19 56 43 57 18 22  - 54  - 50  1 28 58 12 44 47 11 16  5 37  -  - 38 39  3 21  - 49  - 46  - 60 41  -  - 17  - 59  - 23  7 26  - 15  9 55 48 40  - 32
 52 45 28  -  - 60 13  -  1 25 10 24 19 44 50 51 48 31 22 41  - 49  -  7  - 36 29  - 57 55 20  -  3 17 39  4 59 34  6 11 21  - 12  5  -  - 35 43 58 27  8 30 23 32 26 37 40 14 38 54
 39 23  1  5 49 48  -  8  6  -  - 46  - 26 21 20  - 19 45  - 24 38 56 28  -  4  2  - 54  3 59 40  - 41 14  - 52 29 44  -  9 32 22  -  - 15 42 50 13 57 37 36 30  - 58  - 18 27 55 60
 50 34 19  3 55  - 54 44 47 15 53 52 57 23 49 40 24 29  - 39 32  -  - 31 27 60 56 48  6 30 14  - 42 18  -  1 25 59 35  8 11 21  - 58 46 28 17  9  7 12 22 10  - 37  4 20 45 38 33 36
  - 24 23 46  - 21 58 47 10 34  2 11 12  -  6  - 14 22 33 26 37 16  1  - 52 48  5 43 40 28 17 38 45 19 49 44 50 30 54 41  - 31 51 27  - 25 36 15 18  - 55  7 57  -  - 29  9  3 35 59
  - 51 49  - 14 24  - 48 11  6 37  5 53 39 35 55 40 20 27 59 44  -  -  8  -  1 13  -  - 57 18 43 52 29 17 56  -  7 34 22 45 42  - 50  -  -  -  3 10 15 30 33 16  9 19 36 58  - 47 31
 56  -  2 57 53 50  3  - 60 24  - 23 47 31 13 42 27 21  - 51 43 55 52  -  -  9 20 22 58 39 54 10  - 15  6 33  8 12 14  - 18 19 30  -  -  - 28 37  - 11  4 25  7  -  - 44 34 26 40 38
  4 43  - 49  2  -  -  -  -  8  -  6 58  -  -  - 60 27 24 56 47  - 50 17 45  -  1 55  -  -  - 36 39 59 57 18 37  -  9  5  - 13 42 48 38  -  7 35 32  - 52  3 51 21 53 34 44 10  - 26
 17  -  3 12 60 31  - 33 59 29  -  8  - 13 46 50 18  - 49 43 16 20 15 34  -  5 38  -  -  - 21 26  9  -  4 39  7 44 47 30  - 23  - 35  6 32 53 41  - 42  - 40 58 10 28 57 36  - 54 27
 43  - 29 11  -  8 48 17 32  -  - 19  4  - 38  - 20 30 47 55  -  - 35 16 49 18 14 39  9 46 31  -  1 45  2 60 58 10 28  6  - 54  5 34  7 37 44 13 15 33  - 53 52  - 12 40 50 57  -  -
  -  5 36  - 23 20 10 57 14  - 33 28 35 55 48 15 16 13 52 25 40 46 27  - 24 54 43  -  -  - 53 49 26  -  - 12 17  -  -  - 39  - 37 32 19  2 60 38  8 31  -  - 22  4 11  6 47 50 58 51
 18  4  - 19  9  - 33 60 15 14  -  - 49  - 54 13 25  1 37 28 23  7 30  - 47 16 50 26 36  6 12 45 51  2  - 31  -  - 22 56 10  - 20 24 40 44 27 32 53  -  5 34 17 42 57  -  8 21 48  -
 33 57 42 32 54 38 11  3 16 46 13 43 52  -  - 23  1  - 15  -  - 47 55  -  - 28 44 14 30 45 27 17 56 31 18 25 10 58 48 19 34  8 40 41 39  - 21 49 59 53  6 29  4  5 35 22 24  -  - 12
  -  7 27  4 48  2 21 50 43 33 51 55 28 18 14 56  3  - 44 20 38 52 24 10  -  - 35  5 11  - 39 54  - 23  8 59 12 13 53 34 60 57 58 26 36  - 40  -  6 46 49  1 31 19 16 47 29 15 45 17
 51  - 55 10  1 32 31 11  4  - 44 50 42  7 43  - 12 37 58 54 26 39 34 25 17 56 27 35  - 59 49 30 40 57 13  - 16  - 52 47  2  6  - 46 60  -  5 29  - 28  9 24  -  - 45 38 19 23  -  3
  - 33 45 31  - 46 51 15  7 36 60  - 21 14  - 18 11 28  2 10 17 30  9  - 43 52 40 29 22 41  1  - 16 24 19 57  6 37 25 44 48  - 23  - 12 54 58  4 38 34 20 42 47 53 39 32  - 59 13 55
 48 38 52 40  -  5 26  -  -  2  9  -  -  - 37 36 39 15 16 13 18  -  - 21  - 50  7 60 23 31 58 34  4  6 29 19 35  -  - 43  1  -  - 25 41  - 14  -  - 10  -  - 44 17 24 11 49 47 56 22
 59 15 58 60 33 49 55  2 35 32  6 51 18 38  -  - 37  - 11  - 45 25 48 46  - 14 24 30  8 19 56 12  7 50 21 10 57  - 23 13  4 40 31 17 34 20 22 27  5 47 26  - 43  - 29 16 41 39 36 44
 55 31  -  -  3 29 37  - 44  7 52  - 40 45 27 14 28  - 34 48 59 10  - 60 57 30  -  -  1 13  2 19 50 33  5  - 49 17 43 20 46 26 47 22  - 11 18 12 41 36 32 23 39 56 21  8 25  9 53  -
 60  -  - 36 27  7  -  5 55 18 26  -  - 37  - 59  -  8 17  - 30 15 20 56  2  6 10 13  - 42 51  3 58 35 28  - 46  - 12 49 14 53 34 19 21  9 11 22 47 52  - 38 50 40 23  -  1 54 25 39
  -  2 25 44  5 18  -  - 53 26 43 41 33  3 24  - 36 45  9 15 11 37 59 27  - 34 21 58 29  - 35  7  -  - 60 40 22 28 51  - 13  1 14 47  - 23 56 17 57 49  -  4 10 48 38 54 55  - 16 30
 10  9  -  -  - 45 41 12 21  - 47 17  - 16 11 38 58 33  7 31  8  - 18 29  - 42  - 54 26 35 25 50 20  1 32 37 48 53 19  4  3  - 57 56 23  -  6 24 36  - 44 52  2 28 51 13 22  -  - 43
  - 14 46  2 11  4 38 32 22 12  3 13  8 15 29 19 43 17 55 58 34  - 33 44 18 40 23  -  -  5 37 47  - 60  -  - 30  - 21 53 31  - 48 59  9  -  -  6  - 25  - 49 54  - 52 27 56 51 50  1
 58 36 21 28 25 26 24 10  - 42 49 54 59  - 17  5 44 12 18  - 20  6  - 48 50  - 53  -  - 14  4 32  2  3 55 22  -  - 27 37 23 33 16  -  -  7 38 45 56  8 11  9 35  - 47 51  - 30 29  -
 35 53 30 45  -  - 23 25  - 39  4  - 14  9 40  3 33  - 26  - 19  8 43 55 48 13 51  7  - 17 24 59 10 20 16 50 47  - 49 42 44 36 29  -  -  1 41  5 34 56 38 46 27 60  - 15 21 52 18 28
 28 48 34 42 30  1  - 43  - 10  - 60  7  8 19 16  6  3 25 29  5 58 23  - 55 57 59  - 56 51 52 33 53 27 41 24 32 35  2 21  - 14  -  - 54 38 13 18 46 20 50  - 15 47  - 49 31 37 44  4
  -  - 54  7 52 40 12 49  - 59  - 35  1 29 44 28  - 43 10 17  - 31 32  -  8 23 22 27  - 56 26 15 55 51 30  - 21  - 33  9  -  3 11 37 24  -  - 34 50  4 39 45 42 25 60 41 38 48  2  5
 25 29 60  -  -  -  8 53  - 13 24 10  - 36  1  9 35 18  -  - 21 14  4 54 30  - 52 17  3 33 47 22 34 55  -  -  - 26  - 38 56  - 46 20  - 41 23  - 49 19 40 27 28 58 31  7 11  -  5  2
 49 26 10  - 37 30 18  - 31 40 11  - 24  - 56 41 55 48 21 35 27  -  -  - 53  - 34 23 12 43 60 42 36  - 25  7  -  2 32 39 33 47 17  -  5 13 59 57 51  -  - 22 20 46 44  9  - 16  3  8
  7 28 48 59 50 14 57 18  5 27 31  - 22 19 12  - 32 56 23 38  3  4 29 39  9 44 46  2 43 47 11 53 21 16 35  - 26  6  - 45 17 34 55  -  8  - 52 60 54 13 24 37  - 30 36 25  -  - 15 42
  - 59 39 21  - 16  2 19  - 60 15  - 27 35 47 46  5 53  1 34 13 22 25  9 12 49  4 38 42  -  7 41 32 11 58 20 31 14  3  - 29 28 45  - 50 56 57 10 24  -  - 55 37  - 33  - 26 43 51  -
  3  -  - 18 24 33 20 30 49 44  - 21 10  2 53 12 13  9 35 40 46 42 57 52 59 17 37  -  - 25 41 48 54 22 11  - 38  -  - 58  -  5  7 29  1 43 39 36  -  - 60 56  - 16  8  - 15 31  6 23
 40 60  8 50  - 10 15 55  3 49 12 53 11 27 58  4  - 23 19 16 52  - 22 57 28 35  - 47  - 20 44 25 33 13 24 54  - 45 17 26 43  7 18 36 32 48  9 30  -  5  2  -  - 31  6 59 14 29 39  -
  9  1 53  -  7 22 35 34 58 19 28 25 16 48  - 10  - 40  -  8 55  - 54 47 32  - 26  - 44  - 13 52 18 30  - 51 33  - 39  3 20 15 60  2 27  -  4  - 14 37 21 12 36 43 46 56 17  6  - 45
  1 30 18 58 46 51  -  -  -  - 14 26 34 40 32 39 49  7 60  4 35 29 53 38 23  2 55 12 15 11  9 44  5  - 27 45  - 24 50 25 16 10 54 31 22 21 47 28 33 43  3 57 56 41  - 48 13 17 52 19
 41  -  - 22  - 13 45 27 56 16  1  - 37 33  - 47 34 32  - 30 57  - 21  - 14  8  3 15  4  - 55 20 43  - 12 52 42 51  - 36  5 24 39 53 17 18 26  7  -  -  - 54 46 35 40 10  - 49  9 50
 16 40 14 47 57 35  - 13  8  - 25 18 56 41  5 43 38  4 32 46 22 36  - 19 21  - 45  - 17  9 15 27 48  -  -  -  3 39 60 52  6 44 26  1 31 12 33 23 55  2 42 11 29 51 50 30 54  - 37 10
  2  6  4 33  - 57 22  - 52 20 54 30 31  1 36 60 23 59  5 42  7 48  - 18 40  - 16  3 24 50 10 11 41  - 37  9 55 38 46 15 51 17  8 44 28 29 49 19  - 14 58 35 45 26 32  -  - 53 34 13
 21 20 26 35  - 12 27  -  - 28 45  -  - 50  - 17 59  - 13  -  9 43  7  - 33 22 18 24 55 60 42  - 25 40 53  3  2  5 38 16 32 46 36 15 56  6 51 11  - 39 10 31  -  -  -  -  - 41 19 29
 38 17 57 29 13  - 60 21 26  -  -  3  -  - 20  7  - 47 14 11 49 27  8  - 37 53  6 51 48 32 50  5 28 52 59  2  1  - 55 54 15  -  - 18 35 33 19 40 39  9 23 41 12  - 22 58 16 42 31 56
 34 13 24 17  - 53 49  7 38 23 59 16  - 51 26 48  - 60 56 33 10  5  -  - 41 43 57  -  -  8 45 14 29 25 36  - 15  - 30 50  - 35 27  - 47  3  - 39  1 40 12 19 32 54 18 31 52 22  4 20
  - 56 15  - 36 27 30 39 48  3 21 40 51  4  -  2 31 11 28  - 14 60 42  -  -  7  9 18 13  1  6  - 22 49 54 34 44 46 57 35 58 45 43  - 20  - 37  - 23  -  -  8 41 55 59 24 53 12 26 16
 14  -  -  - 44 28 52 22  -  4 58 20 46  -  3 24  -  -  - 18 33 41 38  - 35  - 42  6  - 10  5 60 49 56  7 36 45 16 40  2 47 51  9 54 37  8 12 31  - 50  - 39 25  - 30 21 23 55 57 53
  -  - 32  - 59 37 50 54 28  -  7 42  - 12  - 11 19  -  3 14 29 44 47 36 31 26  8  1 38 49 43 46 24 48  - 15 18  - 10 40 27 56 25 51 53 35 20  2 16  -  -  - 21  6 13  5 57  - 41 34
 20 54 11 37  -  9 29 26 40 41 27  4 15 30 25 58  2  -  -  7 56  1 10 43  3  - 60 36 50 34 16  6 44  - 46 47 39 23 45 12 28  - 13  - 48 14 31  8  - 35 53  - 59 24 17 18  -  5 49 57
 22 39  7 51  -  3 56 52 13 47 48  - 50  -  2  6  - 36  - 27 28 45 17 23 20  -  -  9 14 53  - 21 57  -  1 58  5 19  - 55 37  - 32  - 25 16 46 44 11 54 31  - 26 59 34  4 42 60  -  -
  -  - 47  6 56 17  7 58 25 52 30 48 36 22 28 31 15 39 54 44 53 35 41 59  4 46 12 32 37 27 57 16 19  - 34 29  9 11  -  1 40 49 21  8 33 55 10  - 20 45 13 50 38  2 14  3  5 18 43 24
 54 46 12 53 22 11 28  - 30 51 16  7 60  - 31 25  - 41 48 21  - 23 39  5 13  - 33 19 32 52 29 18  - 34 45 43  -  4 37 17 36 27 59  - 26 24 15 56  9 38  - 14 49 57 42  2  3 35  1 40
 12 18 56 43  8 25 16 20  -  -  - 49  -  6 51 29  9  -  - 32  -  2 60  - 39  - 58 37 59 24 19  4  - 46 48 28  - 47  5 14  - 41 10 38 45 42 55  - 52  -  1  - 33 50 27  - 35 36 17  7
  -  8 16  9 51 55 14 24 17 50  -  -  -  5 34 54 47  - 12 53 31  -  - 32  - 37 36 56 21  - 30  1 60 10 22 38  4  - 26 29 42  -  3 49 13 40 25 33  -  - 57  - 19 39 20 52 46 44 28 35
