2880
 14 54 55 36  4 37  - 20 52 57 45 16 25 15 32 53 31  - 22 46  - 49  - 26  - 33  5 58  9 38 19  - 24 50 48  - 30  - 60 28 23 40 34 44  3 35 18  1  - 56 27 41  -  6 10 21  - 12  7 13
 25  -  -  -  - 30 37 21 43 10 60  8 51 26 23 50 52  - 15  3 47 44 11 17 31 38 32 54 28 40 16  -  - 49 36 42  9  - 29 55 33 56  - 41 20  1 46 22 53 34  4 14 39 24 57 12  -  -  5 19
 59 55 60 37 53  -  9  2 47 23  -  - 44  - 30  6 14 32  - 19 45 41 31  3 49  - 13  - 17  7 54 35 58 42 40 11  -  -  8 36 25 27 43 33 46 38 10  - 21  5 57  -  1 50 24 28 18  - 22  -
 18 13 52 32  -  -  - 34 45  6  - 29 20  3 43 36 10  5 16 12 38 60 17 59 28 30 46  - 19 33 35  - 41  1  2 27 42 49 37 21 55  - 25  7  -  9 31 44 26 15  -  -  -  -  -  - 23 14 40 22
 57 23 27 53 42 15 35  - 51 26 11 52 29 16 28 54 45 21 36 17 58 55 44 10 22 48  - 47  - 60 14  - 38 12 32 34  - 20 41  7  3 33 19  1  -  6 59  -  - 46 39  - 25  4  2  9 49 37  - 40
 48  7 32  9 44  4 25 58 33 19  5  - 38  1 27  - 12 11  - 10 26  - 23  - 54 40 51 24 21 59 28  - 46 17 50 57 53  - 39 31  8 29 16 56  - 52 15  - 35 42 60 13  - 41 20  3 22 30  6 47
 34 10  - 11  7 21 24  8 48 60 44  -  9 38 45 13  6 56 37 50 16  -  -  4  3  - 42  - 22 46 15 30 18 29 25 33 17 23 19  1 58  - 57  - 39  - 43 53 41 35 36 52 40 14 12  5 32  - 26 27
 32 50 14 60 40 22  - 51  -  7 42 45 35 12 29 28 17  - 44 16  - 58 59 33 23 36 21  - 55  - 52 48  - 46 13  1  - 31  4  -  - 49 56  - 30 19  2 34 10 54  5 20  - 57 26 24 43 47 37  3
 37 25  - 35  - 34  1 43 11  -  3 33  - 21  6  - 55 48 47  -  -  - 18  5 14 51 15  - 46 39  - 56 32 19 16  -  4  -  7 57 30 24  8 45 29  - 40  -  - 41 42 49  - 58 59 13 27 28 60  9
 13  5 29  -  - 60 54 40  - 41  9 36 59  - 19  8  1 47 21 48 24  - 55 34 10 15 33 20 52 44  - 50  4 45  - 22  3  - 27  -  7  6 37 38 57 42 23  -  - 43 18 32 35 25 53  2 56 51 58 49
 44 30  -  7  9  - 20 11  1 40 59 46 47 23 51 22 33 29 50 34 17 53  -  -  4 54 14 48 41 37 45 10  - 43 42 13  5  -  - 38 15 35 36 21  8 55  3 24 49 19 26 12  6 16 28 25 58 52 18 60
  - 57 22 18 19  -  6 50 49 55 28  -  -  -  1  5 54 27 32 38  - 13 45  - 26 58 52 29 30 42 10 20 43  - 12  7 31 35 51 53  - 25  - 11  - 46  8 33 39  -  -  2 15 56 34 59 21  4 48 41
 30  - 35 50 43 54 22 19 40 53  2  - 15 29 26 31 56  6 23 25 49 16  5  -  - 32  - 59 44 45  3  - 12  - 37 48 60  -  -  4 18  1 51 13 27 17 34 39  7  - 11  - 57  - 47 36 24 42 38  8
 43 49 59 42  -  3 57  4 60 54 52  - 23  - 36  9 13 20 56 33 44 26  -  - 37 41  8 46  - 31  5  1 10  7 47  -  - 38 34  -  - 14 32 39  - 50 16  - 58 27 48  6  - 29 55 22 35 45 21 12
  - 40  3  2 13  - 21 23  - 18 50  9 11 51  -  - 36 31  - 20 57  6 30 55 19  8  -  - 32  1  -  7 52 34  - 39 48  4 28 37 17  - 10 49 54 27 47 38 14 12  - 56 22 53 29 46  5 35 16 24
 55 45 28 49 21 11 43 18 10  - 14 30  6 25  4 27  -  - 40 15  - 35 12 32 53 26  - 51 37 56  - 38  - 57 58 41 50  - 47  9  -  - 24 20  1 34 54 29 13 59 22  8 60  - 17 16 52 46 23 36
 52  6 57  -  -  7 47  - 56 59 48 55 33 34 11 60 40 53  - 43 15  4 25 36 51 12 18 19 20  - 49  - 16  - 17 24 41 30  9 35 37  - 14  - 23 58 32  -  - 31  -  - 45 46  5 50  - 21  - 39
 49 38 19 22  -  -  - 42  - 28 18  - 36 35  - 25 46  - 30  4  1 51 15 20 45  3 55  8 31 14 59 58 53  - 56 37 54 27  2  - 44  5  - 48 60 57 41 13 34 39 40 50 32  - 23 26  7  - 47  -
 60 28  -  1  6  -  - 16  -  - 20 56 13  - 33 12 19  - 49  8 14 38 48 18 17 44 40 36 53 24 31 22 59 51 26 47  -  - 25  -  - 32 42 57 52  2 58 21  -  - 34  7 27  5 54 55 11 15  - 10
 35 26  1  - 60  - 33 57 38 32 41 20  2  4 10 17 39 18 48 45 52  3 37 42 12 25 11  - 49 34 36 29  8  6 19 30  7 55 31 27  -  -  - 40 24 54 13  5 51 53 23  - 50 47 46  - 15  -  - 16
 46 43 39 56  - 25 59 14 17 49 31 22 58 19 24 29 48 52  -  1 51 57 20 27  - 28  -  -  4  2 53  - 60  8  5 10 35  - 11 15  - 21 18 47 41 45  6  9 40 37  -  - 23 30 50  - 42 36  3 33
  - 17 46  - 52 58  - 12 26 45  4 37  - 20  9 44  - 10  - 42 60 23 50  - 27  - 54 11 36 57  -  8 13 14 53 59 56 21  6  2  - 34  - 18 49 15 55  - 48 40  3 39 24 38 19 41 31 25 33  -
  3 24  - 44 16 13 15 35 53 47  - 18 40  - 31 46 38  -  1 59 34 29 52 23  - 10 43 30 25  -  -  -  6  - 27 56  2 19 48 50  - 20 54 22 42  5 39 37  4 57  9  - 41 12 51 49 17  7 28  -
 19 14  5 33  -  - 10 47  - 43  - 31  3 36  - 45 20 40 11 57 18 46  -  2  - 23 50 60 15 30  6 25 48 56  7 51 39 44 58 13 29 52 49 54 26 24 27  - 42 55 28 16  -  - 21 38 12 41  4 59
 54  -  -  -  5  9 58 25 23  - 27  2 34 39 46 37 49 45 53 28  - 21  - 57  - 42  -  -  - 51  - 12 56 60  - 16 44 33 43 11 24  7 20 29 19  - 38 55  1 48  - 36  -  - 15  6 13 22  8 50
  6  3 23 24 27 16 45  7 42 12 36 53 22  - 39 32  - 30 17 51 35  - 13 50 47 21  4 31 33 41  - 19 34 20  - 43  - 52 10 44 59 37  - 25 18 60 28 49 15  8  1 11 56  9  - 40 38  -  - 29
  - 22  - 26 39 14 44  - 55 31  - 17  - 59 49  4 34 50  - 41 27 24  3 37  8  - 45 12 18 28  -  9 42 54 46  2  - 11 40 47 35 10 21 30 56 13  - 43 29 16 32 60 36  -  - 52  - 19 25  -
 26 52  -  -  2 29  - 54  6 42 37 40 16  - 50  -  5 36 55 27 28 43  - 25  - 19 41 44  -  3 34 31 15 47 10 45 38 18 24  - 53  -  - 35 22 49  7 48 46  - 30  -  -  - 32  - 59 17 57  -
 31 16 40  5 48 19 41 38 37 14 54 27 24 46  - 47  - 42  - 55 30 18 32  1  -  9  - 45 12  -  -  6  -  -  - 58 57 15 49 23 56 60 50  -  - 53 29 25 22  4 20 28  -  - 52 17  - 26  -  -
 27  9 38 34 10 28  8 41 15  -  - 24  4 53 13  - 23 33 20  -  - 17 56 21 36 11 30 37  - 58  -  - 22 44 57 19 52 29  5 60 43 26 46 55 50 18 35 51 12 47 16  -  7  -  3 48 54 49 31 14
 17 46 30  6 38 26 55 36 34 29 57 32 14  8 52 59 37  1 54 13  - 40 22 16  - 24  9  - 42 10  2 60 21 35  -  - 19 53  - 48 28 43  4  - 12  -  5  - 47  7  - 58 11 49 31 44 33  3 39 18
  - 27 49  - 57 43 31 53 19 52 30 11 37  - 58 48 32 12  -  5 55  - 47 28  -  7 38 42 60  - 13 45 14 39 33  3  - 16  - 10  - 54 35  -  -  - 36 26  2  - 46 24 21 40  1 15 34 18 51 56
 12  2  8 16  - 44 27  5  - 35 39 54 41 60 37 51 30 55  -  9 23 10  -  7 52 59 56 38 45 20 25  4 33 53 18 46 24 17 14 26 47  -  6 42 43 28  -  -  3  1 21 19 31 36 48 32 50 13 11 34
  -  - 34 40  - 39 28  - 29  - 47 49  5 56  -  - 41 24 18  - 50  -  9  - 32 45 25 43  - 52 21 53 57 59  - 35  1 54  - 33 31  3 12 17 11  8 14 36 19  6  7 51 42  2 38 58 37 20  - 15
 21 48  7 23 41 57 46  - 18 30 51 10  8 32  5 16  -  2 29 24  -  - 36 15  - 47 53  6 14 12 39  -  -  -  - 40 45 13 22 58 11 50 17  9 33 20 25 60 38 26  - 42  3 34  4 31 19 59  1 43
 16  8 58  3 35  -  4 29 59 44  6 14  7 24 60  - 15 43 39  - 42  - 49  -  - 50 23 57 13 18 38  5 40  - 31  -  -  - 53 30 34 36 41 37  - 48 12  -  - 17 47 25 54 32 45 51 55 11  -  -
  4 36  -  - 56 17 40 30 16  - 46 42  - 10 22 52 58 41  7 29 20  2 60 13 24 31 57  -  -  - 47 34 51  9 11 25 18  - 23  - 45  -  - 12 15 59 50 35 28  3 33 37 14 43 39 27 48 38  - 32
 38  - 42 12 17 46 48  6 39  8 10  4 52 11 14 30  3  -  9 18  - 22  - 43  -  - 26 21 56 53 44 32 31 25  1  5 33  -  - 24 57 28 59  - 35 51 49 20 36  -  - 27  - 13 58  - 29 60 45 23
 58  - 17 31 28 20 13 32 12  -  -  - 56 40 25 39 11  - 57 30 10 15 29  -  - 43 19 49 35 27  -  -  3 26  -  - 23 60 33 22 51  8 47 46 16  4 21  - 59  2 55 34 53 44  -  7  9  5 52  1
  - 20  - 19  3 12 56 55 24 27 23  - 10 28  -  - 22 35 59 37 13 32  - 60 42  -  7 39  - 47 41  - 11 16  8 15 26  - 57 18  2 30  - 52 53 31  -  -  - 21  - 17 34  -  9  - 46  1  -  5
  - 39 25 21 15  - 38  - 13 50 12  - 19 17  - 41 26 14  5 47 40  9 53 48 60 29 59 32 23  6  1 49  - 28 34 20  8  7 46 54  4 57 31 58 55 30 56 45 24 10  2 44 37 18 35 42 51 16  -  -
 24  -  - 48 33 41  -  3  8 36 53 15 50 14  2 38  9  -  -  - 54 52 46 30 18  1 35 22 16 23  - 47 17 27  - 60 29 28  - 51  5 55  - 31 25 11 19  6 32 20  - 57 12  -  7  -  - 34 44 26
  2 53  - 38 30  - 32 45 54  4 26 57 21 31  3 24 59 34  6  - 46 33  - 11  -  - 39  - 48 25  8  -  -  - 28 52 20 41 44 29 50 23  1 60 17 47  -  - 18  -  - 15  - 55 49 14 10 43 13 58
 42 56 15 17  - 32 19  -  5  9 29 50  1 37 48  2  - 39 52 53 11 20 16 58 25  - 10  3 24 21 43 23 47 13 41 54 27 12 45  8  - 51 60 34 14  7  -  -  - 38  - 31  - 26 36 57  4 44 55 35
 10  - 24 41 37 40 60  -  7 51  1  3 17  6 12 15 47  - 26 49  - 19 34 38 21 22 29  4  2  5  - 44 45 32 59  - 36  9  - 46 42 48 13 53  -  - 11  -  - 25 52 18  - 27 30  - 14 57 43 31
 29 12 44 43 14 55 49 17  9 38 24 59 42 18 41 35  -  -  4 22  5 31 57 40  - 39 37 50 34 32 48 46  - 30  3  - 10 47 15 19  -  2 11  - 58 23 51 27  6  - 13 21 28 20  - 45 25 33 56  -
 33 59 18 46 50  -  5 52 31 48 19  - 28 30 42 26 60 16  - 39 32  - 35 53 20 13  2 56  7  - 17  - 49 37 23 44 47 45 12 34  9 41  - 15 38 14 57  8 25 24 58  - 55 54 11 10 40 27 29  -
 45 41 43  - 47 35  -  - 28  - 49  7 18 33 20 57 42 51 58 60  6 25 27 46  - 56 36 10  - 15 30 26 50 22 29 38 13 32  1 52 40 53 55 24 44 12 17 23 54  - 31  9 16  8 14 11  2 39 59 37
  - 19  - 47 45 18  2 33 20 39 17 51 54 50 56 34  8 13 38 36 25 30 58 41 11 37  3 52  1  -  - 57 44 55 49 21 28 43 32 59 46 22 48 10  - 40 26  7  5 29  -  4  - 15 60 23  6  9 14 42
 22 37  4 29 54 23 17  1  -  -  - 13 43 57 53  - 24 25  - 52 39 36 42 47 58 16 12  - 51 11 27 40  7  - 35 55 21  5  - 49 60 38 44  6  9  3 20  - 31 14 19 33 46  - 18 34 30 32 15 45
  5 21 20  -  - 33  - 26  - 16 56 35 49 45 18  - 27 57  - 58 53  1  7  9 15 34 47  2 38 17 11  3 23 36 24  8 22 25  -  6 54 12  - 28 32 29  4 52 50  -  - 55 59 51 13 39 60 10  -  -
 53 35 50 13  -  - 30 49  2 17 43  - 32 48 15 11  - 28 46 40  3 27 10 54 57  6 34  5 26  4 29  -  1 18 44 23 12  - 42 16 39 59  9  -  7 37  - 14 55 52 24 22  - 45  8  - 47 58 19 20
 11 31  9  4  - 56 18 15 30 24 13 43 53 42 55 19  - 54  - 44  8 47 40 22 41 52  - 26 57 36 58 21  -  2 39 29 34  - 38  3  - 46  - 32 51  - 60  - 45  - 12  5 20 48 27  - 28  - 17 25
 15  1 45 27 51 38 26 10 32 46 55  -  - 47  -  - 44  -  2  - 21 11 41 14 39 57 28  -  3 43 37  - 54  - 22 31  - 24 36  - 49  -  - 50  4 16 33 12 52 13 56 35 19 42 25 18  8 48  - 30
 39 42 11 14 31  1  3 28 41  - 25 34 60 52  8 43 21  7 24 26 37  5 19 12 33 49 58 55 10 29 51 18  2  4 30  - 16 40 13 56 48  9  - 23  - 22 45 47 20 36 38 59  - 17  6 53 44  - 32  -
 51 58 47 15 49  - 12 59 35  -  7 39 45 27 34  1  - 23  8 14 19 48  2  - 40  - 44 33 54  - 20 24  - 21 52  -  - 37  3  - 32 13 38 16  5 10  9  - 60  -  6 46 26 31 43  - 57 29 41 53
 28 34 56  -  - 51 52 24 36 25 21  5 39  9 47 40 53 37 14  7 43 45  4 49 46 55 60  - 50 22 57 16 35 31 38 18 59  3 30  -  1 17 26  - 48  - 42  - 44 58 54 23  8 33  - 29 20  - 12  6
  - 33 37 57  - 45 23 39 44 11  - 38 27 22  - 58 18  4 25 56 36 59 54 35  - 20 16  1  5 13 12 17  -  - 14 26 51  2 52 40 21 31  3  8 10  - 24  -  - 50 15 29  - 19 42 47  -  6 34  -
  - 47 53 59 46  -  -  -  4  3 40 26  - 41  - 23 50 60 31 21  -  - 33 56 13 27 48  -  8  - 22  - 20  -  - 12 43 34 18  5 19  - 58  -  6  - 52  - 16 28 17 10  - 37 44 35 39  -  9 51
 23 11  - 30 20 42 29 27  - 21 22 58 55  2 59  7 51 49 13 32 31 54  -  6 38 18 17  - 43 50  - 37 36  - 60  - 40 39  - 14 12  - 45 26 28 25 48 41 33 44 53  3  -  - 16 56  -  8  - 46
