2880
  - 48 15  2  8  -  - 19 12 60 36 40 51 50 20  - 25  - 44 30  - 16  - 34  4 56 37  - 33 17 39  7 14 38  - 52 28 41  - 57 27 21 45 31 23  1  -  - 59  - 29  5 18 32 43 54 11 13  - 46
 39 26 20 16 43 31 47  - 28  - 12 13 46  - 41 11  - 37 27 59  -  - 54  9 15  - 19 10  -  - 53 42 23  - 56  6  - 21 49  - 50 38 40 30 48  3 17  -  5 24  - 52  8  - 45 18 57 60 32  2
  - 17  - 29  - 43 41  - 57  - 22  8  -  7 40 44  - 54 33 45 36  - 13 15 35 26 59 52 21  5  3 34  -  1 53 51 27 60  - 46 14  4 25 56 24  - 30 19 28 23 38  9  -  - 55 20 47 48  2 37
 43  - 51  8 38 58  - 12  9 40 29 16  - 46 31 34 60  7  - 49  3 13 36 41 45  - 20 32 44 25  - 11 54 10  5 55 35 19  2 53 26 48  - 57  - 39  - 21 18 30  -  6 47 24 15  1 23  - 59 42
 54 39 42  4 18  - 27  - 59  - 26 19 50  -  5 52  -  6 41  - 22 37  - 24 31 30  -  - 36  - 23 12 17  - 14  9 32 43 55 49 33 44 20  - 35 40 10 53 25  - 28  - 51  8 60  -  3 11 56 38
 18 49 54  1 56 25  8 23 14 17 38 59 20 40 39 12 34 15  -  5  - 53 57 55 37  3  2 22 27  -  9 13  - 32 11 42 26 50 30  7 46 10  - 43 60 33 52 45 31 19 16 48 28  4  - 24  -  - 36 41
 46 24 45 52  4  -  1 11 60 27 33 49  5 58 22  - 29  - 50 36 54  7 10  - 48  6  - 13 32 56 57  - 40 25 21 30  3 18 26 37 17  -  -  -  2  - 16 59  8  - 44 41 42 31 34 15  - 43 51 14
 53  -  9 45 31 59 40  - 50 36 47 56  7 44 55 17 26 14 46 21 60 15 34 32 28 19 52 39 37  - 12  1  4  - 30 25 41 51 22  - 24 27 35 18 10 11  5 54 49 57 13 16 23 42 58  8  2 38 48 29
 25 35 28 34  - 12 52  - 42  -  - 22 11 48 36  -  - 29  - 19  2  1 55 13  7 60  3 20 45 54 32 53 44 16 38 27 59  6  9 56 31  - 50 47 33 46 41 37 57 14 58  4 17 23 26  - 39 24  8  5
  - 59 43 60  -  - 19  5 54 39 48  - 16 22 11  2 50 56 45 53 12 52 26 31 44 13  6 51  7 58 21 25 34 18 33 14 37  -  8 30 41  - 57  - 38  4 27 35 24 32  9  3  - 36 10 40 55 42 28 49
  - 13  - 19 23 35 50 55  -  - 59 54 25 10 51 14  - 28  7 46 34  - 43 42 47 33  4  - 52 38 16 57  2  5  - 58  - 31 40  3 22 24  6 36  9 48  - 20 15 18 39 49 60 45 30 17 29  - 21 27
 36  2 57 10 12 24 34  -  - 41  8 45 14 37 42  -  - 30 13 26  - 46 18 53  -  -  1 16 38 60 49 39 19  9 15 35 21 59  - 48 32 33  3  6  -  - 29  - 20  5 22  - 11  - 40 31 43 28  7 17
  - 47 55 48 57 27 12 14 35 21 49 41 32  - 43  - 51 10 25 13  - 33 56 36 38 52 42  6  2  1  5  - 60 34 29 45 40 54  - 28  - 16 59 26  7 15 24  - 19  9 11 50 30  3  8  - 31 39  - 53
 12  -  - 51  7 32  2  1  3 47 11  - 38  -  -  - 49 16 24 15  - 27  -  4 42 18 60 37 35 10 48 29 13 28  6 17 57  - 19 31  5 20 33  - 22 43  - 40 30  - 21 58  -  9 25 55  - 23 45  -
  - 34 37 22 59  4 48 27  5 53 56 20 45 31 15 30 57  - 10 54  - 19  - 17 49 14 41 33 18 16  - 26 38 44 36  3  - 25 46 47 52 35 42  2 21  9  8 50 29 28 23  -  - 51  6 58 12  1 39 13
 58 28  6 59 55 19 42  -  - 57 32  2 13 12 56 27  -  1 47 23 29 43  -  -  9 34 49 46  - 18  8  - 21 24 54 48 52  - 17 39  4 45 37 25 44 38 20 41 50  - 30 60  3  5 14  7 40 51 15 35
 45  - 17  -  2  -  7 25 55 49 21 57 23 34 27  1 11 12 58  -  8  -  - 30 22 37 44 42  -  3 36  4 18 54 46 29  6  - 20 51 40 32 47 28 19 60 56  - 43 15  - 10  -  -  - 33 35 53 26 48
  - 23 21  3  - 11 56 36 32 24 60 10 57 41  6 45  - 39 17 42 25 31  - 44  1  5 14 43 12  4  - 58 55 49 26  2 53  - 47 38 54 37 48  -  -  - 13  - 40 16 52 20  - 30 35 34 22 29  - 51
 35 33  8 14 20  - 25 44  6 32  - 18 58  -  -  - 16  2 53 31 52 21  9 57 46  1 51 24 59  - 42  - 10 39 47 40 30 38 45  4 12 49 22 54 36 19 50 55  - 11 56 23 15  - 48 27  5  3 13  -
 14 56  3  6 19  -  - 47 45 50 31  - 18 55  9 25 10 58  5  2  - 39 40 28 20 35 22 44 53 51 38 15 29 21 57 23 46 34 42  - 37 12 36 24 59  - 54 27  - 48  1  8  - 11 16 30 26 41  4  -
  7 31 60 27 26 42  6 48 15 12 13  - 35 24 17  4  -  -  9 11  - 22 37 21  -  - 36 58 20 14 29  2 39  -  8 43 25 53 18 55  - 23 51  - 34 28  3 33 41 50  - 30  - 59 54 57 46 32 38 16
 30 42  2  9 17 20  - 35  - 48  3 25 22 27 34 43 47  - 31 10 23  - 41  1  -  -  - 54 14 15 26 40 16  8  - 28 11 55 57 32 36  6 49 45  -  7  - 60  -  - 59 51 38 13  4 19 58 46 18 39
 59  -  7 17  6  - 36 31 11  5 41  9 27  2 57  - 14 50 35  - 37  - 47 16 33 20  - 28 58  - 24 49 12  - 34 26 55  4 56 40 23  3 19  - 54 51 44 52  - 10 32 29 13 43 39  - 42  8  1 22
 17 54 24  - 25 26  9  3 43 46 39  - 56 52 10 28 48 53 40 12 19 23  - 37 29  8 57  -  5  7  - 30 36  6 27  -  - 35 58 11 42 18 14 38 15 22 49 32 33 13  2 34 41 20 47  -  1 44 55 60
 15  - 26 47  - 22 38 56 39 43  4 14  6 19  - 50 18 23 29 34 11 60  - 45  -  - 54 59  9 37 52  8 33  - 32  5 20 30  7 35 10 13  - 21 41 57 51 44 42  1 31 55  2 17 12 53 48 16 40 58
 42  5 16 49 40 29  - 34  8 15  - 46 54 59 28  6 35  - 48 56 47 55 58 10 50  - 53 23  - 45 43 14  - 20  4 38  9  7 11 27  - 17  - 51 52 21  2 57 32  3  - 26  1 22 36 44  - 18 37 12
  -  7  - 20 29 36 46  -  4 28  - 23  1 56 50 51 52  5 34 57 14  - 16  - 30 42  - 53 19 44  2 54 43 58 55 59  - 49 31 22  6  -  - 39 18 32 48 25 60  - 15 27  - 21 13  3 24 17  - 33
  - 51  -  - 39 13  5 28 27 37 52 35 36  - 60 15 31 57 20  -  4 18 12 22 16 10 38  - 43  9 19 21 26 29  -  -  7 44  3  - 58 11  1  - 30 49 33  2  6 34 46 17 54 48 50 42  - 47 41  -
 40 38 30 54 21 46  - 50 51 16  -  - 59 20  - 57  - 42 36  -  7 12 31  3 39  -  5  9  4  2 22 10 48  - 44 32 14 11 28  -  1  - 26 33  - 35 43 24 37  6 55  -  - 29 23 56 49 58  -  8
 32  -  -  -  - 34  - 46 49 20  6  - 30 47 19 29  - 22  - 60 50  - 59  -  3 55 13  4 25 57 31  9  - 17 23  8  2 56 44 24 45 14  - 35 26 10  - 28 27 39  7  -  - 16 41 48 51 54 12 21
  -  1  4  - 52 40 28 13  - 56 51 47  9 29 24 18 39 26  3 14 32  - 20 19  8 11 12  -  -  - 46 37 57  - 41 44 43 22 50 25 48 60 54  7  - 17 21 23 35  2 33 59 27 34  5 16 53 45  - 36
 60 45 49 44 36 38 17 22 53 55 42  5 26  8  - 32  3 24  - 18  -  - 14 59 34 46 11 50 16 20 13  - 51 41  - 33 58  - 39 10 21 28  - 23  - 27 47 48 54 43 40 12  - 57  7  - 15  6 19  9
 55 43  - 23 45 41 51 20 48  8  -  - 28 13 32 39  - 21  - 24 27 38  1 50 36  - 17  -  -  - 30 47 56 33  - 37 16 58  5 59 15 26  -  -  - 25 53  6 52 31  4 11 44 19 18 12  - 34  -  -
 48 25 19 32 47  -  - 40 10 31  1  - 53 18 21 54  -  - 11 35  -  5 33 23  6 57 29 34 56  - 44 24 42  3 12  - 50 39 60 13 43 41  -  4 45  - 55 26 38 17 51 28 52  7 49 22 14  9 30 15
 51  - 25  - 13 47  4  - 23 26 10  - 60  -  2 19 44 43 30 40 55 58 49 29  -  7 18  3  -  -  - 38  6 36 37 31 15 28  1 12  - 50 34  - 27 24 35 17  - 42 57 53  9  - 46 41 45  - 14 54
  -  - 31 39 37 10 23 59 30  - 46 29 17 14 52  7 40  -  4 43 44  3  2  - 27 25 32 48 22 50 45 36 58 53  - 21 13  - 12  - 35  -  -  9 56 20  -  5  1  - 18 19 34 41 42 28 33 15 24 11
 47  - 23  -  5  7  -  - 56 10  - 11 21  6 18 42 33  3  - 22 38  - 53  8  - 15 58  - 54  - 27  - 46 48  - 50  4 37 24  - 51 59 30 49 57 45 25  - 55 52  -  - 16 60  2 32  - 20 35 44
 57 58 59 25 48 33 44 29 36  -  - 53 39 49  3 26 23 55  -  - 17  - 19 52 21  - 45 30 13 46  - 56 27 42 60 24 54 16  - 43 11  2  5 14  1 12 32 15  -  - 47 31  4 50 22 37  - 35 20  7
 49  3  - 53 42 14 15 57 18 54  - 30  - 16 37 40 13 32 22 29  1  9 11 60 26 28 24  - 39  - 35  - 47 12 31 19 38  - 51 34  8 25 23  - 20  - 36  - 46 27 10 44 33 58 56  6 52  4  - 50
 56 12  - 13 35 21 22 39  -  - 19 60 33 51 49 41 42  9  8  4 53 44 38 47  - 40 23  -  -  - 59 46 20 26 10  - 34 17 15  - 28 29 27 52 16  - 58  7  3 37  - 14  6 25 24 36  - 50 43 31
 20 36  -  -  - 49  - 10 44  - 45 34 37  1  8  3 24 13 57 47 43 35 46 14 11 32 28  - 29 21 50 51 52 23 22 54 56  - 41  - 38 42  - 16 58  - 15  -  2 33 48 40 25  6  9 39 18  - 31  -
 33  6 48 56 60  9 55 41 13 38 28  1 40  - 30 21  - 34 18 16 39 59 17 20  2  -  -  7 23 24  - 50  5  - 25  - 42 57 29 36  - 22 10 37 32 54 14 47  4 51 35 15 46 53 52 26 44  - 27 45
 16 20  - 57 34 60 29 52 26  7  - 44 24 38 59  -  - 46 28 50  9 10  - 25 13 51 30  - 17 23 55 27  -  - 40 36 49 33 54 15  - 43 21 42 47  5  6 58 39 41 14  2 56  1 31 11  - 37  - 19
 26  9 40 15  - 44 58 16  -  -  5  -  - 42 47  - 20  - 32 37 49  - 52  - 43  -  - 25  8 33  4  - 41 30 50 39 17 45  - 23  - 34  2 11 13 31 19 51  -  - 54 46 48 28  1 60 36 12  - 55
 23 29  1 35  -  8 13 24 22 34 43  - 52  -  7 58 19 48 54  - 51  4 21  -  - 45 39 41 28 53  6 59 11 57  - 49  -  9 16 18  2 55 15 60 31 37 46 38 12 25  -  - 20 40 33 14 32 56 47  -
  - 40 12  - 30 37  -  2 19 18 57  7  - 25  1 48  - 38  - 51  -  8 44 43  -  -  - 45 49 42 10  6  - 50 28 56 47 15  4 41 16 52 53 22 29 13 26 11  - 55 34 39  5 54 17 35 60 36 58 20
 29 44 11  - 22 23  - 49 58 14  9  - 47 60 35 31  4 27  1 33 57 24 48  2 59 12  - 38  - 13 40 17 37 51  3 34  5  8 10  - 20  - 55 46  6 50 28 39 53  - 41 43  - 15 21 25 56 26 54 52
 21 60 53  - 46  2  -  8 29 30 35 27 34  9 38  -  -  - 19 20  - 50  -  5 23 48  - 49 55 11  - 28 31  - 51 41 10 26 43 42 59  7 24 15 39  6  - 56 47  4  3 25  - 33 32  - 16 52  -  -
 52 57 13  - 32  - 37  - 41 33  - 50 43 39 14 59 30 31  -  6  5 20 22 54 17  - 47  - 10 27 51 35  1  - 42 46  - 40 25  9  7 58 56  3  -  - 18  - 11  8 60 38  -  - 44  4 34 21  - 28
 28 19 41  -  -  -  -  4 24  - 14  - 48 57  - 33  - 20  - 55  - 54 50  - 58 29  7 56 46 49 15 32 35 11  2 60 12  3 36  6 47 39 31 53  -  8 34  1 44 45  - 37  -  - 27 38 25  -  - 18
  -  - 29  7  9  - 39  - 52  - 44 31  -  - 54  - 56  -  -  1 13  - 24  - 41  - 33 21  - 36 58 22 25 43 16  - 18 12 35 60  - 19  8 32  -  - 59 30  - 26 49  - 37 38 53 23 10  -  -  -
  - 50 56  - 11 15 20 60  2 29 55 21  3 53 16 47  - 45 42 38 46  6  -  - 10 27 34  - 40  -  - 23 30  - 48 13 31  - 59  - 18  - 44 17 25 14 12 36  9  - 24  7 58 26 19  - 28 49  5 43
  - 18 14  - 50 55 53  7 16 51 34  -  -  3 29 35 41  4  -  9 21  -  - 58 60  - 26 11 47  8  1 44 15 52 45 12 36  2 48 20 49 57  -  5 40 56 39  -  - 59  6 13 10  -  -  - 37 27 42 23
 50  - 47  - 24  - 57 43  - 58 53 17 55 15 23 37 38 40 56 44 31  2  - 27  -  -  -  - 48 26 28 52 49 35 18  - 51 13  6 21  -  5  7  8 46 34  9  4 22  -  - 45 19  -  -  - 54 14 33 59
  4 14 38 43  - 51 59 54 20  3 30 55 10  - 58  5  - 52 16 32 28 25 42 18 24 39  -  - 11  -  -  -  8  -  - 15 45 27 53 33 56 31 46 48  - 41 23 13  7 44  -  - 57 35 29 21  6 22 34 26
 38 53 22 41 28 17 54 42 37 35 27 26  - 32  4 24  9 59 15  - 30 49  -  -  5  - 50  - 31  - 14  -  -  - 39  7  - 48 21 29 25  8 16 12  - 58 11 46 56 40 45 33  - 18 51 10 13  2 57 47
 22 46 39  -  - 48 33 15 34  6 40 38 49 23  -  9 58 19  - 28 20 30  3  - 14 43 10 18 50 41 17 31 24  - 59  4 60 29 32 54  -  - 52 27 51 47 37  -  - 56 42  - 45 44 11  5  8  7 16 57
 41 52  5 12 27  6 11 45 31  1 37  4 44 54 53 16 28 47 55  7 33 48 29 35 56 22 21 60 15 19 25  3  - 46  - 57 23 10 38  8 34  - 39 59 14 18 42 43 51 58  - 36 32 49 20 13  - 40 17 30
 13 10 46 42  -  5  - 58  1 23  - 43 31 26 12 20 17 11 38 27  - 51 45  - 57 41 15  2  - 35 54  -  -  4  - 18 48 32 33 52 55 40 28 50  3 59 60 14  - 21 36 47 29 37  -  9 19 30 22  -
  - 16 34 58  -  1 31 37 47 19 54 28  4 11 48 55 12 60 23 25  -  - 30 39 51  - 35  -  6  -  7 43 50 13 49 22 33 42 52 45  3 15  9  -  5 53 40 18  -  - 27 32 26  - 59 29 38 57  - 10
