2880
 54 38 32  - 23 51 26 12 24 59 20 41 47 21 46 17 10  -  - 33  9 27 28  3 19 53 18 52 37 45 57 29 39  - 50  - 56 35 30 36  2 48  - 55 49  8  - 14 58  - 16 11 25  6  1 60 22  -  4  5
 15 36 21 27 11  - 20  3  -  4 45 16 23 17 49  - 25  - 60  - 26 34 10  5 43 54 46 51  - 35 38 12  - 47  - 53  -  - 22  2 40 58 39 52 32  -  1 55  -  8  - 13 37 24 19  9 33 28  - 42
  8 55 46  - 14 57  - 16 60  5 59 40  -  - 29  -  -  9  -  6  - 20  - 28  - 36 44 43 38  4 56 11 10 13  - 31 49  - 18 25 15 26  -  - 52 19 41 27  - 50 21  - 23 12 35  -  -  - 51 47
  7 39 41 51 59 53 32 27  - 38 36 25 49 10  1 43  - 18 58 13 24 28 33 50 37  - 23 44  -  3  9 22 34  - 52 48 35 20  4 15 54 21 31  2 11 16  - 17 55 45 40 56 26 46 42 47  - 60 30  6
  4 40 48 43  -  - 30 10 26 50 56 35  - 33  - 12 27 54 25  9  -  - 41 45 16  2 36 23 57 47 14  - 49 51 59 37 19  -  -  - 20 31 29  5 28 58 53  8  - 39  - 46  6 60  - 38  - 52 22 13
 34 58 24  2 13  8 31  - 14 19 53  - 45 18 59 55  -  - 17 46  -  3  -  -  5  7 33 36 10 12  1 37 57 49 16 26 22 60 28  - 38  4 52 29  9 27  - 54 32  - 42 50 43 39 44 11  -  - 47 15
  - 59  4 13  - 19  1 48 27 23  - 26 36 54  - 29  - 32 37 50 15 38 40  - 28  -  - 10 52  -  -  - 43  -  -  - 57  6  9  -  - 42  - 24  - 25  7 46 18  2  - 17 14 56  - 35  - 58  - 39
 57  7 13 18 35 44 16 55  - 52 42  -  5  6 31  4  - 60 28 27 14 29 59 36 58 15 22 50 54 37  2 23 24  - 26  -  -  -  3  8 32 11  -  1 47 46  -  - 34 30  - 43 51  -  9 41 40 53  - 48
 45  -  - 54  4 21 35 28  -  -  9 20 10 51  5 16 24  7 22 53  - 15 44 40 46 58  - 56  - 23  - 43 31 39 34 29 37  - 57 27 50  8 49 36 19  2 48  1 12  - 60 26 17 13 30 14  3  - 25 52
  - 53  - 25 33 24 21 14  -  2  - 52  8 45 16  -  - 38 32 31 17 39  - 26 11 10  3 48  - 27 22 47 46 29  4 19 51 34 50 28 43 36  6  - 35 44 13 20 59 60 23  9 40 41 15 58  5 12 37 56
 56 57 23 16  - 45  - 29 11 21 48 53  - 42 15 18  - 34 20 35  -  8  -  7  -  4 50 13  5 33 55 30 52 27  -  6  - 37  - 14 46 43 59 51  - 28 38 32 22  -  -  3 12 44 58  -  1 41 19  -
 38 13  - 57  - 42 51 15 10 34  -  8 21 49 47  - 20 24 31 43 28  - 23 19  2 46 32 17 22 50 11 41 48  7 35  4 39 40 45 58  1 12 53 14 18  9 25 44  3  5 52 30  - 26 59 55  - 54 36 60
 47 52 29 35  - 28  8 54 30  -  2 50 43 13  - 15  5 49  - 58 41 16 42 12  - 56 40  -  1  - 21 10 25  - 55 17 59 32 60 26  9  -  3 23 14  - 37 34 20 31 36  - 39 11 27 44  - 38 24 19
  5 49 42 60 21 32 38 46 17 58 15 30 27  - 48  9 59  -  - 39 44 45 13 11 14 33  - 53 47 55 54  4  - 20 29 41  6 50 16  - 25 52 10  8 22 12 26 57 37 28 19  1 56  3 18 51 43 35  -  -
 12 41  -  - 48 16 18  4 59  3  - 42  2  9 21 40 23 44 10 24 43 50 29 56 33 49  7  - 26  - 39 14 51 22 47 60  8 46 17 32 53 37 25 57  - 20 58 30 35  - 28 15  -  1 55 52 11 19 31 54
 14  - 47 17 32 13  9 42 43 56 29 38 31 30  2  - 40  4  - 18 48 55  -  6 36 51 28 35 44 60 41  -  5 25  -  8  -  3  - 22 57  1  7 12 53 33 11  -  - 24 58  - 16  - 45 37 21  - 59 26
 39 16 52  -  -  -  - 30 46 36 26 15 17  -  4 54 38  -  -  - 32 41 58  - 44 55 42  -  - 24  - 59 33 34 40  3  -  -  - 50 31  5 12  - 23 48 29 56 57 22  9 19 20  7 10  -  -  8 45 14
 50 15 27 46  7 41 37  9 38 31 13  4 40 12  - 21 42 28 56  2 20 49  8 57 55  - 60  -  - 53 29 24 36  -  -  - 32 11 39 47 59  - 30 58 26 34 51 43 45 10  6 22 44  5  -  3 23 16 18  -
  9  -  - 30 12 20 53 47 54 39 50 34 28  8  - 60  - 35 18  - 27  6  1 29 10 14  -  -  - 26 32 15 13  2  - 58  3 23 37 17  -  - 42 59 56  - 22 21 46  7 43 49 48 51  5 31 24  - 55 38
  6 17 14  -  - 36 48  - 52 29 24  2  - 28 18 45 22 53 35  -  - 37  9  - 50 42  -  - 40 10  - 31 58 41 51 20 13 39 33 19 11 16  5 56 34 49 44 25  - 21  1 55 59  4  3  - 15 47 12  8
 18 51 15 42 56 17  5 22 21  7  3  -  4 29 44 59  - 43 40 16 36 31 27 14 52 34  - 41  -  2 47  6  -  - 37  -  - 48 13  - 49 10 20 38 39  1 60  -  9 58 54 53 24 33 25 23  -  - 32 55
 42  6 58 34 19  -  - 11 31 13 51 22 14 36 39 41 46 15 24 17 10  - 26 30 47  -  -  - 45  - 20  1 18  - 44 35 33 43 38  4  - 27 57 49  7 60 32  -  - 54  2 59  - 53 56 48  8  -  - 37
 19 31 12 28 22 56 60 18  9  -  1  - 16  - 26 39  -  3 29  - 34 35 14 33 41 52 55 20 30 13 46  - 42 54 23 21  2  4  - 57  6 15 27 40  - 37 43 51  - 32 47 24 53 58  - 49  7 25 38 44
 60  - 57 58 45 14 43 37 32  - 25 51 52 46 20  1 28 39  - 10 21 17 36 48  - 44  - 49 24 56 27 33 23 26 53 13 16 12  -  - 42  2 47 41  5 15 34 50  -  4 11 29 30 38 22 40 19 31  6  7
 41 44  - 22  9 54 34 57 42 37 12 21  1 23  - 20 52  - 50  - 40 18  7  - 15 30 25 58  -  8  3  - 53 17 45  - 11 14  -  -  5  - 60 31 10 55 16 49 56 26 51 33 46 47  - 43  2  -  - 36
  - 60  6  4 44 46 17  - 37 42  - 12 25  - 50 57 41  - 30 11  3 59 54  9  8 26  2  7 43 15  - 19 28 45 18 38 10  - 56 39 55 40 51  -  1 14  -  -  - 23 13 47  5  -  - 22 36  - 48  -
  - 22 19 53 29  7 54  8  6 35 38 33 30  3 11 36  9  - 12  -  - 56 49 51  - 43 48 40 46 31 28 17 55 59 42  1  -  - 15 13 37 39 58 20 50  -  - 41 26 25  - 21  -  - 32 27 34 44 57 23
 55 47 36  - 31 59 46 23 25 32  5  -  - 53 13 42  2 51 49 38 52 48 39 54  3  - 56 28 21  7 17 35 40  9 11  - 26 45 34 44 29 57 19 15 43 22 24  6 10 33 12  - 41 14  -  4  - 27 20  -
 13 37  - 32  3 18 50 31 49 44 35  - 39 19  - 48  - 36  -  1  - 53  - 23 57 11  -  6 42 58 15  -  7  5  8 33 55 41 26 56 45 20 21 10 38  - 54 24 27  9 25 60 28 40  4  2 52 22 17 16
  2 56  -  - 51 25 52 58  -  - 54  - 60 32 19 33 17 45 13 12 46  7 53 41 34 37 47 59  - 43 36 39  -  - 49  -  -  5  - 48  8 14  9 21  4  3 50 26 38 55  - 40 18 57  - 16 44 42 11 24
  - 43 18 59 10 11 56  -  2 57 31 44  6 60  9 34  3 16 53  - 33  1 47 22 51  5 27 39 20 46  7  - 41 42  - 49 23 26 14  - 13 29  8 28 25 50 36 58 24 19 15 48  - 37 52 17 54  -  - 12
 44 14 34 37 39 31  4 38 56 18  - 13 29  2  -  - 60 46 36 26 58 22 52 16 20 27 53 15 12 49 59 25 17 11  - 10 28  - 42 51 19  3 33  -  6 57  8 47 54 43 30  7  1 21  - 24 55 23 40 45
 48  - 38  - 41 49 55 50 58  - 52  - 24  - 51 11  4 22  5 23 45  2 12  -  -  -  - 14  -  - 25 32  - 35  -  7 47 21 29 18 60 28  -  6 20 40  9  - 44  - 26 27 15 54  8 59 53 37 39 30
  - 46  -  - 28  - 42 41 48 47 39 45  7 58 40  - 33 59  - 34 55 51  - 25  1 20 15  - 32 30 19 53 26  - 13  5 44 56 27  - 10 49  - 17  8  - 35 60 21 36  3 12 38 31 50 18 57 24 23 43
 49 42 28 29  5 35  - 60 18 10 46 32  - 20 24  - 31 47 15 45  - 52  - 17  - 12  -  9 39 22 23 55 30  - 33  - 50  - 21 53  4  - 37  - 16  - 27  -  - 34 48  -  -  8 54 56 26 57 41  1
  3 32  - 56 42 37 23 35  8 26 28 27  - 15 10  - 43  -  - 52  7 14 50  - 22  1 39  2 36  - 13  5 47 33 25 45  - 55 44 41 58 38 18 53 46  6 19  9  - 16 49 57 54 17 11 34 48 40 60 51
  - 20 55 14 15 52 29 21  5 54 30 46 26 38  -  3 13 40 41  - 35  4  - 44 32 22  1 18 49 51 53 60 16  - 57  -  - 24  8 42  - 17 34 11 31 43  2  - 19 59 37 45 47 27 48 50 12  9 33 58
 10 21 22  - 25 58  -  5  4 28 43  - 19 31 42 37 56 27 34  8 54 47 24 59 40  6 26 12  7  -  - 36  1 14 48  9 38 17 35 49  - 23 16 44 57 41  3 52 33 46 39 20 55 32 53 15 45 13 29 18
  - 23 17 44  -  3  -  7 15  -  - 57 37 47 22 25 21 55 27 36  2 46 19  - 60 41  - 42  - 40 24 34 59 56  9  -  4 38 20 30 28  -  -  -  -  5 14 39 13 12  - 54 29 52 49 45 51  6 10 53
 33 19 50 12  1  4 39 53 28 48 16 58 15  -  - 22 18 11  6 30 31 60  2 32 35 40 20 37  -  - 34  - 45  - 10 42 14 54 59  -  - 56 24 27 21 52 57 29 25 13 46  -  - 36 17  7  -  5 49  -
 16 11  7 41 34 23 19 17 33  8  -  - 18 39  - 53 32 50 45 14  -  5 20  -  4 57  6  3 31  1 42  2  - 43 46 25  -  - 49 40 30 55 54  - 15 35 12 22  - 27 24 52 60 28 26  - 10 36 13 29
  - 30 11  - 57  - 47 40  7 14 19 56 12 41  - 49 16 58  - 22 50  - 25 10 59 39 21 60  - 44 37  -  8  1  5 54 24 33 46  - 52  - 13  - 36 51 55 38 48  6 17 31  2 35 29 28  4 43  9 32
 24 50 39 31 60 55  - 56  -  6 10 36 32  4  - 47  - 26 52 25 30 21 11 18 12 29  5 57 16 59 48 38 22  - 43 46  - 27 58 45  -  - 40  - 37  - 15 28  -  1  - 51 13  2 33 42  9 14 35 41
 36  - 53 38 16 60 22 32 55  9  - 54 42 27 57 10 30 14  2 47  - 12 18  -  6 28  -  1  - 39 58  3 37 50 31  - 41 15 48  - 26 44  - 46 59  -  - 23  8 56  7 35 52  -  - 13 25 45  - 33
 27  2  -  1 18 33 10  -  3 17  8 24  - 16 41  - 36 52  9 19 59  - 46 42 13  -  4 32 48 34  - 28  - 38 14 11  - 58 31 12 21 60 50 45 54  - 39  5 49 53 55  6 35 43  - 30 20  7 56 57
  - 27  9 52  -  2 59  - 34 49  -  7 20 56 25 38 50 12 23 40  1 13 31 55 45  - 17 19  - 28 33  - 54 24  6 32 30 47  5 37 35 41  4 43  - 18 21 16 15  - 10 58 42 48 57 36  - 51 53  -
  -  3 45 24 50 29 33  - 51  - 22  9 58  - 53 46 49  1  4 21  6 42 30 47 25 17 12 38 41 54  - 44 56 31 20 34  5 19 32 60 27 35  2 16 55  - 52 48  7 15 18 14 36 59 40  8 13 26  - 10
  - 29  - 55 36 12 11 34 50  - 40 19 13  - 38 51  - 30  8  5  - 25  -  - 54  9 59  -  4 20 16 42 14 23 58  - 15 57 52  6 56 53 26  7 33 32  - 37 41 49 31  2 22 45 24  1 47  - 44 28
 31 48 44 50 17 39  - 13  1 27 23 49 33 59 37  -  6 10  - 15 25  - 45 53  - 47 43  - 55 52  5  -  4 21 12 18  9  8  2 29 22  7 35  3 51 24 40 19 36 11 56 32  - 30 41 54  - 46 42 20
 58 54 26  7 40  -  2 43 57 11 27 29 51  5 28 30  - 23 21  -  8  - 16 39  - 48  9  - 35 19 52 56 38 46  - 15 17 36 47 34  3  - 45 33  -  - 49 12 60  - 14  - 50 10 20  -  - 18  1 31
  -  -  -  - 47  6 40 52 41 43  7 48 46  1  8 32  - 25 44  4 11 19 60 35 42 16 51 21 59 57 30 50 27  - 39 24 18 31 55  3 23 45 17 26 13 56 10  -  5 14 38  - 33 49 36 20 37 15 34  9
 25  9  3  - 37 38  - 49  - 60  - 43 56 55 30  -  - 19  - 44  - 33 21 34 23  - 11  - 58 32  -  -  -  -  - 57 40  -  - 54  -  6 41  -  - 31 17 10 51 52 22  8 27 16  7 53 50  -  5 35
 53 25  1  9 43  - 44 24 20 16  - 55 48 50 58 19  8 37 26 42 47 23 38  -  -  - 54 22 56 18 31 27  -  - 36 30 52 51 12  5  7 32 46  - 40 10 45  2 28  -  4  -  - 15 34  - 17 33 14 11
  1 33  2 49 55  9 12  6 53  - 44  - 54 22 56 58 34  8  -  - 42 26  5 13 48 19 14 47 23 11 40 21 20 10 28 39 60 59 24  7  -  -  - 25 41 17 30 45  - 38 29 18 32  - 31  - 35 50  3  4
 21  - 40  -  - 15  -  - 16 53 11 23 35  -  - 31  7  - 39 48 22 36 51  - 49 18 34 46  -  - 43 57  6 37  3 27 25 28  1 55 17 13  -  - 29  -  5  -  - 44  8  -  - 20 60 19 38  -  2 59
 11  4 33  8 30 50 45 25  - 55 47 18  3 52 35  2  - 48 54 28 53 43 15 20  9 13 29 34 51  5  6  -  - 12 32  - 36  -  - 38  -  -  - 60 44 23 56 59 31 40 57 37 19 42 16 39 58  -  7 46
  - 28  - 39  6 26  3 20  -  - 60  - 59  -  -  8 47  5 11 57 49 58 43  2 30 38  - 16 15  - 51 40 32 55 21 23 31 10 36 52 41 33  - 34 27 45 46  -  - 17 50  -  4 22 14 12 42  1 54 25
 30  - 59 40 20 22 15 45 29  1 57  - 38 37 55 13 58 31 19  - 16  -  6  8 27  - 10 24 53 17 44 26 35  3  - 56 46 42  - 43 51  - 36 39  2 54 33  7 11 48 34  4 21  9 47 25  - 32  -  -
 35  - 56 36  -  - 49  2  - 33  -  6 11 24 23  -  1 41  3  -  5  9 34 46 21  8 57  4 13 42 45 51 15 52  -  -  - 44 53 10 16 54 22 32  - 39 18  - 47  - 20  -  - 55 12 26 29 30 50 27
  - 24 51 15  8 48 14 26  - 20  6 17  9 40 12 50 44 29 57 41  4 10  - 37  - 31 58 25 19  -  -  - 60 36  1  - 45  7  - 59  - 22 43 54  - 30 42 18 52  -  - 28  - 23 21 32 27 56 46 34
