2880
 18  - 56 36  - 49 45  - 51  -  - 53  -  - 15 41  - 21  3  - 28 52 42  - 10 47 37 22 27  5 46 17  9  - 33 24 25  7 12 43 14 60 40 50 59  1 57  -  - 38  -  - 23  -  - 11 29  6  8 39
  4 16 24 13 33 36  - 22 14  8 44  6 11  -  - 46 10 30 15 49  - 51  -  5 34 59 52 35 28  - 18 12 42 55 32  -  - 25  1  - 27 39  - 47  7 17 40  - 19 57 45 31 50 58  3 43 21  2 41 23
 19 32  - 15 22  -  8 20  -  - 28 42 51  - 39 40  9  1  6 37 33 14  -  - 13 30 16 10 25 50 57 46  -  - 52 48  -  -  - 45 35 55 43  -  - 60  - 12 59 54 21  4  - 44 24  -  3 58  5 38
 51 39  - 30 23  9 15  2 20 25 31 59 33 19 49 45 35 53 11 36 47 46  3 17 32  -  - 14  - 58 12 28 16  1  6 41 10 22 40 18 56 34 13 55 38  8 44 29 50  - 52 26 27 21  5  - 42 57  4 37
 24  3 14  2 11 23 58 47  9 10  -  - 55 57  1  4 51  - 54 50 17  - 40  - 33 43 41 37 36  - 30 45 53 19 44 60 38 48 49 52  5 29 56 25 26 59 21  8 13 42 27 12 16 18 28  - 15  - 39 22
 25 17  5 59  6 32  -  -  - 23  - 26 36  -  - 13  - 51  8 30 16  4 55  -  - 37 14  -  -  -  - 53 60  - 27 52 58  2  - 28 11  - 41 57 43  - 10  - 15 49 19 24 35 54  9 56  - 12  -  -
 35 30 31 48  - 40 37  1 44 56 42  9 16  - 24  - 11  - 22 54 46  - 52  - 57 60  3 43 10 18  -  - 51 20 15 21  2  - 29 49  -  - 26  - 55 39  -  7  4 58  - 17 47 12 36 53 38 45 19 27
 37 35 51  - 25 52 44 11 28 47 38 20 10  - 18  7 12 33 50  - 14  5 53 45  9 48  -  3 57 26 55 21 58  6 34 46 40 59 56 32 15  - 30 41 22  - 49  - 24 17  1 36  -  -  - 29  8 39 42  -
 36 27 13 49 18  8 26  -  - 39 47 12 42  4  9  - 21 58 48 40  6 11 44 32  3 38 54 56  - 19 24  2  - 35 22  - 33 41 17 10 57  1  5 15 52 23 30  -  - 53 29 45  - 55 25 28  - 34  - 16
 56  - 22  4  9 38  7 54 46 16  - 17 60 50 14 26  2  5 25 53 55 23 33 49  - 44 24 42 59  3 34  - 15 12  - 43 31 19 37 57 10 47 51 21  6  - 29 36 58  -  -  - 32  1 20 27  - 28 40 11
  - 42 16 33  - 26  - 10  - 36 59 11 48  -  - 24 18 60 13  - 53 58  8  -  5 41  -  7 39 57 38  - 19 56  1 12 15 40 52 55 28 14 21 29  2 43  -  -  9  - 25 50 34 46 44  -  - 30  -  3
  - 50  -  - 29  - 12  5 49 27  2 19 28 25 21 22  -  -  - 58  - 32 51 42 60 55 44 18 43 17  - 57  -  8 11 59 48  4 23 15 16 52  6  - 45 35 33  -  3 10 37  - 13 39  -  7 24 54  -  9
  6 58 43 16 13  3 60 27 22  - 10 34 12 28  - 25  8 39  - 38  9 26 19 14  4 56 30 32  - 23 35 42 33  - 51  - 49  -  - 21 46 40 57 36  1 20  7 52 31 47 11 54 37 45  2  - 53 29 59 41
 29  - 58 53  -  6  - 52  - 34 27 35 20  1  - 44 23 31 10  3 26  2 30 22 47 25 28 57  4 59  5 60  -  - 38 13 56 51 42 17 50 11  -  - 41 40  8  - 55 33  -  - 14 49 19  - 43 32 54 45
  - 18  -  -  5 39  2  -  - 38 33 32 15  - 56 29  -  4 35 24  8 28  -  3 12 14  -  1 13  6 22 31 17  7 23 20 27 55 41 42 19 50 59 40 48 44  - 11 43 46  - 21  -  9  - 57 34  - 60  -
  8 55  - 58 45  - 38  - 34 54 11 18 53 48 16  3 19 20 17  7  - 12 13 25  - 29  - 26 44  - 50  - 14 60  9 22 59 32 10  1 41  -  2  4 47 42 51  - 46 27 36  5  6 37 15 40 35 52 24 56
 43 41 40 52 48 28  -  3 15 14 21 10 56  -  - 20  4  - 45 25 60 29 50 26 30  8 51 23 22  - 37  7  6 16  2 42 57 54 59 24 18  9 47 19 12  - 46  -  - 34 31  -  - 35 33 13 17 53 44  -
  1 10  2 25 39 45 24 41 54 37 29 56  6  9 47  8  - 26 23 57 18 43 36 51 38 21 55 34 60 46 59  - 11  3 12 16 22 52 13  - 33 15  7 14  5 58 27  - 20 31 53  -  4 40 50 17 48  - 30 42
 52  - 11 38 31 16  - 13 19  - 35 57  3 45 36 14 32 41 55 23 30 18  6 12 24 40 34 60 29  - 10  -  - 21  -  4 28 56 39  8  2 44  1 53 54  - 15 25 17 51  - 42  - 47 48  - 59  - 46  -
 46 52 45 18 59  - 22 53 29 20 13 54  7 23  - 42  - 35  - 60  - 30 25 15 27 11 10  9 12 16 48 24 57 50 58  8 32  - 44 33 51 49 28  6  -  -  - 14 41 39 43 56 36 38  1 34 37  5  - 19
  -  -  3 60 55 18  - 59 42 28 51  1 57 12  - 35 34 48 32 27 25 13 24 43 54 50 49 53 30 41  9 37  -  - 31 39 19 14  6 47 17 36  - 38 20 52 26 46 10 23  7 40 33 56  - 45 16  8 29 58
 14 24  9 39 12 29 42  - 53 22 37  - 50 60 19 32 38 45 28  8  - 40 26 36 48 16 13 59 52 34  6 25  - 33 49  - 20 11 43 58  1 54  -  - 31 56 47 55  -  - 23 51  -  -  -  -  7 27 21 15
 50  6 41  - 17 44  4 60 27  -  - 52 25 32 48  - 13 34 42 28 57 21 43 39  1 10 58 29  8 36 45 56 20 37 18  -  5 16 47  3 26 33 24 51  - 54  - 31  7 11  - 59  - 53 12 46  2 23 22 30
 11  - 47  6  -  5 53 21 37 33 19 28  - 16 25  -  - 59 52 41  -  - 23  2  - 31 29  8 20 10 13 51 35  -  - 49 44 60 46  7  -  -  - 24 30  4 34  - 18 45 57 55 38  - 54 14 32 43  - 40
 12  9 25 27  1 20  6 24  - 26 36  8 35 55 44 59 54 32 19  - 21 38 41  - 53  - 57  4 34 47 49  - 40 48  5  2  7 10  - 37 22 17 33 31  - 16 43 39 60 50  3  - 58 23 42  -  - 11 13  -
 48  - 29 35  4  - 49 40 47 55  - 23 44 30  -  - 56  -  5 13  1 20  2  8 25 32  6 46 31  - 26  -  7  9  -  -  - 43 57 12  -  -  - 54 37 41  - 19 36 15 34 28 24 27  -  3 33 17 10 53
 30 46 57  1 40 34 13 31 45 24  3  -  5 33  8  - 55  - 43 10  7 39 60  9  - 23 42 48 58 22 54  -  2 26 56 15 18 50 32 14 47 27 12  - 11 25 16 53  - 59 17  - 44  4 37 38 19 21  -  -
  - 20  -  - 51 12  -  -  -  4  - 50  2 40 52 48 45 49 57  - 22  6 34  -  - 28  - 33 41 14  -  -  8  - 16  - 36 27 11 44 24  -  - 30 23  -  -  9 29  - 15  1 59 25 43 19 56 35 47  5
  - 40 38 11 43 57 47 18 59 58 46 51 31  - 33  - 50 19 26  - 39 56 10 37 45 34  4 15 54  - 44  8 32 17 13 30  - 49  -  -  7  -  - 23 24  -  2  6 27 29 22 35 25 48 52  1  - 36 55 14
  - 37  8 14 46  -  5 55 33 48  - 27 18  6 53 54  - 15 16 52 44 24  - 23 49 45 22 12 26 25 40  -  - 59 57  3  - 31  - 50 60 56 20 43 29 28  -  1  2  7 58 47  9 42  4 41 30  -  - 32
 13  -  - 56 44 35 52 45 36 19 30 47 40 53 22  9 24 23 14 18 11 15 17 38  - 20 48  -  3  8 58 59 27  4 25  7 42  - 34 46  -  2 55 26 57  -  -  5 51  - 39  - 28 43 32 49  6  - 37  -
  9 49 12  -  -  - 30  - 31 17  8  - 27 42 13 47  - 29 39 43 54 48 37  1  2  - 18 19 24 45  7 34  - 36 14  5 51 23 26  - 20 28  - 35 25 22 50  - 21  4 33 57 15 11 38 58 60 16 32  -
 21 59 34  5 47 58 36 44 52  2  7 48  - 46 30 55 14 57 31  9 45  - 15 20 22  - 26 28 19 27  -  6 54 10 43 37  -  8 38 40 32 35  - 11 50  -  - 41  - 13 24 29  - 60  -  4  -  - 33 12
 33 47 27 32  -  -  -  4 39 57 60  - 41 38  5 12 37 10 40 35 56 16 46 19 59 22  2 50  - 55 23 36 18 49 20  6  1 44 48 29 25 26  -  - 15  - 53  - 54 28 30  3 17  - 11  8 51 31 34  -
 31 60  -  3  - 11 46 34 30  - 32 13 17 58 27 43 53 52  1 14 29 22  7 24 36  -  -  - 18 39 41 40  5 25 59 51 54  - 16  9 23 19 48 33 21 12 45 37 38  6  - 44 49 28 10  2 26 50 56 57
 23  8 15 29 21  -  - 30 17 32  1 25  -  7 42 33  6 55 56 16 35 47  - 48 51 54 11 36 45  - 60 14 41 31  - 28 46 13  3  -  - 58 37 10  - 34  5 20 49 44 38 52 18 50 22 24 12  9 26  4
  5  - 42  -  3 37  - 29 21  6 45 41 38 36 10 28 47  2 27  1 12 44 31 40 55 53  - 58 14  9  - 48 24  - 30  - 13 34  - 59  -  - 35  7  4 33 17 57 23 18 54 15  8 32 49 51 20 19 11 43
 15 33 23 22 35  - 55 32 18  9  4  -  8 59  6 11 40 42 51 29 31  - 49  -  -  - 50 27  1 13 28  - 45 57 54  - 17 38 60 30  -  - 44  -  - 36 58 21 47 52 20  - 56 10 39 16  5  -  - 26
 44 31  - 45  8  -  3 23 25 15 48 43  - 39 38 51 41 17 29 33 10  - 21  7  - 24 20 54  5  1 47  - 56  - 60 19  - 37 55 11 12  4  - 46  - 30 35  - 14 16 13  - 22  6  - 42  9  - 53 52
 27 21 30 34 53 47  -  9 60 11 24  2 14 29 59 17 22 54 12 15  - 57 28  4  8  -  7 41 38 44 33 19 43  - 37  - 52  1  -  - 39  -  - 20  3 13 42 58 32  - 46 10 55 26 51  5 23 56 45 25
  7  2 53  - 41  -  - 28 13  - 14 30 34 37 40  - 44 27 47 19 20 50  -  6 52 15  - 31  -  - 51 39 12  -  4  1 45 33 54 23  8 22 25 48 60  5  3 16 35  9  - 18  - 17 59 32  - 26 36 29
  -  -  - 31  - 15 20 38  4  -  -  7 30 54 60 21  - 11 18  - 24 37 32 34 40 42 19 44  2  -  3 23 50 13 46 57 29 58  -  - 48 59  9 16 33 47 25 45 53  5 35  - 26 36  8 55 52 41  - 17
  - 29 60 26 37 50 21  7 23 35  - 40  - 11 17  -  - 25  -  5 13 49  - 59 28  - 15 30  - 56 16  9  1 47 24 10  - 46  4  - 43  -  - 52 51  - 14  -  6 48  8 39 31  - 57 33  - 20 58  -
 17 54  7  - 26 55 32  - 43 31 53 36 13 18 58 49 48 56 38 20  4 33 57 27 14  6  9  2 35 37  - 52 21 40  3  - 34 42  5 39  - 12 23 59  -  - 41 51 45 22 50  -  1 15 46 30 28 25  -  8
  -  1 48  - 27 60 17 33 11 18 52 16 58  5 35  - 30 37 44 12  - 10 39  - 50 49 56 40 55 20 42 29 31 15 26 54 43  - 14 51 34 25  -  9  - 38  6 13 28 19  - 32 21  8 53 23 36  -  2 59
 54 25 26 23  - 14  - 36 32 51 58  - 29  3 12 18 46 22  -  4  - 19 11 60  -  7 53 38 49 21 43 35  - 30  - 40  - 47  2  - 44 57  -  5  8 55 28 50 52 37 16 27 42 34 41  -  - 48 20 13
 32 43 33  - 54 10 35 51 50  5  9 60 46  8 34 53 59 47 20 44  2  3 56 13 26 57  -  - 17 52 11  4  -  - 45 23 39  - 15  - 21 38 16 58 28 31  - 27 42 41 14 25  -  7  6 37  - 55 49  1
 20  -  - 28 42 13 29 25 26  - 43 55  9 41 11 16 33 14 34 45 40 35  - 30  - 18 47 24 53 54  1 15 39  5  8 17  - 12  7 22 52 32 27  2 19 46 48 44 57 56  - 49  3 51 23 59 58  4 50 31
 45 38 32  - 36 42 43  - 12 52 17  5 26 47 20 15  - 50  2  - 19  - 48 41 18  1  -  - 56 11  -  - 29 24 40 31  -  9 21 13  6  -  8  - 39  -  - 33 34 60 44 14 54  3 16  - 49 46  -  7
  -  4 59 20  -  7 25 56 24 49 12 58 37 27 28 30  - 40 60 48 52 53  9 11 44 17 45 47  -  2 31 55 34 43 50  - 41 35 51 38 42 23  - 13 16 57 39 26  -  -  6 22  5  - 21 15 10 33  1 36
 39 44 28 24 57  - 48  -  - 50 26  3 32 52 45 60 29  6  - 42 49 31  1 55 16  4 12 21  - 43 20 33  - 51  - 47 23 30 53 35 40 13  -  -  - 37 18 34 11 25  2 41  7 19  - 36 27 59 15 46
  2 12  -  - 50 24 57 14 10 46 40 44  - 15 41 39 49  9 30 47 42  -  -  - 21 52 33  6 51 60 25  - 37 38 29  -  4 28 19 31  - 48 58 32 53  7  1 18 26 43 56 34  - 59 55 20 22 13  -  -
 22  -  4  - 30  - 56 39 48 43 54 46 45  2 23 36 28  8 58 26 15 42 18  - 35  9 17 11  7 38  - 47 10  - 55 27  - 21 33 53  3 37  -  1  - 29 24  -  5  - 59 13 19 57 14 50 41 60 51 49
 28 48  6  7 32 51 10  - 35 59  - 22 54 17  4 23  - 13  9  - 50  -  5 16 39 26  - 52 40 33  8 38  - 41 47 36 37  - 45 56 31 43 34  -  - 53 20  3 25 24  -  2  - 29 30 21 14 42  -  -
 26 28 19  - 58 54 59 48  - 44 16 21 24  -  7  2 52  - 41 34  5  - 22 35 43  -  8 49 37 51 27 30  - 42  - 53  - 39  - 25  4  - 46 45 56 10 36 17 40  3 32  - 29  - 31 47 11  1  9  -
 47  7 20  - 15 41 31  -  5 13 56  - 52 10  2 38 27 36 49 59 23 60 14  - 42 51 43 39 50 40  4 16  - 29 17 55 21  - 58  6 53  -  -  - 32 24  9 35 22 26 18 19 46 30 34  -  1  -  3 33
 10 34 39  - 14 56  -  - 55  - 15 33  1 31  -  - 26 38 36 17  3  - 27 53 23  -  -  - 48 29 32 50 59 58 19 25 47 45 20  2 49 30 22 42  -  6 52 24 16  - 51 11  - 13  7  - 44 37 18 35
 42  - 54 17  - 19 41  -  2 60  - 24  - 44 32  1  3 43  7 56 51 59  - 57 20 36 40 16 15 49 21  -  - 23 28 50 53  -  8 34 58 45 31  -  9 27  4 48 39  -  5 33 12 22 29 52 18 38 35  -
  - 15 36 41  7  -  - 19 58 40  5 49  - 34 50 56 25 12 21 11 43  - 20  - 37  - 59 55 47 35 14  1  - 22 10 29  8 57 31  -  - 51 54  - 27  - 13 32 48 30 26 16 53  2 18 39  4  3 28 44
 41 23 46 42 24 31 40 26  6  - 49  4 43 13 29 58 57  7  - 39 48 34 47 21 15  -  1  5 33 28 52 27 55  2 35 11  9  3 25 16 45 20 14 56  - 32 19 30 37 36 12 38 60  - 17 18 54 10  - 51
