2880
  7  2  -  4 21 18 49 56 48  5 57  - 50  8 24 58 26 28 51 14 60  9  -  3 39  - 43 40 32  - 45 44 23 17 52 29 15 55 47  - 34 16 11 33 35 30  -  - 10  - 22 19  - 54 59 46  6 13 31  1
 29 51 44 49 14 30 38  1  7 47 55  -  - 39 13 25  2 11 60 12 41 31 58 23  4 45 46 35 10 21  - 27 15 33  3 54 43 52 42 17 18 32 40  8  -  6 26 36  9 28 24  - 34  - 16 59  5 50 37 19
  -  - 57  8 27 56  - 46 51 52 40 58  - 17 15 34 25  - 53 54 42 48 49 32 19  - 16 43 45  5  4 41  2  - 23  9  3  - 31 39 24  - 60 26 11 20 30  7 37  - 21 47 13 18  -  1 44 38  6 50
 17 12 36 53 45 59 50 26 60 42 58 23  1 14  - 20 38  -  - 48 24 52 55  9 16 56 30  -  6 34 39 29 21 22 40 28 32  - 49  - 10  7  -  -  - 44 54  5 31 13  4  - 51  -  - 27 37 18 47  3
 60  -  -  -  - 34 45 24 35 14 41 22  - 27 50 46  - 40 57  -  -  - 37  - 59 11  1  -  3  - 54 58 16  -  - 53  - 43  -  -  5  -  -  - 49 47  9 19 28 29  -  7  6 13  - 17 10  -  2 20
 37 50  8 22 29 16 51  - 42 34 25 60 47 41 39  -  - 43 54 53  -  1 26 46  9 35  - 17 11  2 10  - 32 58 28 23 27 45  - 18  - 56  - 12 55 24  4 14  - 40 57  -  5 15 36 30 48  -  - 44
 18 35 53 34 25 54 56  7 59 11 13 16 26  - 42 36 52 19  9  6 51 15 50 37 22 20 28 45  1 10 44 21  -  8 47 31 38  3 27 60 57 24  - 46 39 14  - 41 43  - 58 12 23 33  -  4 55 48 40 49
  - 19  -  - 32  5  - 49 47 25 51 48 12 28 11  3 41 26  2 44 30 34 21 57  - 24 37  - 38 23  - 15  -  -  7 17  9 56 53  6  4  1 31 52 40  - 22 50 35 46 43 39  - 27 20 33 45 54 59 55
 41 17 18 11 19 20 14 51 49  6  - 50  - 58  - 27  4 22 46 29 10  - 23 42  - 59 32  2  - 31 33  5  - 34  - 35  - 13  -  - 55  -  - 48 47 21 15 53 38  - 45  9 24  7 57  8 28 52  - 56
 32 43 42  -  - 35 28 25  3 19  - 54  - 49  -  - 46 34 24  - 50 10  -  -  -  5  - 57 59  9  -  - 29 45 15  6 11  -  - 58  7 23 30  4 31  8 36 39 22 37 60  - 41 55 12 48  - 44  - 27
 36  7 50  -  2 21 23  - 28 22 14  6  - 30 19 18 34 53 16 10  - 13 27 45  -  - 52  - 55 17  5 48 43  -  - 59 26 42 58  4  - 47 24 35 15 39 32 38 41 33 49 20 46 44  8  3 11 31  - 12
  -  -  - 58 13  8  4 30 23 16 56 29 21  6  7 53 15  9 12 57  - 50 46  5  - 33 27 60  - 54 43 26 20  - 36 39  - 28  - 31 41 48 51 19 45 40 34  -  - 55 44 11 42 25  -  - 32  -  - 22
  9 26  - 32  - 44  - 23 12  - 43  3 16  -  8 31 45 52  1  - 59  - 11 39 40  - 13  - 22 37  - 47 49 20 38 42  - 21 41  - 50 34 53 60  - 51 17 55  -  6 56  - 30 46  2 14 29  - 36 15
  -  1  -  6 47 10  - 59 44 43 34 32  - 16  2  - 19 46  8  3 25  -  7 17  - 51 24 30 39 57 18 23 55 14 20  5 42 33 11 41  - 53 50  - 37  - 58  -  - 54  - 52 40 45 13 60 35 36 12  -
 43 20 12 37 52 55 10 58 41 45  7 27 54  - 32 21 48 17 59  9  - 39 40 44 15 18  8 47 30 16  - 31 34 13 29 24 50 26  4 25 11 35  - 14  5  - 42  6 46  -  3 38 33 53 56 23  -  -  - 60
  -  - 59 50 51 48 13 55 40 23 27 49 56  - 58  9  3 44 52 46  -  - 32  -  5 47 33 53 29 25  - 11  - 39  -  7 34  6 54 14 43 21  - 22 30 26 35  4 17  1 15 24  - 16 10  - 18 28  - 57
 35 41  5  9  - 23 27 47 33  8 31  -  -  4 55 45  6 20 25 39 38 42 24 50 29  7 53  - 56 26 51  -  - 49 10 60 30 36 48  2  - 52 44 15 59  - 28 43 18 16 17  3  - 58  1 37 12 19 21 13
 21 59 60  - 34 13 58 33 50  1 12 46  -  - 54 23 43 42  4  7  9 32  - 28  - 27 56 20 26  6 38 51 25 11  - 40 41 53 44 48 49 19  5 24 52 31 10 29 30 22 35  2 36  8 15  -  3 39 57 37
 27  8 20  - 58  6 46 29 19  - 24 47  7 44 30 10  - 13 42 31 39  2 56 34 33 17  -  -  -  -  - 55 37 57 18  1 35 14 38 26 28 15 22 40 25 32 11 16  4 36 12 59 50 23 43  - 52  - 41  -
 49 24 39 16 41 25  2  8 55 33  6  - 18 60 40 32 20 14 36 17 13 27 45  - 58 50 48 38 53 19 12 46 54  - 22 10 47  7 52  9  -  5  - 29 44 37 23 30 59  4  -  1  - 31  - 28 43  -  3 21
  - 57 25 55 46 38 37  -  - 12 49 11 13  - 44 14 58 16 31 21  -  4  1 53 47  8 19 33 51 28 50 18 56 40 59 26 48 39 10 23 22 45  6  - 41 36 20  9  2  - 52 42 35 17 24  -  7 43 32  -
 47 22 29 20  -  4 18 40 26 38 30  2 59 57 23 48 27 54 49 36 44 11 14  - 25 52 34 42 12  - 46 45 41 19 17  -  1 58 39  - 51 31 35 28 32  - 21 33 55 60  9  6  3 56 53 15 16 24 43 10
  -  -  7  2 30 32 17 60 45 35  5 37  - 40  - 19 31 18  - 43 27 24 10 51 20  - 50 46 25 39 26 22 53  9  - 55 56 12 34  - 38  - 57 49 14  - 33 48 13 41 23 15 54 36 58 21  - 47 52  -
 11 13  - 44 56 29 19 22 46  9 47 33  8 43 35  5  - 24  - 51 40  - 54 48 38  - 17 36 57 42  -  - 14 52 53 20 55 49 25 50 32 39 59  7  6  4 31 60  3 15 34 30  -  -  - 26  2  1  - 45
 48 25 56 24  -  -  6 10  5  -  - 36  - 26 45 42 47  - 30 40  - 21  8 58  -  - 35  3 31 41 11  9 22  7 16 50 12 37 59 34 29  - 15  2 43 28  - 57  -  - 18 55 20 60 33 38 51 27  -  4
  - 16 24 57  -  - 12 38 30  - 46  7  -  - 34 43  - 49 21  -  -  -  -  - 44 10 47 54  4  3  9 14 28  1  - 36 23 51 60 29 17  6  -  5 48 59 41 13  - 58  - 35 19 52 26 11 31 45  -  -
 40 60  6 54 24 11 48  9 31  - 29 55  -  -  3 16  -  7 23  5  - 41  - 21  8  -  - 52  2 27 37 30 10  - 45 38 36 35 57 53 58 42 25 59  - 43 14  - 50 47 20 56 32 49  4 34 15 26 46 18
  1  - 32 29 39  -  - 12 43 50 15 28 40 11 10 26 36 23 58  -  5 37 19 55  6  -  2 48  -  -  -  7 57 18 56 51  - 44  - 46  9 14 33 53  3 49  8  - 42 20 27 17  -  4 31 16 41 30 60 38
 15 11 14 19  - 12  - 21 32 53 17  5 35  - 20 54  1  - 28 49  -  - 42 10 52 55  7  9 58 22 36 57 59 56  - 45 37 38 18  - 27 33  4 13 23 25 43 31 48  2 30 46 26 39 60 47  - 34  -  8
 14 33  -  7 57 17 53 19 16  -  8 24 34 12 46  -  -  - 32 60 31 59 44 35 51 26  9 10  -  -  -  - 27 23 11  - 28  - 37  -  -  -  - 21  -  3  2 25 15  -  - 22 18 43 50 49  -  5 42 54
 26 49 54 33 40 19 44 17  -  - 16 53  - 56  4 47 13 31 34 28 22 36  - 43 24 29  -  -  - 55  8  2 12  -  - 11  - 15  3 27 37 46 20 57 50  7 60 58  - 21 59 10 25  -  6  5  - 14 39 48
  -  - 19 43  1  9 52 27  2 37 50  - 31 59  - 29  5 25 35 58  -  - 16  7 45 21  - 56 34 24 32 20  -  - 39 41  8  - 46 40 47 13 28 38 51  -  6 11 33  - 10 23 57  -  3 54 30 49 44 36
  -  - 48 10  6  -  - 20 53  - 32 19  - 42 41 11  - 60 26 34 28 12 52 40 14 46 49  - 33 50 24 59 35  -  - 57 44  4 30  8  1 36 16  - 54  2 39 22 23  7  - 58  -  -  - 43 13 21  9  5
  6  -  - 18 53 46 25 36  1 41 19 51 23 48 27 40 60  3 11 30 55  -  - 16 13 49  4 39 54 47 29 10  - 50 37 44  5 17 24 35 15 59 21 42  2  9 52  - 32 14  - 31  - 28  7  - 22 33 34  -
  - 23  - 51 17  -  3 43  4 27 42 10 20  - 37 49 44 39 40 22 18 57 53 14 34 30 45 31  7 12 28 38  - 48 33  2  - 60 16 32 21  - 29 54  - 15  1 24 36  -  8  - 56 26 11 25  -  9 13 41
 33 18  3 35 28 39  - 31 17 15 22 12  5 19  9 52 49 30 20  - 36 40 13 56 42 34 41 37 21  - 53 25 50 38 43  - 58 24  - 57 26  - 23 55  1  - 45 54 47 27 29 48 16 59 44  2  -  -  - 14
 16 48 30  5 35  -  - 32 11  4 33 57 24  - 31 22  - 59 18  -  -  6 29 41 17 15 26  1 60 36 49 54 13  -  9 58 25 50 23  - 14  2 46 37 27  - 53 42  7 51  - 43 45 19  - 10 40 55  -  -
 56  9 21 27 43 26 35 18 37 40 28 30 14 54 48  - 11 51 45 24 52 29  -  - 57 53 59 15 19 44 47  4 38 31 46 12 60 23  - 22 36 41 58 10  - 13 55  -  -  - 50 16  -  3 39  6  1 20  7 42
  - 56 52 39 11  2  -  -  - 55  -  - 19  9 53 51 21  1  - 15  - 17 59 60 49 22 12 28 27  - 57 33 44 35  -  - 46 20 50  7  8 25  - 18 26 54 24 45 40  - 32 36  - 38 37  - 47 29 23 58
 51 30 11 25  7 57  - 52 14 46 53  - 44 50  -  1  -  - 55 27  8 60 22  - 12 42  - 29 17 35  6 39 48 43  2  4 24 16  5 49 23 54 47 58 33 56 38 15 21 31  - 37 10 34  - 20 36  - 28 59
  - 36 17 47 49 15  -  6 34 24 59  8  3 31  - 41  -  - 38 35  - 43  - 12 10 60 51 23 48 20 40 56  4 44 21 32  2 30 33 55  - 22  1 50  - 53 16 37 26 45 54  -  -  5 28 57 42  - 14 52
 50  - 58  -  4  - 32  -  8 29  1 20 33 35 60 55 56 37 14 23 15 46  2 24 26  9 38  -  5 40 52  - 51 59 41 13 21  -  7 45 12 28  - 44 57 11 49  - 54  -  -  -  -  - 34  - 39  - 27 16
  -  3 13 26 60 41 39 28 20  - 37 15 53 51  -  - 29  - 44 59 43 22 47 52  1 58 23 49  8 18 56 42  -  2 30 34 40 32 45 36  - 10 54 11  9  -  -  -  5 24 25 57  4 21 38 55 14  7 19  -
  - 15 47 38 44 33 20 34 24  2 11  -  -  1  - 50 23 21  5  - 14 16  -  8 60  - 36 51 13 43  - 28 19 41  -  - 10  - 26 37 52  4  -  6 42 57 56  -  - 48 39 18 29 30 45 31 53  - 25 32
 58  -  2 14 23 37  5 13  - 30  -  9 52 24 57  4 39 55 48 32 33 47 18 15 53 54 20 22 46  - 59 43 42 25  6 21  - 19 36  - 44  - 34 31  - 10 29  8 16 49  1 27 12 51  - 50 60 56 17 28
  -  6 23 13 33  1  - 44 18  - 48 21 29 22 43 30 35 45 17 16  - 51 57 19 54 38 10 50 37  - 55  - 31  4 32 52 14 27 15 24 60  8  -  - 53 34  -  2 58 12  5 49  - 47 40 41 20  -  - 11
  8 39  - 42  -  - 36 11 54 13 21 35  6 15 56 12 32 29 22 55  2  5  - 25 46  3  - 34 24  7 30  -  - 27  - 19 17  1 14 44 16 38 52 41  - 45  -  - 51 43 37 40 47 48  -  -  4 57 53  -
  - 40 45 41  -  7  -  4  - 54 26 43 42 36 22  -  -  5 19  - 23 33  6 18 32  2  -  - 50 15  -  3  - 51 24 49 39  -  9 38 25  - 48 30  - 16 13  - 57  8 46 28 59 11  - 56 34  -  - 29
 12 37  - 17  5 36 22 50  - 56  9  -  - 38 28 15 14  -  -  8 11 49 33 20 43 57  - 21 35 60  2  1 45 26  - 46  6 31 29 13  3 58 55 51  4 52 18 59  - 10 19 25 39  - 32  7 27 23 48 30
 59 53  - 36 16  - 21 45 52 10 20  - 32  -  -  - 51 50  - 38 58 25  3  - 23  - 14 41  - 46 15  -  - 28  - 30 18  2 12 33 31 57 37  - 56  -  - 34 27  -  - 54 11 22 55 40 19  - 49 17
  - 55 46 31 48 50 30 42 38  -  - 41 39 37 59 28 16 57  7 33  -  -  4 54 56 44 25 11 40 32 19  8  - 21 26  - 53  - 22 10 20 49 12  1 17  -  3 47 60  -  6 45 27 35  9 51 58  - 18 34
 25 58 28 30 50 40 16  5  -  - 10 59 22 23 38 39 55 56  - 45 37 18 36  - 31  - 29  4 49  8 27 13  - 12 19 14 51 41 32 54 35 43 42  9  7  1 47 17 24 11 26  - 15  2 21 44  - 46 33  6
 30 27  - 46 54 49 33  - 10 26 38 25 17  - 36 35 18 15  6  1  3  - 51 31 37 23  5 19 20 48 14 40  7 53 44  - 57 29 43 56  2 50 39 45 13 55  -  - 34  - 11  8 52 32 41 24  - 12  - 47
 20 47  4  - 15 60 31 14  -  3 45  1 36 33 49 38 37  8 50 42 57 19 39 13 11  - 58 59 41  - 34  6  -  5  -  - 16 18 55 12 48 44 10 43  - 17  7 28 25 23  - 21  2  9 27 35 26 40  -  -
 44  - 49 15 59 27 26  2  - 57 54  - 45 13 18 60 24 41 33 56  -  3  5 38 21  1 55  - 43 51 22 50 58 30  8  -  -  9 17 47  - 40  7 16 12 29 37 46 11 39 28 34 48  - 14 53 25  - 10  -
 28 10  -  -  - 47 43 16 25 39 23 18  -  -  5 59 42  6  - 26 32 58 38 11 41 13 44  - 14 29 35  -  1 37 12 48  7 54  - 51 45  3 27 36 19 46 57 56 53 17 55 50  -  - 30  9 49 60 22 33
 22 46  -  -  - 28 42 57  9 58 18 14 25 29 16 33  - 32 15  -  - 30 48 49 55  4  - 26 36 45  - 35  -  3  -  -  -  8  - 19  6 60 17 27 21 41 44  - 39 50  2 53  1 37 52 13 38 51  - 40
 54 45 34 52 55 58 15  3 57 60 44 17  2 32 14  -  9 48 41 47  7  - 35 27 28 25 22  - 42 49 23 37 36 29 50  8  - 11 40 30 53 51 38 39 20  -  - 12 19 59 16  5 43 24 46 18 33 10  4 31
  - 21 31 48 12 45  8 15 27 49 52 44 11 10  - 37 53  4 39 19  -  7  - 30  -  - 60 32  9  - 16  - 17  -  - 18 54 57 51  3 42 20 43 25 58 22 50 40 29 34 36 41 55  6 47  - 56 59 35 23
 19  - 22  -  3 43  - 41 13 20  2 52 28  - 12 44  - 10 37 11 26 53 60 36 35 16 54 25  - 59  7 32  - 24 57 33 49 48  8  - 46 55 56 34 38 50 51 18 45 42 31  - 58 40 17  - 23  6 30 39
