2880
 30 24  - 60 41 26 29 11  - 59  6 57 33 12 40 38 53 22  9  -  8 42 45 20  3 28  - 39 27 21  - 54  -  - 31  - 18 34  -  -  5 10 17  -  7 13  - 55  - 46  - 49  - 37 48 50 47 56 51 19
 58 41 31  - 23  - 52 54 40 38 32 17 55  - 48  5 51 13 11  8 21  -  - 57  2 36 44  7  - 15 14 59 24  - 50  - 20 45  - 10 34  1 16 26 27 30  6 49 47  3  - 35  - 25  -  - 60  -  - 43
  5 43  - 47 46  4 27 51 57 45  3  -  9 50 25 41 34 15 37  1 17  8 30 18 32 49 19  2 23 59 35 48 14  - 10  - 55 39  6 20 24 26 13 12 11 54 33  -  - 53 21 56 58 60 28 36 44  7 38 16
 48 54 38 24 52  -  2 53 31 25  -  - 17  -  9  - 18 28 20 11 51  5 55 33 43 45  1 10 12 49  - 23 39  -  - 16 36  - 57  -  - 41 26  6 19  3 59  -  - 15 35 58 60 47 29 27  - 21  -  -
 28  - 29 36  - 24  - 56 58 21 27  - 39 11 50  - 31 54  5 59 12 18 22 49 10  -  - 47 48  - 37 38 25  -  -  -  2  - 30 40  -  7  - 33  9 23  3 60 52 34  -  - 55 13  8 19  4 42 32  1
 59 11 34 43 45 37 55 46  -  -  -  -  2 48 13  -  6 24 14 32 49 20 47 58  9 54  4 28 39 36  3  - 12 30 35 29 33  7 26  5 23 52 15  - 22 31 25 19  - 27  8 38 17 41  - 10 51 18 50 40
 35 47  - 45  4  -  - 58 18 40 17 46 28 32  2  3 52 38 56 12 27 19 23 42 50  -  - 29 20  1 55  - 16  -  5  7 21 14  - 13 60  -  9  - 24 15 54  - 37  6 48 43 57  - 22  -  - 34  -  8
 44 17  - 14 32 56 46  - 30  - 24 48  - 35 54  9  4 51  1 28  - 47  2  -  8 23 38  - 49 53 50 42  - 22 29 20 60 12 37 36 10 31  3 52 59  5 13  - 27  - 16 26 45  - 33 11  - 19 57 58
 21 22 53 26 44 31  - 40 47  - 55 24 16  - 35 11  7  -  - 30 38 39  8 27 48  1 56  - 28  5 58 20  4  -  3 23 52  - 13 15  - 14  -  2 18 36 37 45  6 59  - 33 12 42 54  -  - 25 34 50
  - 50  7 34 13  5  - 25  -  -  4  - 21  - 31 28 54 29  - 51  2  3  1 44  - 26 10 55  6 16 27  - 30 42 33 41 43 32  - 39  - 35 24 37 20 47 56 38 12 23 52 15 14 36 17 58 57 40 49 48
  9 45 37 58  -  - 26  - 56 32 28 34 49 55 41 42  -  1  - 25  3 12 46  5 11  - 33 13 35 24 39  -  - 51 22 53 48 27  - 21  6 20 40 16 31 43 10 17 57  - 59 47  - 18  -  2 15 23 30 29
  - 39 12  1  5  -  9  -  4 28 48  -  7  6 32 31 36 46 30 16 56 59 40 17 37  -  - 19 34 44  - 35 58 52 54  -  - 22 33 11 15 13  - 55  2 50 41  - 42  - 14 53 38 27 49 57 26 43 23 60
 32  - 41  7 16 21 22  4 37 47  -  2 38 43  -  - 39 23 50 44  - 10  5 56 28 30  - 58 46 42 13 19 45 24 34 49 54 33  9  1 36 18  -  - 53 57 51 11 14  - 26 25  - 55 60 15 35 52 17  -
 23 33  2 15 60 20 44 59 50 42 43  -  4  - 26 10 56  - 54  - 40 21 28 37  -  - 39  - 31 58 52  5  7  - 49 12 45  - 47 41 57  -  6 18 29 24  1 46 16  - 13 36  9 11 51 22 38  3 48 32
 46 52 39  - 53 42 31 12 15 14 50  - 19 25  3  -  -  4 18 45 58 55 44 13 36  - 27  9 57 11 47  8  -  - 16 37 30 23 56  2  - 21  -  -  6 49  - 41 60 38 28 59  - 32 35 54 48 51  - 26
 27  - 44 51  - 46  -  6  - 57 56 39  5  7 18 60 58 26  -  - 32  - 41 28 17 33 42 40 15 20 30 31 47 34  - 21 38  2 16  3  - 19  8  -  4  - 23  - 49 22  -  1 50  9 13 45 43 54 25 36
 37  1 54 25 24  8  6  - 36 26  5 53 45 47 46  -  -  - 19 55 48  -  - 34 18 57 43 20 40  9 56 12 22 13  -  - 44  4 21 16 30  - 60  - 15 35  -  - 38 29 49  2 39 52 42  - 27 41 58  -
 19 20  6  2 59 36  - 49 44 50 39 35 10 51  -  7  5 55 34 48 28 37  3  -  - 60  -  - 21 33 42 46 40 47 57 38 29  1  - 17 31 45 56  -  - 12 52  -  -  -  9 22 11  -  - 53 24 26  4  -
 10  5 20  -  - 55 47  2 33  - 36  -  -  - 58 48  - 53 40  7 42  1 49  - 45 50  - 26 19 27 34 21  3  6 28 30 12  -  -  9  - 24 25 60 51 32  - 16 56 17 22 41  8 29 31  - 14 15 11 59
 12  4 25  -  7 30 43 15  3  -  - 55 22 33  - 35 14  - 26 52  6 28 20 23 41 10  -  -  8 48 32  -  1 40 60 54  5  - 39 59 13 16  -  -  - 27  - 18 58  -  - 24  - 21 53 37  - 50  2  -
 17 42  - 54 19 53 30  - 27  3  -  4 34  - 10 55 38 35 23 13 18 48 60 14 25 21 50 36  -  2  9 39 49  - 59  6 22 43 52 51 45 58 41 46  -  1  8 20 44 11  5 29 15  - 16 47 28 33 31 56
 26 15 11 12  9  - 50 28 22  5  8 20  - 39 55  -  - 27  3  -  - 35 14 45  7 41 21 60 32 23 36 10  -  - 30 33 16  -  1  - 25 43 29 51 13 19 18  - 40 47  6 44 42 59  4 46  2 53 24 37
  2 60  - 40 36 35 54 29 41 30 45 15 42 52  4 18 19 39 32  -  - 49  - 43 24  - 53  - 44  3  - 13 55 17 26  1 31 48  -  8 27 37 47 20 56 11  - 51  - 57 10  9  - 46 34  5 12 38 21 22
  4 35  - 57 30  -  - 19  5 44  9 28 27 56 37 22  - 40 60 49 45  -  -  - 33 59 11 50 53 52 25 14  - 10 12  - 46 54 41  - 43  - 39 38 17 48 29 58 36  - 32 18  - 23 24  - 31 13 42 51
 25  - 36  6 29 11 45 13  - 46 19  - 56  -  -  - 33 17 24 18  - 54 34  -  -  9 51 44  - 30 28 43 35  -  -  3 27 50  2  - 37  -  1  - 52 55 49 39 23  - 60 16  - 40 58  - 59  8  - 12
  6 57 58 33 34 54 25 60 14 12 40 51 30  9  - 39  1 32  8 24  - 36  - 31 15  -  -  - 52  -  - 37 27  -  - 47 26  -  - 29  - 44 45 10 48 38 28 21  4 18 56 13  - 19  - 23 11 17 59 49
 52 56 46  - 10 28  5 42 53 41 38  - 58 15 47 16 35 37 29  - 59 43 11 24 26 17  7  - 55  - 54 40 13  4  - 60 57 51 45  - 21  - 30 31 49 22 39  3 19  - 20  6 34 48 23  8  1  2 14 25
 15 40  - 32  - 13  -  8  6 35 34 25 60 38 49  - 16  9 21 27 47 31 58 48 29 19  - 14 26 22 24 17  - 37  4  - 11 46 51  - 53 57 43  3 23  - 42 50  - 12 18  7 36 20  1 59 56  -  - 39
 56 38 47 35 18 17 20  - 60 48 54  -  - 16  - 24  - 31 52  -  - 29 50  1 30  -  - 43  - 14 23 58 59 27 36  5 28  - 25 34 11 33 21 57 10 44  4  -  - 26  -  -  - 39  6 41 46  9 22 53
 38 31 22 17 39 27 14 30 45 18  -  -  - 28  1 19 26 42  - 21  9  - 56  -  -  - 29 51  3 40  - 41 11 58 47 43 25 20 48  -  7 59 49  8  -  - 53  - 34 10  -  - 37  - 46 16 23 32  - 44
 40 34 24 55  -  -  7  3 46  -  - 50 51 27 29 20 57 58 35 37 26 38 53 21 49  - 23 18  - 39 12 60  2  -  1 56 42 36 15 14 33 30 31 19 44 25 45  - 10 52 41  - 47 22 43 48  8  4  9  5
  1 49  8 59 51  - 15 31 11  -  - 52  - 37  - 25 20 16  - 29 35 60 54  9 13 27  - 12 33  6 10  - 42 57 45 34 32 58 28 44 19 39 23 14 50 56 17 53 30 40 36  4 48  - 38 26 18 47  3  -
 34 51 57 39 47 23  - 14 48 54 31  8 26 42  - 12 60  - 10  - 25 11 16 40 21 44 13 53 30 55 29 32 41 56  2 45  - 35 27 58 46 49 20  - 43 18  7 24 50 19 33 28 59  6 52  1  9 22 15  -
 20  - 15  8  - 39  1  - 25 43 10 13  -  2 56 57 22 11  -  - 29 40 21 51 59  3 31 52 58  - 45 30 18 12  -  - 19  5 36 60 42  6 33 44 55 28 47  4  -  - 27 23  -  - 41 49 50 46  - 14
  - 48  -  - 26 41 21 17 16 10 29 11 43 53 44 36 55 47  - 57  -  4 33  - 51 24  5  -  2 12  -  1  - 20  7 40 59 60 19 23 28 34 22 56 35 58 32 15 46 30  3 42 49 31 14 25 39 45 54  6
 39 14 33 29  - 10 12 27  8  7 49  -  - 23 17 15  - 60 36  - 37 56 31 47  - 43 46 41 16 50 53 44 52  1  6 55 24  -  - 45 32  - 28 40 38  -  9 22 35 48 51 57  - 34  -  -  - 58  -  -
 57  7 26 56 27  -  8 20  - 52 41 36 29  - 19  2 48 10 39 23 13  - 51 25 12 32 58 59 45 37  5 28 31 46 18 50 15  -  - 22 14 54 35 21 42  6 40  - 43 24 17 30  4  - 55 34  - 44  -  -
  8 18  - 11 40  1  3  7 28 20 47 41  6  - 60 14 30 21 49  - 36 50 15 26 52 25  9 56 37 31 22  2 57  5 24  - 13 55 35 27 44 42 12 58  - 33 34 10 51 32  - 45 53  4  -  - 17  - 29 23
 29 36 30  -  - 58 34 33 13 31 52 45 59  8 28  6 15 43 48 60 57 27  - 54 19  - 47 21  - 32  -  3 37  - 46  - 23 24  5 53 40 25 51 22 14 16  2 56  9  - 12 39  7 10 44 38 41  - 18  -
 60  6  1 52 20  - 39  - 55  2 44 22  3  - 45 21 47  - 43 33 23 25 48 12  5 13 34 35 14 41  4  -  8 26 11  - 37 56 38 32 49 29 27 15  - 59 31 57  - 58  7 40 54 53 19 30 16 10 28 24
 51 29  - 16 43 25 32 45  9 17 22  - 14 21 38  1 24  - 55  5 46 41 39  8 27 34 35 37  - 60 26 18  6 33 42 48 58 57  - 12 54  3 11 50  - 10 15  2 59 44  4  - 13 28 47  7 49 36 52  -
  - 27 23  - 33 34 49 35 21 36 46 54 32 24 52 40  9 25 17 58  - 53  - 50  - 14 45  -  1 57 48 11 38 59 20  -  4 30  - 31 41 28 18  - 26 37  5  - 22  - 47 19 56  - 15 60 42 55 13 10
 42 28 27 44 57  6  - 55  -  - 23 31 15 58  5 34 29 41 25  9 24  -  - 59  4 40  -  - 47 56 19  -  -  - 32  8 39 26 17 46  3 11 38  -  - 53 21 12 54 16 43 60 51  7 37 13 45 35  - 18
  - 25  9 13  -  - 18 23  - 11 12  -  - 20 22 43 42 30 28 34  5  2  - 29 53 52  8 31  7  -  6 15 21 44  - 36 14 59 10 56  - 47 58  -  3  4 16 32 24 50  - 48 46 57 26 17  -  - 45  -
 43  2 48 22 14 57 11 41  -  - 13 21 24  - 39 51 17 59 33 26 54 16 36  3  - 31 25 38 56  7 60 34 50 29 40  -  1 44 58  - 35  - 53  - 47  - 46 42  8 37 30 12 10 49 45  9  5 27  6 28
 50  9 21  - 31 47 48  - 24 16 14 19 54 60 53 45  -  5 13 41  7 17 29 46 58 18 52 34  - 10 44  - 20 23 15 27 49 25 32 43 59  4 57  - 40 51 55 26  2 36 37  3 22  - 12  - 33 39  8 35
 41 37 49  5  3 16 10  - 17  -  - 29 46 30 21  4  - 14 12 20  - 44  -  7  - 39 24 23 43 18 38 50 19 54 53 25 51 11 22 48  -  -  2 32  -  - 35  1 13 60 45 52  - 56  9 40 55 28 47 34
 22 30 52 23  - 43  -  5 59  - 26  3  8  1  - 56 13 44  - 42 60  - 27 16 57 47  - 15  9 29  - 24 17  - 51 18 50  -  4 19 38  -  - 39 58 21 20  6 31 33 25 37  2  - 32 14 40 11 10  7
 47  - 50 21  1  2 35 43  - 58 51 27 25  5 15 59 46 36 57 14  -  6 38 39 44 29 37 30 11  8 16 49 60 28 19 10 53 40 31  -  - 23  -  - 33  7  -  9 32 41 34  -  -  3 18 12 52 20 55  -
 24 21 55  4 50  - 41  - 19 37 15  - 13 22 34 58 40 20 31 53  - 33 12  - 35 51 49 48 10  -  7 26  -  2 38  -  9 18 59 42 39  8 36 29 45 60 43 54  - 56 11  -  5 16 30  - 25  6 27  3
 33 58 45 31 37 60 40 36 42 34  - 10 12 59  6  - 21 19  2 50  4 51 13 41 46  - 55 54 17 28 49 57  5 16 43 24  3 52  8 35 26 56 44 23 25 20 27 14  7  9 53 32 18 30  - 29  - 48  1 47
  -  -  3 10 28 38 17 24 49 55 53 18  - 26 12 23 41  8 42  6 33 22  4  2 34 58 16  1 60 35 59  7 48  -  -  9 47  - 11 37 51 46 19  - 30 52 44  - 20 43 57 54 25 15 50 39 36 29 40 13
  3 46 16 42 35 15 33  9 34 24 18 38  -  -  -  - 12 57 22 19  1 30 10  - 23  6 40 25  - 45 43 55  -  8  - 39 41 53 29  7 56 32 59 47 21 26 50 48 17  - 54 51 28  2  5  4 20 49 37 52
  7 26  - 41 11  3 13 50  - 29 59 23 36 14  8 52  -  - 51  2 53 45 37  - 38 35  -  - 22  -  - 16 54 25 58 57 40  6 24  4 18  9 32 48 28 39 12 33 55  5  1 27 19 43 10  -  - 31 44 15
 45 10 35 37 48 33 58 32 20 23  - 43 57 29  -  -  - 50 53 36 41 24  9 30 47 15 22  - 59 25  8 52 51 11 17 31  - 21 40 18  -  5  4 42 60  -  - 27 26  1 55 46 16  -  3 56  - 12  7 54
  -  -  - 38 12 29  - 39  - 27 16 60 37 40  - 17 45 56  4 22  - 52  - 19  -  2  6 32 36 13  - 25 23  - 21  - 10 49  - 33 55 50  7 59 41 14  - 28 18 51 31 11  1  -  -  - 30  5  - 57
 53  8  -  - 42  - 16 18 10 49  7 59 52  3 23 54 37 48  - 40  -  -  - 22 39 12 60 45 29 38 15 27 36 43  - 58  - 17 55 25 47 51 14 28  5  2 26 30  - 35 46 50 41  1 21 20  6 24 56  4
 18 44  -  -  -  - 57  1 26 51  2 32  - 31 27 37  -  7  6 43 30 46  - 53 14 56  3  - 50 47 40 45  - 19 48 35 17 15 23 52 20  -  5 36 39 42  - 59 25 55 38 10 33 54 11  - 34 16 12  9
 55 59  - 27 58 18 24 38 35  4 20  - 31  - 42 29  - 12  -  - 14 23  -  - 56 48 30 33 51 43 17 22 26 45 25 28  7 13 60 54  9 36 34 11  8 41  - 47 15 21  2  5 40 50 39 44 32 57 46  -
 36  -  -  -  2 40 60 34  7  9 30 44  - 57 51 26 10  - 27 54 43  - 17 15 42 37 28 46 18  -  -  4  - 48  - 59  8  - 12 49 16 22 52 25  1  - 11 35  -  - 50 14 32  - 56  - 58  - 39 38
