2880
 39  -  - 14 59 34 12  - 45  - 33 22 16 27 23 15 49 37  6  3 36 53 31 47  - 17 19  - 46 38 58 43  - 57 42  4 30  5  1  - 51  9 44 10 20 52 25 21  -  7  -  - 28 24  - 35 48 60 13 50
 26  9  - 39 15  - 30  - 31  6  - 42 41 22 19 29  - 28 16 34  8 12 20  - 18 50 32 49 13 59  7 11  - 21 46 57 56 40  - 17 45 60 35 25  5 10 51 43  4 48 36 14 27 33  - 37  3 58 52 54
 43  - 22 50 58 31 45  - 55  - 39 30 23 10  7 40 59  - 35 57 44 25 11  8 20  - 14  - 47 52 37 24 19  9  -  - 38 16  4  - 46 21 42  - 17 56 48  2 49 15 51  6  -  -  3 18 34  -  -  -
  8  - 53 48 35 22 32 42  7 19  - 31  -  2 54 27  -  - 47 29 25 46 14 36 55 41 39  -  3 12 30 50  - 44  - 34 21  6 20 60 43 24 28 59  9 16 26  -  -  5 15  1 58  -  4 13  - 49 40 56
 30  - 54  -  - 23 21  4 48 34 15  - 42 43 14  - 45 50 25 44 37 60 27 17  2 57 28 22 38  -  5 39  6 49  - 51 52 12 32 33 18  1  - 41 11 58 47 46 20  - 16  9  3 13 35  -  7  - 59  8
 36 29 42 12 53 13 35 44 11  7  3 55  6 15  - 54 31  - 18 32  4 58 38 41 49 34 47 48 10  - 59 21  - 33 45 27  1 23 51 25 16 37  - 50 40 26 57  -  2 60  -  - 43 14 52 20 22 46 56 30
 45 30 18 41  7 57  - 47 58 15 40  6 37 26 44  -  - 49 39  - 38  - 19  1  - 21 13  - 54 42 25 29 33 23  9 31  -  -  - 59 22  2 34  - 60  -  8  - 35  - 50  - 55 43 10 56 32  5 12 16
 35  - 46 44 47  -  3 45 27 13 36 54 58 41 21 30 23 20  4 33  - 57 37 50 31 42  - 38 39 16 55 60 15 29 48 32  5 11 49  1  6  - 17 18 34 28 43 26 19  8 40  - 22  -  -  2 14  7 24 52
 33  6 27 23 39  - 17 46 34 38  5 49 26  - 36  - 52 56 19 58 18 15  7  - 30 12 25 43 28 54 44 14  - 42 11 60 32  - 50  - 29 51 22  - 41 31  1 40  -  - 55  4  9 16 24  - 47 35  3 10
 49 53  -  - 38  -  1  - 43 52  -  8 17 54  2 51 35 23 48 45 56 36 24  - 33 14 34 47 31  - 57  - 26  -  - 50  6 27  7 13  3 12 25  - 19 39 60 11  - 29  - 59 40 22 21 30 37  -  5  -
 40  -  - 58 12  -  - 55  - 18 19 44 28  8 43  3 57 41 24  6  - 48 21  5 47 60  2  - 32 34  4 54  - 30 52 42 14 25 17 11  - 53 10 22  - 23 39 33 16  -  - 49 29 31 26 46  - 37  1  -
 48 31 14 25 20  - 52 24  8 60 57 15 22 18  6  - 11 38 49 23  - 27  4 28 53 35 29 41 26  -  - 19 32  5  - 33  - 56  - 42 34  3 21 55 13  - 54 16  - 46  -  7 10 47 12 40 30 17 51 36
 29 14  - 19  - 48 16 28 36  3 24  - 51  -  - 35  - 54 13 15 22 20 26 33 37 27  - 56  6  - 38  - 43 47 50  - 17 42 21 31  2 39  -  - 57 12 41 44 58 25  -  - 23 18  5  - 45  -  -  1
 59 41 55 13 33 43 31 52 32 47 11 53 48  - 20 58  3 30 12 60 26 19  - 10 51  - 27  2  -  - 17 45 38  - 36 24  9 21 29  4  5 57 23 56 22 50  - 54 42  - 25 15  1 39 37  - 16  8 49 28
 21  -  -  - 40 59 19 39 26 41 45 38  - 42  9 44 20 60  - 55 13  3 25 12  - 56 15 46  7 49  - 34  - 36 29 43 24  1  - 50 30 32  6 52 27  8 23 22 33 14 47  -  2 11 51 10 53  - 37 18
 10  - 16 35 26  4 40 23 25  -  7 27 60  3 24 37  -  - 20  - 31 33 30 52 32  - 45 58 48 11 14 36  -  - 28 56  8 19 41 29  - 47 53 38 51 44  6 34 39 54 42 12 59  -  -  -  5 21 43 15
 17  4 50 10 22 56 24 41  - 42  - 26 45  9 58 46 55 52 28 30  -  -  - 54 36  -  6 35 27 60  - 25 13 12  5 59 44  -  - 37 21  - 51  2 39 48  3 32 29 18  -  8 38  7 34 53 15 11  -  -
 55 23 12 16  4 21  - 56 38  1 54  -  3 58 11  - 14 47  7 50 32 44  - 42  - 15 59 45  -  8 24  - 39 37  2 26 35  - 28  - 17 27  - 13  - 20 31 36 41 57 30 43  -  - 29 22  - 25 48 34
 52 50  - 38 37 58  - 14 15  - 10  2 24 19  - 16  - 40 60  -  - 34 49 25  1  5 26 36 42 22 46 59 23  - 12  7  4 57  - 21  - 31  3 51  -  6 55 30 32 13 53 44  - 29 17 39 28 18  - 35
  -  1 15 45 42 38 29 32 49 23 35  -  - 47  -  - 28 48 21 46 58 31 39 20 25 52  5 44 36 18  3 40  8 55 37  -  - 50  - 16 11 43 54 24  -  7 53  9 14 19  - 30  - 26 13  - 10  - 27  -
  - 15 21 27  1 14 59  -  3 26 56 24 20  - 28 11 33  5 22 12  7 54 57 40 38 49 18 39 29 13 36 23 30 43 44 17  - 53  - 48 25  6 46 58 35 34 19 42 60  2 10 32 41  - 50 52  9 51 55  4
  - 24 25 42 14  1  - 15 33 20 16 51  - 48  -  - 58  8  - 35 27  6  -  7 39 46  -  - 19 57  - 26 29 59 49 40  2 10 52  9 44  - 56  -  - 43 13  4 54 28 11 38 47 45 53 60  -  3  - 37
  - 39 40  -  - 51 27 25 23 35 17 18  -  - 49  - 21  1  - 41 47  2 16 37 28  3 58 10 50  - 22  -  4 56  6  - 34 31  - 44 55  -  8 19 38  -  - 14  9 43 57  - 60  -  - 36  - 24  -  -
 58 16  5  2  - 26 28 22 20 51 29 40  -  - 10 32 38 13 23  1  -  -  -  -  3 54  4 17 35  -  -  -  - 45 30  - 57 49 18  -  9  - 36 46 12 60  7 53  - 21 48 41 31 34  8 14 59 52 50 55
 44  - 35  7  9 45 18 49  -  - 30 36 25  5  - 55 10 22  - 11 60  4 47 56 59 31 17  1 41 51 33 28 52  2 43  - 54 13 24 38 37 15 48 32 29 46 34  -  -  3  - 50 26 20 27 19  6  -  - 14
 27 20 52 21  8 60 22 59 16 56 43  - 32  - 47 42 13  - 34 53  3 24 15 29 14  2  - 19 37 17 48  - 35 31 40  -  -  -  -  7  1  - 50  4 33 25  - 57 10 11 18  - 54 36  -  - 46 28 39  6
 19 38 30 28 13 53  7 40 54 10 26 47  5 35 48 49 22 12 41 31 43  8 50 51 24 37 56 15 23  - 16 57  2 14 21 29 25 46  -  -  -  - 59 42  4 17  - 55 11 27 52 18 45  6 36 33 58 39 60 20
 54  - 49 20 17 44 53 33 28 12 25 56 35 32 41 48  6 55  1 19  - 52 40 21 10 16 24  7  2 29  -  3  5 38  4 58 13 37  -  - 36 23 57 26 42  9 18 51  -  - 60 45  - 50 14  -  - 34  - 22
 32 43  -  - 54 15  - 36 40  8 13 52  - 34 16  6 41  -  - 56 55 17  1  - 45  - 50 31 11 21  2 35 60  - 27  3 33 20 46  - 49 38  - 37 48 24  -  5  - 23 29 58  - 28 39 44 18 47 53 42
  - 26 32  5 51 36 57 29 37  - 20  -  7  4 33  -  2 53  -  - 50 13 45 43  8 38 41  -  -  1 31 58 56 11 35 48 60 18  - 55 23 44 30 17 14 54 15 12 47 49  6 24  - 19  - 27 40  9  - 59
 46  8 33 26 23 28 36  7 14 22  2 12 56  - 34  9 16 10 57 49  - 40 43  -  - 11 51 50 59 55  6 48 31 24 15 53 27 17  -  - 38 25 47  3  - 18  -  1  - 30 35 13 19  4 60 58 52 45 44 21
 37  - 19  - 10 11  - 54 52  - 42  7 50 13 60 33 17 14  5  -  - 32 28 16  4 45 31 23 44 46  - 15  1 40 26  -  - 35 48 47 39 18  -  8 25  - 22  3 59 34 12 53 24  9 49 57 56 29  - 51
  - 49  2 18 41 25 60 48 24 21 37  5  - 38 57 20  -  -  -  - 52 50  - 53 46  - 35  3 30 10 11  4 42  6 32 44 16 33  8  - 40 26 19 23 58  - 12 28  - 22 14  -  -  - 54 43 51 59 17 47
  - 11 45 36 24  - 34 19 42  - 14  - 55  - 30  5  -  7  2 37  - 35 22  - 43  - 12 52 57 44 29  8 28 41 33 18 59 48 58  - 54  - 60  - 46  - 10 56  -  - 20 40  - 21  9  -  - 53  - 39
 25 48 36 54  - 37 20 13 50 59  - 29 38 46 22  4  - 32 30 18 39 10  9 23 12 44  -  - 14 43  - 55  - 15  -  5 40 28 27 51 19  - 58  7 45  2 11 24  3 42 17 52 21  8  - 26 33  6 41 31
  2  3  1  -  -  6 15 11  5 50 34 37 49 14  4  -  - 44 59 24 54 45  8 48 29  9 42 13  -  - 35 53 18 10 19 16 51 26  -  - 47 58 33 20  - 22  - 17  - 55 32 57 39  - 40 41 12 27 23 25
 14 36 48 47  6  2 10 30 53 37 60  4 46 16  -  - 42 45 40 21 33  - 51 44 11 24  3 28  1 19  8 31 41 50 18 13 12  - 55 57 26  5 27 34 59 32 17 15  -  9 22 23 49 52  - 25 35 20  - 58
 13 58  9 40 44 16 25  5  - 11  4 59  1 53  8 34  - 36 26 38  - 55 32 49 19  6  - 21 24 14 43 12  - 28 20  - 39 47 35 45 56 17 29  -  - 51 46  7  -  -  -  - 33 37 18  3 57 30 42 27
 57 45  4  - 52 27  - 31 44 28  - 20 15  - 56 41 43 25 55  -  9 59  6  - 16  -  7 40 60 58 21  5 14  8  1  2 18 24  - 34 50 10 49 39  - 38 33 37 26 51 19 17 13 35 42 48 23 12 36 11
  5 56  7 59 16 42  -  - 51 33 22  -  - 39 55 10 18  4  3  2 12 29 54 15  - 20 40 11  - 53 32  -  9 25 34  -  - 36 47 46 13  -  1 28  -  - 52  - 37 58  -  -  8 57 19 31 41 48 30 49
 20 21 23  6 45 19 46 18 29 44 55 57  - 31  - 36 30 59 33  9  - 51 42  4 60 26  -  8 43 25 56 41 17  - 14 28 49 34 11 12 48 52 32 15 16 47 38 50 22  1  - 35  5 53  2 24 39  - 58  -
  -  -  - 17 34 52 50  - 47 55 28 21 14 56  5  - 51 26 43 13 29  - 36 18  -  8  -  - 25  - 60 27  3 58 53  1 23  7 39  - 57 33 40 45 15 42 24 38 12 32  2 37 35 44 30 54 31 10 20 19
  - 51  - 33 57 35  - 16 22  - 18  3 39 36 38  2 60 34 37 48 45 11 58  - 40  - 21 29  9  6  - 56  - 32 17 46  - 43 13 28  7  8 12 47 53  4 27  -  1 41  - 55 52 54 59 15 50 31 25  -
  7  2 58 34 60 12 43 27 57 46 23 45 52 51  1 50 26 24  9 25  - 30  - 39 54  4 16 55  8 48 15 20 49  3  - 10 37 44  6 22  - 19 38 21 31 40 56 59  - 53 41 28 11  -  - 47 17 42 32 13
 22  7 56 30 19 54 11 38 10 39  1 32 40 55  - 17  - 43 29 59 15 47  -  - 27 28  - 42 33 36 52 46 12 13  -  9 20  3 23 58 35 45 18 48  8  - 14 60  - 44  - 26 57 41 31 34  4  - 16 53
 28  5 26 32  -  8  - 58  -  - 41 60  4 11 45 18 48 51 38 40 57  7 52  - 50 39 44 53  - 31  -  - 25 27 23  6  - 54  - 30 59 55 13 14 24 49 42  - 21 20  - 33  - 15 46  9  2 16 10  -
  3  - 13 55 21  -  5  - 19  4 52 46 29 57 12 26 37  - 54 47 53 16 23  -  9  1  8 24 22 35  - 38  - 18 25  - 15 39  -  - 31 11  2 33 10 59  - 49 34 36 44 60 32 40 43 17 42 41 28 48
 16 25 28  - 29 33  8 21 35  5 50 19  - 40 42 45  -  - 36 52  - 26 46 58  -  - 53 18 51  4 10 17 48  - 47 12 11 60 22 24 27 34  -  6 43 14 37 39 38  -  3 31 20 59  -  - 44  2 57 32
 51 17  6  8  - 49  -  3  9  2 27 10 30 24  -  1 40 46 58  - 16 43 12  - 52 18 11 57 53 33 23 13 21 48  -  -  7 22 45  - 60 56 39 54 37  -  -  - 36 35  4 29 50 25 28  5 20  - 14 44
 38 35 41  -  -  9 51 10 13  - 46 33 18 23  3 12  - 31 42  - 11  - 34 32 17 29 57 60 49 24  -  1 22 16 58  - 26  - 59 56 14 28 52 53  2  5 36  - 27 47  7 25 44 30  - 55 21 43  -  -
 53 10  3  -  -  5  6  - 39 57 31 41 27 45 46 59 15 16 51 22  -  -  - 30  - 33  1 12  -  - 47 49 24 34 56 14 50  - 42  - 28 35 26  -  - 19  - 20 48 17 21 36  4 58  7 23 13 44  2 29
 24  - 20  -  5 30 13  1 12 16  9  - 53  - 39 43  -  6 14 26  - 42  - 19 22  - 33  4 21 23 34 18  -  - 51  - 36 55 25  2 32 40  - 27 49 45  - 35 57  - 54  3 48  - 38 28  8 56 46  -
  9 59 60 37 56 17 58  -  6 25  - 39 43 44  - 21 19  - 27 36 14  5 55 26  7 10 20 51 15  - 50 32  - 52  3  -  -  8 12 53 42 29  - 11 28 35 45 23 18  - 13  2  -  - 33 16  1  4 22 57
 47 32 37  - 55  7 56 20  -  9  - 13  - 59 53  - 27 35  -  8 40 23 60  3 57 58  -  - 34 28 41 10  - 17  -  - 46 14  -  - 52 36 43  - 44 21 30  - 50 39 33 42  6 51 45 12 11 22 31  2
 56 33 34  - 27 50  4 53 18 49 59 16  9 12 32  8 44 17 10 43  2  -  5 46  -  - 30 37 55  - 54  -  -  7 22 15  3 52  -  6  - 13 31 40 47 36 20 41 23 38 39 19  -  -  - 29 25  -  - 26
 41 18 47 15 48 20 42  -  -  -  -  9 11 30 40 22 25 29 50 17 49 38 53 57 56  - 60 32 12 45 28  -  - 51  7 54 19 59  -  - 33 14 55 44  -  -  2 58 24 16 46  -  - 27  -  4  -  - 26  -
 42 13  - 60 50 39 37  6 17 29  8  1 33 25 59 24  7 21 44 20 34 56 48 27  - 36  - 16 52  - 49  - 51 54 38 55  -  2 19  5 53 46 14 57 30  -  9 45 28 31  - 47  - 10 22 32 43 40  4 41
 15 42 29 49  - 46 14 26  -  -  - 25 54 50  - 39  -  2 32 27  -  9  - 24 44 30 37 59 40 56 18  - 34 20 57 35 22 41 33 10 12 48  7 43  - 53 16 52 55  4  8 51 17  -  6 45 38 23 11  5
  4 34 44 51 11 40 55  8 21  - 48 35  - 60 52  - 56 33 31 54 30 22  -  2 13 53 38 27 17 26 42 47 16 19 24 49 28 58 43 32 10 20  -  9  6 57  - 29  5 50 59 39 18  3 41  1 36  -  -  7
 60 37 11  9  2 10 33 43 41 32 47 17 13 20 25 31  8 18 15 16 46 49 59  6 35 22 23  5 56  3 45 52 58  -  - 39  - 30 53 54  - 42  4 36  -  1 29 19 51  - 28  - 12 55 48 38 27 50  7 24
