2880
  - 59 20 34 49 39 46 55 23  - 51 44  - 13 50  - 47 33  - 25 16  2  -  4  1  - 35 12 52  7 19 42 10 28 31  6 22 38 48  - 41 58 24 54 53 29  8  9 32 45 17  -  -  - 43 15 60 14  -  5
 56 58  - 31  - 55 60  -  -  - 48 51  1  - 47 24 52  -  9 50 32  - 15  2 41 13 59 19  - 14 38 21  - 44  -  - 20 27 39  - 54  5 33 37 43  -  4 12 18 16  3 46 11  - 40 36  -  6  - 45
  - 51  1  - 27 24 58  -  4 30 10 17 53 54 20  -  - 47 43  8 42 56 28 33 37 50 48 34  - 12 11 57 60 40 36  3 39 14  - 23 16 31 32 52 18  7  - 15 19 46  - 35  6 13 22  - 21  -  - 38
 53  6  -  4 50 16 40 58  8 17 38 26  - 41  -  9  -  1 48 14 24 39 33  -  - 19 27  - 12 55  -  - 15 34 29 10 44 37  - 47  - 52 30  7 22 46 13 49  2  - 42 36  - 45 21  -  - 35 18 11
 14  4 25 48 53 27  3 17 29  - 36 19 33  7 58 56  8 57  -  - 35  1 22 12  6 49 41 60  - 59 44  -  - 32 16 51 26  5 10 54  9 40  - 47 28 15 37 34 42 23  -  - 13 39  - 55  - 31  2 18
 50 54  -  -  -  - 57 11  1 20 15 56 30 32 10  - 49 53 52 55 13  9 47 38 12 48 28 16  - 42  - 25  - 58 26 18 14  - 21  -  6 41  4  5  8 22  -  3 33 36 37 44  7 17  - 60 51  2 46 35
 47 39 37 41 48 52  4  - 30 21 54  8 40 51 55  -  5 27  - 15 49 10  - 60  7  9 11 29 18 28  -  - 23 50 56  2 34 16  - 26 45  - 17  - 24 13  - 19 25 31 43 14 35  - 59 42 57  - 53  1
 27 38  8 29 44 20 17 33 25  7 35 14  -  1 16 46  - 24  - 41 19 32  4  - 53 52 39 36 30 13  - 47 11 12  - 49 40  - 60 37  -  9 18 57  6  -  3 43  -  5  - 59 42 56 50 51 23 55 31  2
 21 35  6  3  - 19 28 41 11 14 27 37 56 39  1 22 54 31 57 42 34  - 29 58 59  - 10 15 26 32  7  - 47 18 52 13  2 30 49 45 46 43  8  9  - 17 50 40 60  -  -  - 20  - 25  4 55 51 23 53
 24 33 59 46 60 22  - 42 38  - 57  4  5 20 30  6 41  - 50 17 55 31  - 40 14 28 43  7  - 25 36 48 18 47  - 15  -  2 51 39 29 27 45 32 19 44  -  8 16  9 11  1  - 49 58 10 35 12 52 13
 19 55  - 60  -  9 16  - 41 22  - 43 54 36 49 50 59 29 37  2  - 27 44  -  - 34 31 33  8 26 40 30  - 42 20 53 13 52 11 35 48 10  1 24 14 12  -  6  -  -  - 47 25  3  -  5 46  4 45 21
  - 46 34 32  - 15  - 10 57 58 17  - 36 42 37 60 19 38  6 12 20 45  - 13 31 21 29 35  - 48  - 51  2 43  3 16  -  8 44 33 59 26  -  - 55 54 14  -  - 47 18  4  - 11 24 39  - 23  -  -
 55 22 58 13 47 32  -  - 33 16  - 52  - 10 26 15  - 28 11 51 38 40 56 37 25  8  - 48 46 20 14 18 49 45 12 42 23 21  - 17 57  1 35  -  3  5 54  -  - 59 30 34 36  2 19  9 31  - 39 44
  -  1 41 42 18  - 25 45 24 39 20  5 51  -  - 11 46 37 30 21  - 28 14 26 19  - 56 10 48 43 53 38  7  9 27 59 12 44  -  - 17 13 60 50 36  - 49 29  4 34 54  2 31 33 16 57 15 47  - 22
  3  - 11 55  - 40 49 56  - 23 45  - 12 17 35 39  - 54 58 53 18 22  5 10 30 31 26 28 33 38 20 46 50 36 15 21 47 32 24 42  - 48  6 27 57 34 29  - 59  2  - 13  9  - 60 25  7 41 44  4
 43 28 57  8  9 37  -  -  5 60 19 21 16 11 38  - 36  - 41  - 52  - 35 56  3 18  6 31  - 39  - 54  -  4 48  - 15 33 17  - 23 32 46 34  1  - 25 10  - 40 50 29 44  -  - 27 13 49  - 42
 57 27 54 15 41 34 42 24  9  - 53  - 46  - 44  4 51 40 49 56 31  - 39 23  5 26  8  -  - 10 32  - 55 16 13 19  - 60 38 43  - 25 52 28 48 47  6  -  1 21 33  7 58  - 18 11 45 37  - 50
 28 13 45 58 20 26 14  - 21 48 44 60 57 15  2  -  9 39  4  7  6  - 52 55 43 53  -  - 35  - 37 11 12 24 47 23  3  -  - 31  8  - 41 25  - 38  -  1 50 10 22 56 49 42  - 32 54 30 16 51
  8 10 31 53 52 14  - 15 54  - 43 48 29 25  6 57  1  -  5  -  -  - 40  - 46  -  - 47 39 24  2 12 30 59 17 26 49 18 13 50 37  - 56 41 58  -  9  -  -  - 38 55 22  - 36 28 44  7 11  -
 45 30 24 59 36 21  -  -  - 35 55  -  3 19 39 40  - 43  - 16 12 11 42 47 34 37  7 51  - 50  -  9 31 14 22  - 32 48 26 41  5  - 53 17 56  -  - 57 49 54  -  6 60 46 23 33 25 52  4  8
  4 16  - 54 17  -  2 60 45  -  - 49  - 37  - 28 23 52 39  - 27 50  6 44 48 30 34 57 58  - 21 24 53 26 14  - 36 47  - 19  - 22 38  - 32  -  -  -  3 56 25  -  -  - 33 41  -  -  - 31
 52 42  9 21 43 48  6  7 13 26  2 46 60  - 19 59  - 58 36  -  5  - 31 35 49 39  - 11 15 34 28 10 56 57 25  4 16 22 47 32 50 53  - 14 27 30 20 54 37 18 45 51  3  - 44  8  - 40 33 12
 58  - 51 18  4 57 52  3  - 40 37 39 21  8 32 41 25 16 13 11 26  6  - 19 42 23 20  -  - 53  - 31  -  7 55  - 28 36  1 34 56 30 54  2 50 49 47 45 17 60 27 15 24 59 14 29 43 44 10 48
 51 36 39 12 59 18 23 32  - 53 25 42  4 55  - 43 11  - 46 35 17  - 38 29 54 40  2 49  3 52  -  7 20 60  -  - 48  - 57 27 47 33  9 58 45 21 24 16 15 13  5  8 56 31  6  - 30  1 28 19
  6 40 27  -  - 50 15 38 18  - 31  -  2 58 28 33  - 49 17 23 36 53  -  - 45 14 22 30 25  - 24 26 13 29 57 54 41 46 59 21 51 12  - 43 20 56 52 37 34 44 48  -  1 55 32 16 11 19  7  -
 37  7  - 43 13 60 47  8 42 28  - 12 25 29 56  -  - 44 38  3 40  - 19  1 36 22 55 14  -  2 52 27 57 15 53 45  6 49  9  -  -  -  - 33 21  - 16 23 58  - 46 32 54 35 34  - 48  5 41 26
  - 50  -  -  -  2 27  -  - 52 32 54  - 16  5 42 20 13 21  -  - 57 26 15  -  - 46  6 23 47 31  3 35  -  - 22  1 28 19 24  -  8 29 48 17 59 30  4 41 55  9 25  -  - 37 56 33 43 51 34
 12  3  - 56 15 49  8  5 37 32  1 25 27  - 11 44 57  -  2 24 28 52  7 51 16 38  4  9 13 45  6 19 43 46 10 40 54 34 29 30 18 36 23 22 41 33 26 53 39  - 60  - 50 48 55 59  - 58  - 20
 26  5  3 40  - 29 55 37 14 15 28  - 34  2  9  - 58 51 35 57  - 46  - 36  - 20  -  8 24 27  - 13 21 49 33 31 45 42  - 25 22  - 19  - 16  -  - 48 56  1  -  -  -  -  7 30 12 38  - 52
 42 32  - 14 23 35  5 13 48 38 41 57 44 60 29 20 10  - 28  - 30  - 58  -  -  4  - 59 27 37  8  -  1  - 50  - 33  7 43  -  - 24 49  - 47 40 21 31 12 26 16 39 55 15  - 34 52 54 25 36
 48 29  -  -  3  - 11 39 44  - 22 28  6 14 57 19  - 17 54 40 33 26  -  9  - 46 51 45  -  4 49  -  5 35  2 50  8 13 36 18  7 60 34 30 59  -  1 27 53  -  -  - 16 32 56 24 20 25  -  -
 40  8 18  - 31  7 34  2  - 11  - 50 55  6 27  5 26 15  3  -  - 23  1 59 38  -  - 58 19 33 13  - 22 48 60  - 24 45 35 14 36  -  - 10  9 16 57 21 46 29 44 20 53 25  4 52 28 56 49 32
  - 15 23 20 55 28 36 53 46 10  -  - 43 22  - 17 31 21  7 59  -  -  9 16 27 54 49  - 45 29 56  8  -  5 24 57 30  3  - 44 13 38  - 51 33 25 11 42 47 39 35 58 48 60 12 40  6 34  -  -
 15 19  7 39  -  - 53  4  -  6 56  - 38  9 51 21 48 46 47 22 23 36  -  - 11 59 13 25  - 35 50  2 45 30  - 12 57 55  8  -  3 28 43  - 31 20  - 26 29 33  1 52 40  5 10  - 27 42 60 58
 20 25 32  - 16 46 33 50 19 18 23 31 28 56 12  -  - 48 14  6  9 60 17 21  2 51 45 38 37 11 39 43 34  -  7  5 52 59 58 22  -  -  -  -  - 41 55 44 10 49 29 54  -  - 47 53  4 26  -  -
 31 12 16 19 29 51  - 23 20 41 58 47  9 59 18 54 15 30 10 28 14 33  -  7 13 24 40  5 36  6  3 22 44 21 38 43 60  4 25 48 34  - 50 49 42 55  - 32 11 52 26 53 27 57  -  2 37 17  1  -
 33 60 29 49  2 30 39 52 26 57  6  - 50  4 40 37 12 34 31 46 53 44  - 28  - 45 58  1  9 22 16  - 42  - 35 11 56  - 14  - 27 17  - 13  5 51  - 20  - 25 10  3 21 24 15 23 19 36 47 59
 29 20 40 10 33 36 37  - 27  5 26  - 22 52  - 49 35 23  1 34 43 51 12  3 47 16 60  - 41  9 58  - 19 56 44 30 11  6 45 46 39 57 59 38  -  8 15 24 55 32  - 31  2 21  - 17 53 48 42 54
  - 41 42 24 39  1 45 28 36 51 59 15  8 50 22  -  -  2 26  - 11 12 54 18  9 44 33  -  -  - 34 17  - 13  - 56 37 25 20 38 43 35 16  3 60 10 19 30 23  7 40  -  - 29 53 48  - 46 57 14
 44  -  -  6 25 38  7 40 17 56 12 41  -  - 21 52  - 22 16 26 45 43 48  - 20 57 47  2 34 58 55 60 27  - 28 33 10 51 37  - 14 23  3 53 54 39 36 18  -  8 19 30  4  - 49 31 42 15  9 29
 49 57 44  9 26 10  -  - 22 12 21 11 13  - 31  7 55  - 34 48  8  - 25  5  - 47  -  - 59  - 27 35  4 20 45  - 18  1  - 58 19 29  - 16  - 23 42  - 51 50 15 43 41  -  2 46 56 39 14 40
 23 24  - 26 58 59  - 43 28 49  4 10 42  - 48 30 50  -  - 44 54  - 53 45  - 41  1 39 11  5 17 29  9 31 51 46  - 40  7  3  - 19 13 20  - 57 18 36  8  - 21 12 37 22 35 47 32 27 34 56
  1 23  5  - 19 54  - 31  2 36 60 59 45 18  - 13 27  4 44 38 37 42 57 32  8 17  - 55 51 30 33  6  -  - 21 14  9 10 53 49 20 16 25  - 34  - 46 50  - 24 28 40 12  - 52  3 41 29 15  7
 41 17  -  7 45 47 59  6 60  2  5 35 20 49 54 58 37 18 29  1 48 16 27 25 50 43 15  - 28  -  - 44 38  8  4 55 53  -  3  - 32 42  - 56 23 36 33 22 52 12 51 26 39 10 57 19 40  - 21 46
  5 14 28 22 30  - 18 29  6  4 11  1 35  - 15 51 42 41 33  -  7  -  3  - 40 36 24 43 57 49  - 45 59 54 46 48  -  - 31 20 52 34 37 44 12 53 60 25 27 19 23  9 17 16 26 38  2 21 55 47
 10  - 36 50  - 12 13 57 52 42  - 33  - 23 17  3 28 60 59  - 44  - 16 48  -  - 37 18  5  -  9  4  - 27  - 32 19  - 41  7  - 51  -  - 26  - 53 39 38 30 20 22 46  6  8 21 29  - 40 24
 38 48 19  - 57 53 51 35  7  - 47 40  - 12  -  - 39 45  - 32 25 14 24 30 56 33 16 13  1 21 60  - 28 11  8  - 43 41 54 10 31 18 27  -  4  -  -  - 36 20  -  - 15 34 29 58 59 22  -  -
 18 34 10 17 14 11 22  1 47  - 49  6 26  -  7 31 24  3 32  - 51 21 55 43 60  - 19  - 53 57  5 36 40 39 30 44 29 56 46 13 35 20  -  4 37 58  - 33 28 42  - 27 38  8 41 54 50 59  - 16
 39 11 55 28 37 43 35  -  -  -  - 29 23 30  - 36 40  7 27 13 50 19  2 53 32 25 54  - 10 17  - 33 24  3  -  -  4 57 16 51 12 47  -  -  - 42  5  - 48  - 31 21 52  - 38  -  9  - 58 60
  -  - 21 51 40  8  1 36  - 37  - 32 41 24 42 10  - 56 60 54 58 30 20 31  - 11 18  4  -  - 12 34 48 22 19 35  5 17  - 57 44  - 47  6 49 52  - 55  - 27 14 28 59  - 13  -  3 16 38 39
 32 53 49 36 51 25 26  9 10 47 42  - 14 28 60  1 13 35 40  4 29  5 45 57 52  - 44 27 21 15 59 16 33 37 54  - 17 19 50 11  2 56 22 39 38  6 43 46 31  - 34 41 30 12 48  - 58  8  - 55
 22 56 43 47  -  - 10 26 50 25 52 55 11 27  - 16 53  9  -  -  3 29  8 49 44  1  - 37 60 31 30 23 36  6 18 41  7 12 34  - 42  - 21 59 35  - 51 38 45 57  2  5  - 28  - 20 14 33 17 15
 11  - 17 25 22 56 54 51 55  1 40 30 48  5 36 35  -  8 53 33  - 49 37 14  -  3 50 52  - 19 47 41 26  -  -  9 46  - 12 60 15  4 58  - 44 27  2  -  6 38 39 24 45  - 28  - 18 57 32 43
 25 37  -  - 38 41  9 46 51  - 24 16 32 35  - 14 34 10 12  - 39 54 21  6  4 56 36  - 31  - 57 28  3 55 59 20  - 15 22 29 60  - 11 45  7  -  - 52  -  -  -  - 26 40  5 18 17 13 43 23
  9 31 46 35 54  5 56 22 58  - 39  -  -  - 24 55  2  - 23 60 41 37 49 34 18  7 52  3 38 44 51 59 32  - 11  -  - 53 15 40 25 50 57 19 30 28  -  - 21  -  - 16 14 27 42  -  1 20 36  6
 54 21 12 38 56  - 31 18 34  -  -  9 37 26 59  - 30 50 24 29  -  7 10  -  -  6  3  - 22 46  -  1 25  - 40 28 55  - 42  - 53 14 20 23  2  4 58 51  - 15  8 45 19 43 27 44 39 60 13 17
 59 43 33 30  7  6 44 12 56 19 34  2  - 31 53 38  - 42 25 20 46 58 51  - 29 10  5 23 54 41  1 15  8  - 32 17 27 50 55 28 11  - 36  - 39  -  -  - 14 22 13 49 18  -  9 37 16 45 24 57
 16 26 30 45 42  4 19  - 49  - 14 27  -  -  3  -  6 59  8 39 15 47 18 46 17 32 25 21 56  - 35 20  -  1  5 34 58 31  - 55 40 11  7 60 10  2  - 13 24 48 53 33 43 37 54 12 38 28 50 41
  2  -  4 44 32 33 21  -  -  3  - 45  7 46 14 34 43 26 56 36 60 25 41 27 15 55  - 40  - 23 10 53  -  -  -  - 51  -  5 16  1 37 39 18 13  - 48 28  9 58  6 19 47  -  - 50 22 11 29 30
 34 18 60  -  5 44 50  - 53  - 46 13 58 40  -  2 17 25 51 10  1  4 36  - 24 27  - 54 47  3 29  - 16 41 39  7 38 35 23 52 33  6 42 31 15 11 45 59 43 37  - 57  - 30 20  - 49  9 12 28
