2880
 59 44  - 54  - 31  3  - 41 25 42  - 57 50 38 52 40 18  8  - 12  1 16 49 55 30 29  7  6  4 45  2  - 14 56 34 51 19  - 13 37 22  - 47 11 26 24 17 28  -  - 35 23  5 21 43 10  9 48  -
 48 55 19 30  9 11 38  - 51  - 54  - 21 29 52  1 42  - 24 20 43 28  6 53 13 35 34 39 31 44 56  - 58 33  -  8 50 59 22 47 10 37 18 57  -  4  -  -  -  - 17 36 14 15 16 41 46 25 40 27
 30 19  8  - 38 55  -  - 21 23 13 35  2 12  - 14 46 41 50 32 26  - 54 31 49  -  9 29 18 37 33 56  4 25 51 52 40 48 24 20 43  7 39 17  3 59 15  1  - 44  - 57 60 28 58 11  - 45 36 22
 22 52 43 24 58  - 40  -  - 51 19  8 48 42 45  - 56 14 18 26 10  - 11 34  -  2  - 31 46 47  9 59 29  1 25 37  - 60 21 17 23  3 53 27 54 36 30  5  4 41 50 55 15 57 38 39  -  -  7 33
 55 34 21 25  - 30 27 31 26 47 41  -  -  2 17 29 57  -  5 11 33 59  -  - 40 49 48 42  4 22 24  7  1 10 35  - 44 45  6  - 20 51 54  9 16 14 36  - 53 58 37 19  3 13  8 60 43 32 38  -
 27 60 59 44 36 29 48 47 34 39  - 20 43 52  -  7 13 40 25 30 42 38  -  2 32 26 18 58 55  - 53  - 49 21  -  - 45 17 10  5 11 16 14  - 28 23 46  - 22 57  6 50 35 37  - 19  -  1 41  -
  - 41 50  - 12 23 22  6 33  -  - 28 53 54 15 42 58  - 10  2 49  5 55  - 43 40  -  9 48 51  - 30 17  -  - 57 36  -  - 52  -  4 45 31 19 20 29  8 13 32  3 56  - 14  1  - 60 59 44 47
  -  - 36 26 17 10 16 13  -  - 43 30  1 56 60 34  9  7  4 12  - 48  8 27 50 58 54 14 21  -  -  - 37  - 55 38  - 31 40 11 22 53  - 29  - 28  3 23 49 46 35  - 33 45 59  6 24 57 51 19
 17 47 27  - 45 52 14 21 48 58 11  - 56 31  -  2  3 10 59 29  5 41 37  7 60  - 50  4 20 16 46 38 23 19 34 13  1 18  -  6 40  8 12 33 25  - 43 22 32 28 53 54  - 51 15 49  9 24 42  -
 33  -  2  5  7 15 24 20 43 42 48 14  - 25 37 45  - 38 54  - 27 50 58 57 12  8 59  6 51 46 21 36 52 11 23 55 30 28  -  - 56 31 35  - 13 53 40 60  1  - 34 18 29  9  - 47 32  4 19  -
 58  - 17  8 21 56  - 36 38  - 23 54 52 13  - 53 26 50  -  5 24 57  - 55 35 48 37 40 60  9  - 14  3 47  - 18 43  -  -  - 19  - 33 12  6 44 16 15 29 31 10 25 39  7 49 28 30 27  4 45
 20  - 34 56 16 50 12 18  - 29 60  - 55 35 31  - 44 47 46 17  - 23  -  - 30 11 45 22 10 49 37  6  -  - 28  -  7  - 13 25 15 32 38  - 42  -  - 53 52  5 14 40 48  - 24 59 27 54  3  -
 60  -  - 55 37 16  8 22 28  3 32 15 19 53 27 10 39 44  9 21 13 46  5 20 47 33  7 48 11 34 59 18 25 58 40 30  4 41 49 42 12  -  -  2 36 54 23 57 38 35  - 29 43 52 50 56  - 51 24 14
 42 31 29  6 41  - 37  - 46 17 39 38 54 57  - 27  -  - 35 28 30 45 24 43  - 52  5 13 25 10  3 53  -  - 15 44 49  8  1 32 55  2  9 34  - 21 18 19  - 12 40 26 50 23 20  -  7 22  -  4
 21  - 56 45  3 13 18  2  9 53 58  5 59 28 12 16  - 35 20 49 55  4 36 17 25 19 42 37 15 24 51 22 39 52  -  - 57  - 38  7 47 40 34 54 32  1  -  -  8 60 27  -  -  - 31 26 23 48 43 10
 19 23 38 47 35 17 36 50 52  4 45 51 37  7 56  - 11 48  -  - 60 16 46 10 22 32  -  3 29 14  8 33  - 15 30 41  5 20  - 34  2 58  1  - 39 18 55 25 57 24 13  - 44 21 27 42  -  6 31 26
 35 33 45  - 20 46  4 10  -  -  5  - 38 51  - 23 49 60  - 18 48  -  7 30 29 41 52  - 32 40 13 27 22 26  - 24  8 39 16 12 50 25 58  -  - 56  - 54  3 21 55 28 36 43 11  9 31 34 57 42
 15 20 41 16 11  -  1 19 54 35 10 26 39 40  3  -  -  5 30 58 51 60 49 59 46  - 38  - 33 57 50 23  -  - 32 56  9  -  7 21 45 29  6  4 47 25 12 37 17 22 36  - 28  - 48 52 55  -  8  -
 49 32 58 12 14 44  5 24 53 36 38  -  3 20  - 40 33  2 56 51 22 13 10  -  1 46 17 25  8 52 23 42  -  - 59  -  - 16 30 31  - 57 50 15 45 55 37 34 35 48 60 27  4 18 43 21 39 19 28 29
  1 59 44 20 42  - 57 51 12 60 55  - 45 15  -  -  - 22 49 48 11 18 53 26 54  - 36 35 34  - 32 10 16 31 27 19 13  -  2  -  - 17 25 38 21  3 41  9 30  7  - 24 52 29 56  5 33 14 58  6
  4 14 40 23 43 51  7  - 42  -  - 22 36  - 49 31 27 28 15  -  -  -  - 25  3  -  2 53 57 59 54  - 21 55 58 12 41 26  5 18 39 47 52 20 35  -  -  -  -  -  - 60 56 48 32  - 38  - 10  8
 18 50 57 35 26  6 58 52 20 46 40 32  9  -  5 19 14 16 44 54 37 12  4  - 56 21 51  - 47  1 41 25 59 22 38 11  - 29 28 27 60  - 24  3 33  2 10  7 31  8 23 30  - 53  - 36 45 17  -  -
  2 58 22 43  - 14 17 41  - 37 51 45 11 16 39  -  - 13  7  1 34 47 18  6 57 59  -  -  - 23 55 21 60 50 31 15 12 27  - 24  3 28 29 53 10 40 48 49  - 33 32  9 54 42 36 20  4 56 26 52
 24  - 14 18  -  4 41 27 13 48 49 44 42 21 46  - 55 29  -  7  3 35 19  - 36  9  - 51 38 12  5 17 40 37 20  - 33 25 56 26 53 39 30  1 50  8 59 45  -  6 52  - 57 60 28  2 16 23  - 11
 38 28 23 59 24 36 33  -  - 32 25 21 29  - 50 47  -  - 11 52  - 10 39  5 53 13 20 55  - 19  4 45 56  6 14  3 42 46 34 43 44 54 31 22 37  -  8 27 40  - 15  -  9  -  7 16 51  - 35 41
 53 30  -  - 28 47  -  -  8 38 27 55 58  - 32 20 37  4  - 14  - 21 50 60 26 31  - 15 23 41 17  -  - 51 42  -  6 56 44  -  - 35 16 24 59 29 52  -  - 34  2  - 45 36  - 57  - 46 49 25
 52  -  3 22 13  - 35  -  - 14  9 17 24 58  1 15  8 27 36  - 25  -  - 28  7 39 41  - 30  -  6  4 18 46 54 60  - 23 57 45 49  - 26 37  -  -  5  2  - 50 33 43 21  - 40 10 53 44 20 12
  5 24 60 11 57  - 51 42 47 52 14 29 34 17 58 12  1 54  6  - 36  -  -  - 37 22  -  - 56 13  2 46 27  -  -  - 19 43  4  - 28 21 40 30 23  - 49 48 15  - 59  3  8 10 25  -  -  - 32 39
 14 25  9 21 49 58 34 53 60  -  7 12 46 37 35  6 15 39 29 42 28 56  -  - 18 16  3 10  5 55 11 47  - 59 19  2 52 40  8 23 38 50 57 51 48 32 27 41  - 36 54 31 26 33  4 24  - 43  1 44
  - 11 10 46  -  - 50  7  - 45 30  - 41  - 54 59  -  8 51 16 56 43 27 23  5 37  - 33 24  -  - 12 20 13 21 31 22 47 25 40 17  6 48 14 49 52 32 55  -  - 58 53 19  - 57 38 34 36  9 15
 44  1 51 40  - 28 56 39 37 41 57 24 47 22  -  5 50 42 60  -  2 36 45  - 23  3 43 21 35 18  - 49 32 12 29  4 16  - 55  -  7  -  - 46 17 30 38 20 19 52 25  8 13 11 53  - 15  - 33  9
 12 18 55  1 39 26 59 46  -  8  -  - 51 41  - 57 25 20 13 10  - 22 33  - 17 50  - 45 43  3 49 16  - 34 44  9 60 32 47 19 42 38 37 48 56  -  2 24 58  -  4  - 30 31 29  7 54 52 27 40
 13  7 20 57 34  3 32 17  5 44  6  - 25 14  - 22 10 33 41 23 50 52 29  8  - 54  - 11 12 42  - 28  - 49  - 45  -  - 46  - 16 43  4  - 58 39 19  - 37  9 24 51 38  2 35 27  -  - 15  -
  -  8  4 36 47 18 46 35 50  - 56 52 40  9 53 17 30 12 32 60  - 15 21 22 42 44  - 23 49 11 28 13  - 20 37 25 27 54 29 33 51 24  -  - 31  7 58 14 34 59 41  1  - 19  -  3 26 55 45  2
 31  -  -  -  - 57 42 16  4  - 17 19  -  8 23 48 36  3 55  - 52  2 38 37 15  7 13 59  - 50  -  1 10 54 22 43 32 44  - 53  6 46 27 18  9 60 35 11 12  - 28  - 20  - 14 34 40 33 47 49
  - 40 33  - 53 20 29 15 10  7 21 41 44 23 30  - 28 55 43  9 16 54 14 32 39 17  -  - 26 31 60  8 12  2 52 48  - 36 58 49 27  5  - 56  - 47  1  - 24  3 46 13 51  4 22 18 35 38 34 57
  6 27 53 34  2 54  - 37 57 18 52 16 13  1  7  4  - 19 31 40 29 24 44  - 10  - 23 36 14 21 22 43 41  5 46 20 38  -  -  - 30  9 17 35 51 58  - 47 48 56  - 12 59 26 33  - 25 15  - 60
 32 26 52 41 25  -  6  - 40 55 29  - 49 24  -  -  2 21 58  - 14 11  - 16 59 28 31 47 53 38  -  5 42 44 36 51 56  - 17  8  - 48 23 19 12  9 45  3 18 37 43 10  - 39 46 50 22 35  -  7
  - 57 15 28 48  5  2 29 18 33 22  -  4  - 44 54  6 43 27  8  -  - 31 24 21 20 12 17 16  -  -  9 45 60 49 32 14  1  -  - 13 30 42 59 34 51 26 46 10  - 38 11 25  -  -  - 37 53 39  3
 41  -  5 31 29 37 23  1 44  -  2  3 35 33  9 25  -  6 38 47  - 53  - 52 14  - 55 50 39  -  - 40 11 32 57 28  - 12 15 22  - 20 59  8  7 48  -  4 60 42 51 45 10 27 54  - 56 16 18 17
 51 13 32  - 30 45 28 11 23  6  - 53 60 19 18 41 34 56 48 50 17  - 47  - 24  - 26 46  -  5 38 20 14 27  4 36 35 15 33  -  -  -  3  -  - 42  - 59 43 29 22  7 37 55 52  -  - 31 54  1
  -  2 26  3 40 39  9  - 59 54 16 10  -  5  -  - 38  -  -  - 23  -  -  - 11 42 49 44  7 58 34 35 46 29  -  - 25 30 19 28 32 27 56 45 18  - 21 36  - 14 48 52  - 20  - 12  6 13 60 43
 26 16 13  -  - 43 39 14 11  1 24 56 12 60 25  - 19 36 34  3 44  - 17 41 31 29 53 57 50 35 52  -  - 28  7 59 20 33 32  4  8 49 21  5 30 27  -  6 55 45  9  - 40  - 42 15  - 18  2 48
 36  - 31 58 32 35 10  -  - 24 15 33 50 43 28 46 47 45 22 13  7 34 12 11  -  -  - 26  9 53 14 60 48  4 39 17 21  -  - 44  5 23 55  - 27 38  6  - 51  1 42  2 41 54 37  8  -  - 29 18
 29 15  1 33 51 25 54 57 27 28 34  -  - 48 10  3  - 46 21 36 41  -  -  - 38 23  -  - 13  - 44  - 26  - 18 40  - 22  9 30 24  -  5  - 43  - 17 50 20 55 19  6 16 32  -  4 59 58 14 35
 34 53 54 42 55 48 13  - 39 21  -  9  8  - 33 30  - 24 14 27 57 19 20  -  - 10 46 18  1  7 40 41 43  - 45 35  3  6 60 16  -  - 22 23 29 31 11 26 25 15  - 49  -  -  5 51  -  2 17 36
 11 46  - 29  5 12 26  -  6 43  3  4 32 36 47 51 41  -  1 57 15 49 28 14 52 45 35  - 44 56 20 24 33 18 50 42 48 38 27 39 54 34  -  - 55 22  -  -  - 19 30 58 53 17  - 31  -  - 21  -
 54  - 30 19 56  - 45 58  7  9 35 23  5 38 14 32 18  - 39 22 46 51 52 40 41  - 44 28 17  - 16  3 36 53 26  -  -  2 12 15 31 10 13 11 20 50 42 29 33 49  8 47 24 25 34 37 48 60  6 59
 56 37 42 48  8 33  - 38  -  -  - 27 18 32 59 43 23 25 12 45  -  -  - 19 28  6  1  -  - 20  - 31 55 35 41 47 29 49  - 57 46 36 10  - 26 13  - 39  9 17  5 21 22 30 51 53 44  - 50 58
  -  -  -  2  - 53 49 12 55 31 59 46 23  -  -  - 35 30  - 33  - 44 41 58 16 25  -  1 28 36 18 11  - 45 24 54 17 37 26 56 57 13 60 43 38  - 50  -  - 39  - 22  - 40  - 29 42  7  5  -
 50 22 16 37 31 59  - 43  -  -  1  - 30 55 21 26 54  - 40 53 39 27  3 38  - 36 11  - 42 32 19 44  7 17 48 49 23  9  - 58 25 33  - 28 52 45  4  -  5 10 57 34 12 47 13 46 41  8  - 20
 43 10  -  -  - 19 30 32 17 20  - 47 28 59  - 24 60 58 23  -  4 40  - 35 34 55  - 38 37  2 27  - 13 16  - 53 15 57 11 48  - 45 46  -  8 49 54 18  - 26  1 39 31  -  - 25 52  -  -  -
  8 54 37 17 50 40 19  - 22 56 46 43 15 10 16 60  - 26 42 59 45  7  - 36  2 12 32 30 52 29 58 39 34  3  1 27  - 24 23 14  - 41 28 13 53  -  - 35 11 38 31  - 55  -  9 44 57 49 25 21
  -  9 49 32 44  7 52 40  3 59  - 42 10 47  -  -  5 57 45  -  -  - 43 18  - 60 27 24 19 28 12 37 31  - 16 58  2  4 54 51  - 56  -  -  - 34 33 21 39 25 20 15 46  1 23 55 11  - 22  -
  - 51 35 52 59 22 60  -  - 27 12 57  - 11 13  - 29 32 33  4 20 39  9 46 19 43 24 54  3 45 25 26 47  7  8 10 31 21  -  - 41 14  - 50 40  5 56 42 36  - 44 48 49 34 30 17  1 28 23 53
 39 17 46 13 19 24 55  -  1  - 53 11 31  -  - 33 12  9  - 34 18 32  - 42 20 14  - 49 54 25 15 50 44  - 60 16 59 10 35  - 52  - 41 58  2  - 47 28  7  4 21 38  5 56  - 40 29 26 37 30
 40 49  - 38 60  8  - 56 25 26 37  7  6  - 29 35  -  -  2 55 21 58 32 54 45 27 47 16 22 15  - 34 30 41 43 39 18  5 14  9 33  -  - 52 24  - 20 10 42 51  -  4 11 12 17 48 19 50 59  -
  3  6 24 27  4  - 53 49  - 34 28 58  - 26  -  - 17 59  - 31  1 29  - 39 44  5 25  - 45  - 48 19  - 42 47 22 37  - 43 38 18 60 11 21 41 57  - 52 16  -  7 33 32 35  2 14 50 10 30 51
 25  -  - 10  1 42  -  -  -  -  -  - 27 18 43  - 22 49  3 46  -  8 56 51  9  4 60 32  2 39  - 54  - 36 33  5 47  - 37 59 34  -  - 44 14 15  7  -  -  - 29 23 58 16 19 45 20  - 53 55
 37  3 11  - 22 38 25 54  - 10  - 49  - 44 20  9  - 17 52 43  - 31 42 56 27 57 19  8 41 30 39 29  6 48 12 50 55 13 18 60 14 15 47 36  4  - 34 16 45 53 26  -  - 24  - 32  2 40 46 28
