2880
 52 40  - 51 20  9 18 24 25 31  - 42 14 41  - 39  - 17 22  4  - 38 28 50 53  - 30 46 48 11 23  6  - 44 60 56  - 55 35 12 43 54 27  7 57 26  5 10 59  8 13 58  - 16 45 49 34  3 15 19
  1 30 55 36 41 49 50 57 12  - 37  - 17 39  8 56 18  - 43 51 23 46  3 25 60 48 34  -  - 20 42 15  -  2 10 44 58  - 28  - 54 40  - 24 35 47 31  - 19 21  6 45 16 13  - 32  - 29 26  -
 55 60 22  - 31 51 24  7  -  -  8  1  - 18 12 45 23 47 14 13  -  -  - 15 56 53  - 29 33  - 16 39 32 26 50 28 38  -  5  - 46 37  - 11 27 57 44  2  9 36  - 52  3  4  6 48 58 41  - 35
 22 17  - 34 37 47 40  - 53 30 60 32 42  6  - 36 28  -  -  -  - 11 31 33  - 35  4 56 41 24 13 27  -  - 57 16  -  -  -  - 18  - 21  9 54 10  2  - 38 51 26 48  - 46 29  1 39  - 19 58
  -  8  - 18 40 15 44 59  - 16 31 20 39  - 11 24 58 42 38 28  7 51 12 47 57  -  2 10  -  4 33  -  - 13 22 23 34  - 56  6  -  - 54  -  - 41 53  - 45 35 36 17  - 29  3 55  1  9 25 32
 16 48  - 12 34  7 49  3  - 15 39 33 13  -  -  -  4 19  8 21 10  - 47 52 30  -  - 18 57 25  - 59 38 45  -  -  -  -  - 43  - 51 44  6  9 53 28 11 36 31 20  - 17 23 56  - 14 37 46 54
 21 32 15  -  4 42 14  -  - 49 30  6  2  - 48 22 17 46 55 16  - 29 43 28 19 24 26  -  -  - 11 40 20 53  5 13  - 51  7  - 27 39  8 57 45 23 41 47 35 44 10  - 60 56 59 52 18 34 12 25
  8  - 25  7  9  4  2 29  - 28 14 34 60  3 20  - 21 41 16 31 15 57 19  - 43 50 38 58 12  6 24 42 40 30  - 10 32 11  - 49 56 35 36 33 59 17 46  -  - 13 18  1 52 48 51 53 54 39 27 26
 38 54  - 17  -  - 58 34  7 33 57 31 35 45 41  -  - 23 48 50 39 40 44 55  -  - 46 60 59 47  - 36 30  6 32 43  - 24  3 10  - 14  5 26  -  -  4 42 29 27 28 16  - 51  1 11 52 12 53 15
 14  - 52 27  - 23 54  - 16 26 11 60 59 12 42  6 32 21 41 56  - 20  8 43 35 28 13  5 19 17 40  7 47 50  2  -  3 36 10  - 37  1  - 18  - 55 29 48 22  - 53 51 38  - 15 46 25  4  - 44
 24  - 60  -  -  6  9  - 58 42 53  -  7 32 43  -  -  - 59  5  -  - 35 51 31 11  - 33 54 41 50 23 44 14 36 39 13 38 15  2 48  3 17 19 40 28 45 26 47 37 27 34 20 57 25 21 49  - 18  4
 10  - 31 37  2 32 29  9  6 59  - 51 27 21 54 52 38  - 47  - 58  - 42 30  - 43 12 44 20  - 18 22  5  -  3 33 39 56  8 45 17 50 40 13 24 19 35  - 57  1 60  - 48 26  -  4  - 49 23  7
 30  6 38 11 59 18 21 39 17  -  - 10 19 53 46 34 57 35 40 45 43 44 55 12  - 23  - 27  9 52 28  3  - 37  -  - 31 49 36 54 24  8 26 15 33 29  - 60  -  -  4  7 25  1 47 22 51 42 20  -
 33 43  -  -  - 46 57  - 10  - 50 44 28  -  -  -  6  1 54  -  -  2  - 18 25 41 52  4 27 49 32 56 53 11 23 20 14 26 55 30 40 34 51 35 47  5 37 29 12  - 17 31  - 36  - 15  - 13 42  3
 45 50 17 38 46  - 23 49  -  - 47  -  -  - 52 51 25 16 60 44  9 35 26  - 59  - 53  7 13 36 55 10 12 15 24 54 21  5 43  -  2  - 42  4 18 48 14  1  6  -  -  - 34 30 20  -  - 58 11 57
 39  3 26 48 15 33 30 50  2 43 56 21 31 60 36 53  - 57 11 10 34  - 13 54 28  6  9  - 16  8 47 12  7 29 59 35  5 45 42 32 20  - 25 55 44 51 24 41 58 52 19  - 27 18 49 37  - 22 17 46
 43 36  4 13 24 16 39  - 20 60  -  - 21 56  - 10  -  3  -  -  -  - 57  -  - 45 18 26 30  - 48 51  -  8  - 53 12 44  -  - 19 17  9 52  7 22 55 31 37  -  1 47 35 49  - 14  - 54 59  -
 59 26 13 43 36 22 53  - 55  6  -  -  9 44  4  - 60  8 42 48  3 31  -  2 39  - 37 52 58 54 45  - 27  -  - 12 29 16  -  -  - 38  1 14 23 33 20  7 41 56 11 40 51  5 30  - 24 18 35 49
 19 12 39 53  - 20 42 15  5  1 44  9  -  - 25  - 52 55  2 58 18 41 11 48 16 56  6 17  7 59 21 14  -  -  - 45 24 35 31 37 49  - 57 22 51 27 32  8 60 34 40 50 36  - 33  3  -  - 47  -
  - 18  - 30  1  - 45 26 49 36 40 50 10 43 27 15  7 39  4 17 24  5 51 19 52  3 23 22 44 46 54  - 55 21 58 47 48 41 60 33  - 29 59 25  - 38  6 56 16 12  - 11  9 14 42 13  2 57  - 28
  - 15 44 20 27 38 37  - 26 47 23 36 48 16  1 49  -  - 34 11  - 33 22 56 58 42 41 53 51  -  8 29 21 10 12  - 60 17 59  - 31  - 35 39 50  3 57 24  4  9 46 19  - 25  - 30  - 14 13  -
  7 45  - 39 28  2 47 20  - 14  - 29  5  - 56 12 31 10 30 60 33 54  -  9  3  - 21 24 15  -  - 49 13 52 19 36  4 18 27 42 57 58 22 32 11  - 48 44 26 38 34 55  8 59 37 17  - 51 43 23
  9  7 56  4 60 57 13 14 19  - 17 58 43 28 59 41  8 53  -  -  - 52 10 24  - 27 47 51 29 22  1 34 16 25 39  3 42 40  -  - 38 15 48  - 26 37 23 55 49  5 45 44 18 21  - 12 50  - 30 33
 28 13 14 58  - 55  1  - 50 29 16 53 12  - 23  2  3 24 26  -  -  - 20 41 40  -  - 35 43 57 17 38 31  9 15 48 37 32 54 56  - 42  -  -  - 44  - 52 34  6 25  8 33  - 18 60 11 46 51 45
 60  1 29  3  - 17  -  -  -  -  2 16  4 25 32 50 11 59 33  - 41  -  -  -  6 54 56 20 14 10 46  9 24 49 47  7 51 34 37 13 53 23 45 58  5 52 12 22 18 15  - 21 39 40 43 27 48 38  8 42
 27 35 47 56  - 12 17 16 11 57 18  - 38  5 15 19 26 36 13  - 25 24  -  4 22  7  - 23 46 48 34  - 14 43 44 52  6 29 39 31  - 53 55  - 41 59 33 28 21  2 58  - 42 60  8 40  3 30  9  1
 13 14 45 33 38 37 43  4 18 40  - 57 49 27 19 46 53  6 50 55  1  -  7 29 17 15  5 39  - 56 41  - 60  -  -  - 25 22 51  8 11  - 28  - 42 24 21 12  3 30 32 10 23 44  2 26 16  - 31 34
 53 28 16 32 22 26  -  -  - 18 55 48 47  - 10 20  - 15 25 42 30 43  2 44 21 51 36 59 50 12 35  - 11  7 34 17  -  -  - 52 58 33  -  3  6 46 60  - 24 40 56 38 57 54 31  - 41  8 39  9
 48 42 54 22 30 11  5 28 46 53 20 14  6 15  3 29 37 25 36  -  4  9 23  - 24 44 17  8 47 60 52 26 41  - 31  - 16 12 58 50 55  - 38  - 13 43 19  - 10 33 35  2 49 27  - 34 57  -  - 56
  - 27  -  - 11 21  - 38  1  7  4 52  -  8 44 30 36 48 31 32 13 39 33 26  -  9 59 50  -  -  - 43  -  - 18 37  2 42  - 51 25 41 19 29 20  - 15  -  - 54 49  -  - 58 34 35 23 40 45 12
 57  9  8 15 56 10  - 52 23  - 21 40 20 26  -  5 45 12 46 24 35 59 30 42 27 60  7  2 31 19 49 47 33 16 38  1 17 37 29  - 44 43  3 54 39  - 50 36 28 32 51 22 11 53 41 58 13 25  - 55
 42 21  2 31 52 39  - 19 37 41  9 55 29 33 26  1  - 54 57 35 36 12 48 59 45 20 28  -  8 53  5 18  4 24  - 11  -  7 40  3 51 27 46 56 38 60 34 25 44 10 30 23 50  6 58 16 47  -  - 13
 37 34  - 14 26 56 41 45 54  - 32  - 51  -  5 48 16  - 21  8 47 25 60 46 50 13  - 49 23 28  -  - 19 27 40 59 30 20 44 53 35  4 15 36  3  2 17 57 33 22 52 39 58 24 10  - 43 55 38 29
 54 46 50 24 14 36  - 42  - 37 51 41 44 22 17 21 33  4 29 39 20 26 53  -  -  - 58 11 35 27 57  - 34  1  - 18 59 28 12 23 10 30 52 38  -  - 56  9 25 47  3  5 45 31  7 43 15  2 32 60
 31 11 49  2 33  1 32 40 24  - 27  - 46  -  9 42 30  -  6 22 28 34 54 14  -  5  - 45 53 16  -  - 43 39  -  8 18  - 38 44 41 25  - 12 58 20 10  - 48 26 21 57  7  -  - 47 35 56 37 17
  - 22 57 10  -  -  - 37 47  2 46  - 55  - 35  -  -  - 27  6 51 28  - 38 32  -  -  -  - 42 26 25 52 34  - 60  9 59 24  4  - 48 12 41 56  7  - 40 54 49  8 13 31 11  - 23  5  -  - 50
 12  - 10 19  - 48 51  - 60 58  3 15 11  7  - 38  5  -  -  - 27 53 45 34 20  2  8  - 18 32 36 41 29 31 56 46  - 54 23 25 52  - 47  -  - 14 30 17 50 43 55 26 22 35 13 39 37  1  - 24
 56  -  - 21  - 41  3 31 52 17 13 11 36 35  -  7  - 60 18 14  -  -  - 23  4 22 54 30  - 26 12  1 10 19 29  9 57  6 53  -  8 59 37 47  - 49  - 33 40 24  2  - 46 39 27 50 32 43 58 16
 47  - 11 25 42 54  -  - 44 22 26  7 57 50  - 16 59  - 35 12 37 32  -  -  5 19 51 40 39 15 20  -  1 48 17 41  -  - 33 24 45 13 49 34 10 36 18 53  8  3 31 43 29  2 23 56 27  6 28 14
 36 53  9 50 23 19 55  - 45  3 48 37 16  - 24  - 40 34 15 27 31  1  5 22 18 14 35 32 42  - 44 28 49 58  6 38 33  4 57  - 47  - 41  2 21 13  7  - 17 46 29 56 26  8  - 51 10  - 54 30
 20  - 43 42  5 53 27 18 33 50 25 56 58 14  - 44  - 40 12 29 26 55  - 37 54  - 10  3 60  7  2  - 51 38  4 22  -  8 21  9 15 32  - 28 30 34  1 49  - 59 16 24 13  -  - 41 19 23 52 36
 15 37 58 16  3 40  6 47 43  5 52 49 54 20 57 27  2 11 45 19 53 42 29 17 34  - 22 41 26 14 25 48 56 23  - 50 46  - 18  - 59 10  -  1  - 12 36 13 55  - 38 28 32  -  - 24 44 33  7 39
 40 57 24 41 13  8  7 21  -  4 33  - 25  - 55  -  - 30  - 23  - 56  6 58 36 32  3 14 11  - 31  - 42 12  -  - 45 43  - 17  1 19 29 16  - 39 49 35 51  - 59 46 47  9 44 18 38 60  - 20
 51  5  - 46  - 24  -  -  - 20 35 12  - 37 53 43 15 45 58  2 32 30  - 21 42 33 25 38 52  -  - 13 17 57  - 27  8 39 41 60  - 49 50 40 36  9 16 34 31  - 23 54  6  - 14 10  - 19  - 47
 50 59  - 40  -  3 52  8  - 44 34 54  - 11 21 55  9 58 37 47 45 16 18 31 46  - 19 48  6 39  -  - 35  - 42 24 56 13 49 57  - 28  - 53  -  1  -  -  2 25 12  - 41 32  4  7 30  - 10 27
 11 56 28 47 57  - 19 36 34 13 41 30 40 59  2  8 29 26 32  - 49 21 38  - 12 37  - 16 45 44 27 52  9 55 33  5 10  - 50 58 14 60 18 42  -  - 25 23 53  7 43 35  4  - 39  6 20  - 24  -
 46 51 42  -  - 43 60 33  - 19 58 27 18 57 34  - 48 14 10 26  5  - 56 32  - 38 44 12  -  9  3  - 39 36  - 25 52 15  - 29 16 21 30 31 22 54 11  4  7 55  - 59  - 47 28  8 40 35 50  -
 25  -  6 23 32 59 20 22  3 56  -  2  - 31 30 40 54 18  1 37  - 36 50 60  - 17  - 57 10  -  - 44 26 46 52 49 11 14 47 34 12 55 43 51 29  4 38  - 39  -  7  - 15  -  9 28 33 45 48 21
 41  - 34  - 44 45 59 60 36 27 43 24 56 54 50 58 39 51  7 15 52  -  1 20 48 31  -  - 28 18 29  2  - 33 49 42 22  - 16 47 26 12 23 10 55  8  9 37  5  -  -  3 30  - 32 57  4  -  6  -
 23  - 35 26 54  -  - 32 21 10 28 17  8 24 60 18 41 22 49 33 46 37 40 53 15 47  - 25 56 58  9 16 50  4 51 30  7 27  -  1  5 11 39 59 48  - 13 20 52 42 14  6  - 19 12  2 45 44 34 31
  2 10  - 59 29 34 28 58  - 25 22 13 23 47 39  - 14 56  3  -  - 48 49  6 51  4 40 31 36 37  -  - 54 42 53 26  1 19 11 18 33 52 16 21  -  -  8 38 46  - 15 32  5 45 35  9  7 20 55 41
 18  - 30 44 58 25  - 46  - 11 38  - 52  - 40  -  - 13 53  1  -  6 36 39 10 57  - 19 21  3 14  - 37 41 16 31 55 48 17 22  - 26 34 49  4 35 27 32 23  - 50 42 54 43 60  5  9  - 33  2
  4 49 53  -  - 27 15  -  -  -  5 25  - 40 16 59 12 20 24 54  6  - 46  -  9 29 55 47 34 43 56 33 48 35  7  2 26 57 19 28 23 44 31  -  8 45  - 50 30 14 39  - 10 41 36 38 22 32  3 37
 17 24 33 49 12 29 35 54 48  9 15 19 41  - 13 31  -  7  - 20 16  3 25  8 14 18 11  - 40 21 58 57 36 60  1  - 43  2  -  - 34 56  4 46 52 50 22 27 32 53 37  -  -  -  - 44 42 59  -  5
 58 41 12 54  - 31 33 25  - 55  -  - 26  2 28 23 51  -  - 36 57 13 16  3 29  8  1 37  -  5 39 53 59 40 11 32 35 47 30  - 22 24  - 27 49  -  -  - 42 45  - 15 43 34 46  -  -  7 14 10
 32 20 59  6 35 58 12 10  - 54  -  3 30 19 18 33 49  - 44 53  2 60 34 45 23  - 50  -  5 40  - 46  - 56 37 29  - 52 13 11  - 16  - 17 15 42 47  - 43 57 48  4  1  - 24 25 31 21 22  -
 26  - 18 57 39 35  4 53 41  -  1 46 34 55 22 13 42 43 17  9 14 27 58 10 38 49  - 28 24 50 30  -  3 51  - 21 20 33  6 15 36  7 32 48 19 31 40  5  - 11 47 12 59  - 52 29 60  - 44  -
  6  - 46 60 55  - 11 23  - 12 36 45 50 58 33  - 20  2  - 41 17 22 39 35 47 59 24  9 38 13 53 30 18 28 14  - 54 25  1  - 32  5  7  8 31 40 43 51 27  4  - 49  -  - 48 42 29 16 21  -
 44 19  -  - 25 13 46 48  - 45  7  - 22  - 31 32 24 50  - 38 59 14 37 40 26 16 49 36  2 33 10 55 23  - 30 51 41 53 34 35  -  - 20  5 28 56 52 39  1 17  9  - 12  -  -  - 21  - 29  8
  3  -  7  9  - 30  -  -  - 35 29 23 45 46 47  - 13 32 19 43 21  4 24  5 44 55 16  -  - 38 60 58  - 22 48 15 40 31 26 27 42  - 11  - 34  - 51  - 20 39 33 37 14 12 50 36 56  -  -  6
