2880
 16 26  2 33 25 60  - 34 23  4 24  7  -  3  - 13 53 41  -  - 28 18 51 47 45 12 21 10 14 39 36  - 42 20 11 43 52 58 59 15 46 37  9  - 55 35  - 32 30 54 57  5  6 29 27 38 56 22  8 44
 35  7  -  - 14 42  - 10 20 32 47 36 17 25 55  - 22 52 24  5 58  4 23 18 37 51  - 54 15  - 26  -  - 40 48 46 56 28  - 50  6  9  - 53  - 34 60  8 29  - 33 43 19 49 41 31 57  2 13  -
 52 12 36 59 60  7 38 24 30 42 32 51  9  - 31  - 58  -  8 34 23  - 41  4 54  -  - 48 37 14  2  5 53 18  - 55 28 47  - 20  1 22 10 44 27 39 45 35 49 56  -  - 33  - 16  6 29 57  - 11
 53  -  - 23 29 44  - 20 47  5  9 45 10  -  1 14  - 30 16 40 33  6  - 24 21 55 34 59  - 13  -  7 41  -  -  - 32 38 54 12 37 35  4 43 56  - 57 18 11 60 36 19  8 15  - 28  3 49 58 46
 55 27  - 47  - 32 22  - 19  -  -  -  - 41 33 40 21 57  7 36 17 25 18  8  - 15 59 50 24 51  -  2 23 29 34  - 14  - 20 45 31 13  - 54  - 48 28 44 38 58 52 56 37 12  - 11 49  9  5 26
 15  6 25 22  9 56 46  - 59 29 18 28  4 38 34 23 55  - 12  - 50 30  - 36 42 27 58  -  8 40 19 26  2 44  -  7 20 39 32 43 60  3 14 41  - 37 35  - 47  - 10 11 57  1 31  5 33  - 49 17
 12  - 54  -  1  6  -  2 32 56 22 47 16  - 52  - 19  5  3 28 31 10  - 14 59 34 42 13 55 27 24 51 26  9 36 23  - 41 29 49 38  - 15 50 43 53 11 21  -  - 40 60 39 58 33 35  4 30  -  -
 11  -  1 12 45 39 34 56 33  7 36 43 41  - 18  - 23  - 35  -  -  - 14 59  -  - 46 28  -  4 49 17 58  -  -  - 29 51 30 48  -  5 16  9 25  2 26 60 42 38 24 52  - 13 50 37 10 47 54  -
  - 23 57 16 47  - 37 41 12  -  8  - 35 42 36  - 11  1 40  7 22 21  - 28 55 60 52 29 49 38  -  - 51 39  5 58 27  -  3  - 32  2 20 18 15 43  6 24 19 46 14 13 45 17  -  - 48 34 10  -
  9 47 60 35 17 28 45 46 22 58 55  - 12  -  - 18 15 36 11  -  - 29 42 32 38 31 27 24 56 41 30  - 59 19  - 44  - 48  -  - 49 33  1  - 39 14  - 10 16 50 43 37 25 53 51 57 52 20 34  5
  - 43 49 20  4 30 52 39 41 34 17  -  8  -  -  3 42  - 27 35 10  - 54 58 50 16 36 32 53  5 23  - 46  - 25  1 48 45  - 29 21  6 24 57 19  7 12  -  -  2 11  - 38 55  - 44 37 60 33 13
  -  -  9 19 42 23  5 15  - 43  7  8 26 33 47  - 10 53 14 30 27 50  2 21  - 48  - 44 41 54 46 57 24  - 60 31 11 32 12  6  - 34 35 49 38 28  3 51 56  1 20 29 22  - 17 55 59 36  - 40
 10 40 15 28 51 34 16  - 42 44 26  -  - 39 22 32  - 12 58 54  - 46  6  2  1 37 17  9 52 45 55 38 43 57 23 18 24 60 35 53 47 50  -  8 11  3  5 20 25  4 13 31 41 33 59 19  -  7 14  -
 14  3 32  1  - 38 19 37 50 51 12 59 56 36 21 31 60  -  -  9 25 24  - 20 43 29 30  -  -  - 41 46 11 13 18 10 57 53 27  8  - 48 55  4 49  -  2 42  5 34 26 33 47  - 23 16 17  - 52 45
  - 16 35 11 41 46 17  6  8  - 21  -  3 31 53 47  - 33  9  1  - 36 13 50  -  -  - 45 32  - 27 20 54 24 42 52  - 59  - 57  5  - 40 37 26  -  - 29 34 48 39 44 51 28 56 22  - 58 60 30
  - 48 39 21 38  9 43 52  - 14 60 56  -  -  - 10 28  4 49 57 15  - 19 34  - 11  3  - 50 16 53 36 17 37  - 45 47 35  -  - 29 59 22  6 24 23 54  2 20 12  1 58 31 46  7 25  - 26 41  8
 41 52 30 17  - 10 50  7 28 25 40 46  - 27 16 60 57 47 34  - 49 13  8 35 48 21  1  - 18  -  - 11 39  3  9  2 38 33 42 22  - 36 59 15 31 51 37 54 44  - 58 32  - 19 53 14  - 12  4  -
  -  -  -  9 31 47 15 11  - 52 13  - 44 51 58 21 40  - 20  - 48  - 35 42 29 14 39 17 60 33  8 32  1  - 28 22 34 46 19  4 41 57 50 23  -  6  -  5  - 10  3 27  2  - 18 54 45 43 25  -
 20  - 59 57  -  8 30  - 27 13 28  - 24 56  5 35 47  - 22 39 29  -  4 33 53 19 10  2  9 21 48 40 60 15 37  -  - 25 36 54 16  - 42 26 14 44 46  - 31  - 45 12 34  6 49 18 23 41  - 50
 38  9  - 53 27 35  2  - 10  - 58  - 25 26 44 33 24 42  -  -  -  - 47 23  - 17  -  3 57 32  - 59 56  - 21  - 46 13  - 16 51  7 18  - 28  8 29 43 48  6 30  1  5 52 12 41  - 19 40  -
  8 17  - 42 10 20  3 22  - 19  4 49 57 43 39 37  - 32  1 45 60 35 58  - 11  9 33 53 30  - 34 44 25 46 40  - 31 52 16  5 23 21  -  7 36 38 47 28 41 55 59 24  -  - 15 27 50  - 12  -
 13 44 50 49  6 14  - 45 36  -  -  1  - 37 28 29  - 24  - 32 18 34  7  9  -  2 20 15 38 58 33 25  - 52 46 27 40 17 41  - 56  -  3 12 60 30 31  4 59 22 23 26 16  - 39 42  8 21 43 53
 24  4 16  - 21  - 12 18 57 49 11 33  -  1 19 46 38 27 29 42 30 39 56 31  - 28  -  - 26  6 37 23 44 34 10 20 53 50 22  9  - 52 47 25 35 45  7  -  -  -  8 41 58 40 60 15 54 51  - 59
 17 45 33 46  - 43 53 59 11 50 35 24  - 21 32 58 48  8 57 12  - 52 28 26  - 36 25 27 54 42 47 31 15 41 13  6  9 37  -  -  7 51  -  3 34  5  -  - 18 23 55  - 44 30  1  - 20 29 22 56
  - 11 53 52 59 37 23  3  4 15 50 12 39 18 17 56 41 29  -  8 26 32 16 19  - 49 45 22 42 57  7 13  5 43  2 35  6  - 40 36 33 20 51  1  -  9 34 48 24 27 54 38  -  - 14  - 44 31  - 55
 21 29 46 58 36  -  4 44 24 31 56 39 37 13 30 26 18 10  - 23 54  -  - 16 34 38  -  -  5 59  - 14 55  2 47  9  -  1 49 35 22 27 17 40  7 57 48 25 43 28  6  3 53 50 11  - 19 33  - 52
  5 25 37 50 52 48  -  - 45 24 49 57 20  - 23 28 27 51  -  4  - 56 36 55 60 59  - 58 19  - 18 35 22  - 12 40  - 29 31 17  -  -  - 21  - 54 38  -  7  8 15  6 26  -  - 32 39  1 42  9
  2 20  -  - 39 16 21  - 52  - 41 11 46  -  -  -  -  - 30 44 45 49  - 37  - 53 13  - 23 10  6  9 19 14  - 29  - 55  1 34 48 43 12  - 51 26 24 36  - 17 56  8 28  -  3  -  5 25  7 31
 47 55 56 45  - 21 26 54 17 28 48 60  - 15 10 44 31 34  - 59 36 40 22 53 57  - 23 35 33 20 51 16 14  - 30  3  - 42 50  - 12 39  7 52  -  - 41 49  8  -  -  4 29 38  9 24 13 37 32 25
 39 56 29  -  -  4 18 48  - 21 16 19  5 11 57  - 43 15 26 51  -  - 38 52 47  - 55 33  3 37  - 58  - 10 22  - 49  -  -  - 14 54  - 45 44 17 20 31  - 53 28  9 32 35 30  2 41  6  1  -
 43 57 28 24 44 41 56 26 29  -  3 52 19 48  - 20  7 14  - 21 51  - 39 40 58  -  - 38  2 35 60 15 45 53 50  5  -  - 55 32 30 49 34 59 16  - 22  9 12 31 47 10 27 54  8  - 36  - 46  4
  -  -  - 43 30 27  -  8 37 12 52 13 40  6 15  -  - 45 59 11 35 54  - 60 46 24 28 39 21  - 44  - 47 36 57 26  - 34 48 51  9 18 53 10 20  1  - 17  - 32  2 42 14 16 55 29 58  5  - 19
 46  -  6  - 20  5 13 30  3  - 38 17 22  7 25  - 45  - 18 37 47  - 34 51  9 32  - 56 10 11 54 42  - 21  - 50  - 57 14 19 24  8 31  - 52  - 23  -  - 44 48 40 36 43  4 53  1 16 28 41
 28  - 13 30 26 51 57 36 38 18  - 50  - 45 24  9 44 56  - 52 14 16 10 12 20 42 40  6  7 34  -  - 29 31  - 39 19 11  8  - 55  1  -  -  - 41 21 15 46 33  - 23 54  2 48 60 43  -  -  3
  - 19 55 37  8 11 24 50  7 60  - 38 14 46 12 54 59 35  - 33  3 42 32  -  - 58 43  - 39 48  -  4  -  - 53  - 18 40 17 21 34  -  - 27  - 10 25 57 45 49 29  - 30 56 20 23 15 13 16  -
 29 53 24 54 23  - 36 57  5 59 42  -  - 22 49 52 37 26 13  - 21  - 45 46 44  1  8 11 31  -  - 10 32  - 19  - 41 30  9  7 35  4  - 39 58 27 33 34  6 16  - 50 60 48  - 43  - 17 55 38
 19  - 22  8 37 40 11 23 58 53  - 21  1 49 14 25 34 18 48 15 38 45 33 57 41  -  7  - 47 46 13  -  3  - 44 17  2  -  6 10 50 42 27  - 54  -  9  - 60 52  - 20 35  5 29  - 12  4 30  -
 30  -  - 51 34 18 47 60 26 11 44  4 53 59  9 55 49 22 37 20  -  2 25  5 32 56  6  - 12  7 40 48 52  - 29 28 39 19 38  - 45 15  8 46  3 24 36  -  -  -  -  -  1  -  - 13 21 54 27  -
 59 42  - 18 40  - 14 38 60 33 10 44 54 24  -  4 32 46 25 56 34  5 26  -  2 23 41 47 48 36  3  1 13 51  7 21 15  6 39 55  -  - 57 29  - 12 58 27 22  - 35 17  -  9 43 30 16 45 50  -
 50 22 20 27 55  1 60 58 48  - 46  - 31  5  - 15 52 19  2 43 53  9 29 41  6  - 35  8 36 24  - 45 16 49 38 57  7 26  - 18 59 10  - 56 32 13 30  3 33 51 37  -  - 25  -  -  - 14 47  -
  4  1  5 60 11 45 41 21 39 38 14  - 15 17  6 12 16 59  - 53  - 37 50  3 13 30 32 25 44 29 58 27  8 28 43  - 51 23 33 26 57 56  2 34 46 19 40 55  -  - 49 54 42 22 36 48  7  - 18 35
  -  2 19 56 49  - 27 33  - 20 53  -  - 32  - 30 51  -  - 17  8  - 46 44 14 13 38  1 11 60  - 12  7 42  4 59  -  9 57 37 54 45 26  5 23 40  - 47 28 43 21 16 10 31 58  - 35  3 29 36
 26  -  3 29 16 49  - 25 34 22  1  5 38 54 11 59 39 44 32 19 57  - 15 13 17 18  9 55 28  -  4 37 48  8 20 60  - 56 23 47 43 41  6 14 45 52  - 30 10 35  - 53 50  7  2 21 27 24 51 12
  6 31 58 26 12 25 54 28  - 57 51 40 33  9 59 41 35  - 55 60 56  8  -  -  4 39 48  - 13  2 43  - 20 23  1 53 10  7  - 14 18 29 11 17  - 42 50 16 27 30 38 21  - 36 19  3 46 44 37 49
 22 37 43 44  5 26 33 49  - 48  -  - 21 34 38  - 20 54 52 13 46  -  9 45 19 57 16  - 27 55 15 41 31  6 24 56 60 10  - 30 11 32 58 51  - 36 14 53  3 29  - 28 23 18 47  7 25 40 17  -
  - 49 52  7 33 59  6 43 51 45 54 31 29 55  3 19 13 11 17 24  4  1 20 39  - 35 37 36  - 26 21  8 50 56 15  - 30  5  2 27  - 16 38 48 40 32 44 41 14 47 53  - 46 57 34 12  - 10  - 58
  7 59 31  -  - 15 28 29 13  9  2 53 49 12  - 24  8 40  4  - 52  - 11 56 22  3 14  - 46  - 38 21  - 35 26  - 44 16 43  1 27 25  5  - 48 33 55 39 37 45 50 47 20 10 42  -  -  - 57 18
 36  - 34  - 57  3 58  4 56 26  -  - 42 53 48  - 14 43 54 38  - 55 17  - 15 40  -  -  -  - 10  - 28 30 39 33 13  -  - 25 19 44 23 16 41 29 49  - 35 59 12 46  7 11  6 47  2  8 20 27
 48 41 26  - 22 58 39  - 15  -  - 10 55 60  7  - 30  3 46 50 12 17 53  6  8 33 54 43 35  9 45  - 57  1  -  4 25 31  -  -  -  - 19 38 21 56  - 37  2 11 34 36  - 32 13 49 24 18 23 42
  - 38  7  4 24 13 32 12 49  - 39 54 48 58  -  5  2 37 31 25 43  3  1 30 18 10 11 52  6 44 56 28 36  - 41 47 17  - 46 23  - 19 45 60 57 21 16 14 50 26 27  -  - 42 22 59 34 55 53 20
  - 30 18 15 19 54 10  - 46 37  -  6 47 29 42  - 12 13 41 22 55 23 48  - 52 26  - 34 20  1  9  3 49 33 17 51  4 14 45 31  2 28 60 35  -  - 27 50 32 36  - 25 43 21 24 40 11 59 39  7
 33 28  - 36  -  2  8 51 43  3 59 23 27 20  - 34 56  - 47  - 42  - 49  -  7  6  - 57 16 31 39 24 35 25 32  -  5 44 15 40 58 11 48 22  1  - 10  - 55  -  - 30 17 37 46  4 38  - 26 54
 34 54 41  - 32 12  9 19 18 47 23 58 11  4 46  1 25  - 44 29  6  - 43 10 40 45 49 51 22 28 50  - 21  7 52  -  3 20  - 24 42 55 13 33  5 60 53 59 26 15 17 39 48  8 37 36 31 38 35  -
  3 32 27 10  7 29 44 40 31 23 43  9 45 52  4 51 36 20 38 55  - 47 60 15  - 22 18  5  - 19 57 54 30 58  8  -  - 49 34  - 17 14 46 42 37  -  - 33 21 25 41  - 13 59  -  1  6 39  2 24
 27 39  8 34 35 36  -  -  6 40  5  3  - 16 45 38  - 21 53 49 19 41  - 25 12 44  2 26  4 18 31 43  - 55  - 11 33 15 37 52  - 17 28  - 13  - 51 58 54  7 60  - 24 14 32 50  -  -  9 22
 44 58  -  6  - 52 31  - 25 46 15 16 30 35 56 11  - 60 45 10 32 28  5 27 24  - 51 23  - 49 42 50 18  -  3  8  1 43  - 41 20 53 37  - 59  - 13  - 36 57  7  -  9 39 40 17 47 48 19 33
 23 51 44 14 18  -  -  - 40 36  - 20 13 10 41 50 54 48  6  -  9 38  3  1 39  4  5  7 58 43 22 34 33  -  - 19  - 27  -  2 53 60 29 24  8 55  -  -  -  - 16 15  - 45 35 46 28  - 31 57
 54 46 42 31 50 24 49 32  - 17 30 22 18  2  - 57  -  9  - 26  1 33 40  -  -  - 56 41 45 47  -  6 34 27 51  -  -  - 60 11 36 23 25 20 29 16  -  7  4  3  - 35  - 44 10  8  - 52 21 28
 42 10  -  3 43 53  1 27 14 35  -  - 58 30  2 22  6  7 19  -  -  - 44  -  - 41  - 37 25  8 29 39 40 11 31 54 16 18 56 28 13 24 33  -  4  - 17 52  9  - 51  - 55 23  - 20 60 50 48 32
 18  - 45 38 15 19  - 13 21 41 31 35 50 14  - 27 26 28 39  6  7 48 55 43 23  5 29  - 17  - 25 52 37 16 33 49  - 24 53  3 40 30  - 58 22 59  4 11  - 20 46 34 12 47 57 10  9 56 36 60
