2880
 27  - 23  - 40 58 55 11 32  - 35 21  - 30 25 10 52 50 60  -  8  1 14 22 24  -  - 17  -  2 36 41  4 44 26 20 47 31  3  - 37 46  9  - 49 42 54  - 28 33 56 57 19 45 12 59  - 39 53 29
 40  3 49 15 19 48 57  6  -  1 43 30 12 59 27 29  4 13  7 32 26 25 28  2 58 44  8 23 21  - 39  -  - 50  -  9 14  - 33 45 55  - 18 38 41 54 47  - 24 37 34  - 20 22 60 17 51 16  -  -
 39 47 60 36  3 33  7 53 54  -  1  -  - 29 44 52  6 46 34 26 56 48 32 25 51  -  - 35  5 31  8 42  2  9 43 22  - 20  -  - 45 23 14 13 18 41  -  - 17  -  -  4 30 11 28  -  - 27 15  -
 19 28  - 37 50 41 56 20 11  -  7  9 14 46 59 51 36 30 40  - 44 58 57 10  1  6 17  3 27 53  - 33  8 55  - 60 32  - 24  5  - 18 22 16  -  - 31 34  2 35 29 21  -  -  - 52 54 45  - 25
  8 34 20 19 60 55 36  - 18 46 13  7 52 16  -  -  - 47  -  - 22 30 49 37 31 42 50  2  1 48 21 29  - 38  - 59  6 14  -  - 39 15 26 27 44 32 10  3 35  - 17  -  - 40 11 58 45 24 33  -
 24 36 39 53 15 17  - 26  - 28 55 45 35 57 14 11 12 33 41 16  -  - 42 44  - 34 23  -  -  -  4 43 54 29  6 48 38 56  - 27 50 37 20 49  9  - 25 47  5 59  1  -  3  - 10 19 30  - 18 22
 54 15  3 58  8  -  - 13  -  4 24  - 31 19 30  - 46  -  - 12 28 38 29 32 22 37 60 21  - 14  9 55  - 23 49  7 42 45 39 11 57 10 52  - 56  -  -  1 51 43 16  2 48 53 50 44 34 59  - 35
 10  5 21 55 11 57 45 24 47 13 58  - 43  - 48 41 19 39  - 34 46 22 30 28 40  -  1 12 52  - 18 54 16 35  - 29 33 26 44 60  - 17  7  4 32  - 49  -  - 14 42  3 31 56 15  -  -  2 59 37
  -  - 14  - 44 26 29  3 41  - 34 11 25 38 47 22 21 51 33 36  1 42  6 53 52 18  - 20 15 16 10  -  -  -  -  2  - 49 45  -  - 59 40 48 19 43 37  -  -  - 12 35 13 17 55  4 46 32  -  7
 44  - 53  - 13 27 33 22 31 58 17 29  8  - 42  6 48 36  - 52  - 39 25  -  5 59 37 45  4 56 57 51  -  - 54 41 16  - 34 19 23 26 10  -  1 21  -  2 60  7 49  -  9 28  - 32 20 30 40 50
 43 22 44  -  - 47 41 49 25 19  3 37 59  -  -  8  - 58 14 48 53  -  - 16 26  9  5 34 33  6  1 31 38  2  - 55 52 10  4 24 11 32 39 46 42 28 13 15  - 12 36 27 56  - 35 20 57 50 29 45
 13  7 46 49 43 35 39 10  1 20 28 57 36 54  -  4 32 26 21 47  - 56  5 41 19 50 38  -  3 40  2 27 22  -  - 52 17 34  - 15 14  -  8 23 53 31 30 45  9 42  -  -  - 18 24  - 11 60  6 33
 48  -  - 27 37 24 49 32 42 53  8 52 28 21  1  7 22 44 46 29 31 23  - 58 15  2 54 51 11 36 59 13 50 56 40 12  -  9 41  - 30 14  - 57  - 45 33 17  - 10 55 26  4 34  6 18 39 25  -  -
 55 44  5 25  - 23 30 12  - 15 32  - 58  - 54 17 40  -  - 46 42 34  1  6  - 19 45 37 35  8 33 11  -  - 13  3 27 28  7  - 29 39 50 52 14 47 48  9  -  4 22 10 38  - 51 57 36 53  - 18
 34 42 10 22 29 20 32 50  -  - 25 46  9  - 19 59  1 40 44 56  -  4 24 36 13  - 49 15 39 30 35 38  -  - 12 17  7  5 18  3 60  2 55  - 47 11  - 52 43 28  -  - 16 21 31 23 27 26 48  -
  3 14  - 60 56 40 50 57 27 54  - 44 47 53 39  - 24  4 12  - 48 36 43 29  - 38 30  9 16 46  - 10 37 28  -  - 34  7 22  -  - 42 19  - 45  5 52  6 26  - 25 55  - 33 49 41  2 15 20 17
 25  -  9 30 39 49 27 17  4  -  2 47 13 10 46 33 42  -  8 59 14 16 23 56  6  3 11 22 54 57  - 15 35 34 31 50 40  - 20 55 32  7 38 37 26 48 19 60  - 18 52  - 53  - 21  1 12 44 24 41
 52 33 31 17 23 60  - 41  -  - 12  5 38 11  - 28 34  3 50 37 10 53 48  -  - 51  7 36  6 13 16  4 24  - 21 32 54 42 14 39 27 19 29 35 22 56 15  - 47  -  - 58 25 55 40  - 49  -  9 59
 32 50 35 47 57 30 37 60 24 12 11 26 20  - 34 18 49 23 15 39 19 45 33 38 48  - 27  1 46 58  - 17 29 42 14  - 55 51 59 36  4  - 28 25 10  6 16 21 53  8  - 13  2  5 52 56 44 31 41  9
 33  - 22 39 34 38 18 14 57  - 15  2 55  - 31 46 59 53  5 42  - 37 36 47 41 12 16 50  7 49  6  8 17 24 29  - 13  1 32  - 40 52 51 19 30  - 23 11  - 56 43 45 21 58 44  - 28 35 60 27
  - 20 47 26  1 28 14  - 53 21 31  - 51  7 12 32  9 57  -  - 50 13 17 19 10 40  - 55 43  - 25 37  - 54 15 33  3 60  - 49 18 16 58 29 52  2 46 27 22 39 59 56  6 35 41 42 24  4  - 44
  - 31 25  - 48 18 35  - 50 43  - 15  3  - 17 55 16 59  - 45 29 12 46 57 37 56 13 47  9  7  - 14 20  -  -  8 26 22  - 34 21  - 44 11 24 39 51 40  1  2 58  -  - 23 19 49 60  - 28 54
 20 37 13  - 26  - 53 35  8  - 14 41 45 32 50 58  - 54 47 11 21 15  2 23 29  4 55 42 30 39  3  - 43 10  - 36 28 18 38 16  5 49  1 40 34 12  - 51  -  -  - 31  7 24 59 48 22 17  -  -
 35 51 28  -  -  1  - 40 17 11 19 36 37 48 15 38 44 49 43 13 45 60 55 21 23  - 59 54 12 18 14 56 10  - 25  - 58 39  - 20  -  8 41 31 57 33  - 24 46 52  - 16 34 27  2 29 53  9  7  4
 50 12  -  6 41 37 38 44 51 29 49 33 27 56 21 39 14  - 11 22  - 28  4 46 57 55 31 30 53  3 17 19 52  -  7 10 45 47 13 25 36  1 16  -  - 60 58  - 54  - 20 42 18  - 48 43  5  8  -  -
 46 24 59  - 35 12 21  5 37  - 45  1  7 55  - 43 18 11 38  6 33 41 16 34  2 52 15 10 29  4 26 39 58 20 19 31  - 36 53 56 49 50  - 28 25 44  9 42 32  3 30 48 27 57  - 40  8 54 23 51
  9  6 30 51 49 39  -  -  -  -  - 22 54 44  2 53 17 12 19  -  3 50  - 35  4 48 41 40  - 11 20 47 31 18 38  1 57 58 60 28 59 45  - 10  8 25 26  -  - 23 14  -  5 16 27 46 29 33 13 32
 45 58 38 11 31  6  - 47  -  - 56 59  - 34  -  - 29  - 26 57 35 10  -  8 28 60  - 49  - 43 54 20  - 22  - 30 15 48 19  4  - 44 25  -  - 18  - 32 42 13  5 12 52  -  7 55 16  - 14  3
 29 21 15 50  - 31  1  - 16 60 30  -  5 22 32 40 55  8 52  9 49 43 34 48 11 23 26  -  2  - 24  - 42  - 56  - 25 33 35 46 17 28 47 41 38 20  3 14 18 58 45  -  - 36 57 37  4 12 51  -
  - 29  7 57 12 46 25  - 13 37  -  - 49  - 11 45 28 16 30 19  - 54 41 26 20 47  4 33  -  9  - 40 15 39 52 56 18 55  6  - 34 24 21 51  3  -  - 35 27 22 50 59 17  - 53 31  - 14  2  -
 17 54  - 44 47 42 16  - 58 18 59 55 56 23  -  -  - 25  - 31 15 27 21  -  -  -  3 29 24 34 32 35 13  - 10 40  1 19  - 53  -  - 60 33 12  4 38 49  6  - 39  9 45 20  5  - 26 41 57 46
 14 56 27 29 42  -  -  -  - 57 48 24 39  - 18 54 58 60  -  -  -  -  -  - 17 31 53  7 22 50  - 28 46 32  9  4 20 23 12 21 51 43  2  - 55 49 41 44 38  5 26  8 40 59 36  - 13 34 25 16
 26 46 37 24 32  9  6 54 33  -  5 12 40  - 38 20 53  - 49  4 57 52 35 13 39 29 28  - 31 17 51 36 44  3 23  - 19 25 11  2 41 55 48 43  -  1  8  - 50  - 27 15 59  7 18 16 47 42  - 34
 60  9 52 28 59  -  -  -  -  -  - 23  2 27  6 25 41 22  3  -  -  5 20 51  -  -  - 16 42 24 46 34 45 58  - 54 21 35 29 17  -  - 57  1  -  - 18 37  8 31 10 40  - 14 43 26 48  7 38  -
  2  4 45 42 46 21  - 38 48 24  -  - 29 28 16  - 25 37  - 35  - 47  - 39 12 58 52 26 60 59 22  -  5  -  1 18 10  8 36 32 19 27  - 15  -  3  - 31 41 17 13 43 55  - 34 51  7 23  - 57
 37  1 32 13 17  - 46  -  - 48  - 39 60  5 24 42 26 55  9  -  6 51 53 14 38  7 22 41 47  - 28 30 18 43  - 58 35  4  8 23  - 11 27  -  - 29 40  - 56 15 33 19 50 49  - 36 25 10  3  2
 12 13  8  4  6 22 58 42 45 47 27 50 24 60  - 48 35  -  1 17 18 31  7 33 59 32 56 14 28 21  - 16  3 19 55 39 37  -  - 44  - 36 15  -  2 23 53  - 34 11 51  - 54 26  -  5 38 52 49 40
 18 55 26 33  - 14 28 27 23 50 37  - 42  4 41  9  8  7 35 25 60 49 56 31  - 54 34  - 20  -  -  1 57 12 22 44 46 43  - 52 13 38  6  -  - 53 32  -  - 30 15 47  -  -  - 24  3 51 21  5
 31 17  - 46  -  8 47 52 20 14 44 35 21 39  - 34 38  9 51 33  -  6 10  3  -  -  -  4  - 54 29  7 55 27 50 15 36 32 48 37 42  - 24 53 28  -  - 19 16 40  -  - 57  2 45  -  - 43 11 58
 58 40 11  -  9 44  - 45 60  3  - 16 18  - 51 19 30 14  - 55 27 32 37 20  - 49  - 24 17 10 38 25  - 59 28 47  -  2 43 41 54 31  5 42  4 35 57 13  - 21  - 46 23 48  1 34 15 56 12  6
  7 16 57 41 22  -  8  2  - 49 33 40 48 13  - 27 15  - 36  - 58  9 50 18  -  5 32 38 45 52 31 60 25  - 24 34  - 29 17 35 44 20 30  - 11 14 43 46 23 51 21 28  -  6  - 39  - 37 54 53
 23 10  1 16  - 54 34 37 30 26 36 53 19  - 52 50  -  2 42  7 59 29  3 49  - 20 51 48 57 27 41 12  6  - 18  - 60 21 47 14  -  5 43 17 58  8 11 39  - 44 28 25  - 15 33 35  - 46  -  -
 21 45 50 40 51 32 60 18 10 41 52 13 34 26 33 15 47 20  2 24 39 19 11 55 56  8 44 28 49 35  - 57  1  - 58 46 59 17 42 31 25 12 53 14  5 27  4  -  - 16 48  - 36 29  9 54  -  - 30 23
  - 39  4  8 28 13 44 56 12  - 29 25  - 31  -  3  5  - 10 38 16  - 18  1 14  - 20 53 51 26  - 46 48 33  2 21 23 30  - 22 24 60 37  - 50  9 59 41  7 55  -  - 43 54  -  - 35 36  - 49
 41  - 48  - 20  - 23 58  2  - 10 32 57 52 40  - 13 15  -  - 54  7 38 11 33 36  6 27 56 51 12 50 30 25 42 24 53  -  -  - 16 29 34  8 43 26 60  - 39 19 46 22  1 44  -  - 21 55  5  -
  6 30 58  - 25  - 22 19 38 36  - 14 53 18  - 56  - 34 13  3  9 24 54  - 21  - 47 11 40 55 42  - 27  - 32  - 51 44 57  - 26  4 46  5 23 17  - 12 59 45 60  7 10  8 37  2 52 20 39 15
 47 23 17  - 53  -  5 48  - 32 50 27 16 37 26 35 20 24  6 44  7 46  -  - 30 43 12 25  - 19  - 21 60  1 39 38 29 40 55 18 10 54 45 58  - 34 56 59 49 36  3 51  - 31  - 13  - 28  4 42
  - 27 18  - 45 51 12 15 34  2  9  8 32 14 29 36 11 35 57 20  - 55 26  -  - 33  - 43 50  - 60  5 59 37  - 16  - 41 52  -  6 13  3  - 46 22 17 54 44 53 47 38 28 39  -  - 58 48  -  -
  1  - 51 52 21 15  9  -  -  - 47 54 30 43  5 24  -  - 32 23 55 57 59  -  -  - 35 18 38 60 37  - 19 40 16 27 12  3 56 29 46 53 13  - 36  7  2 25  - 48 41 14 33  - 22  - 31 58 45 11
  4 11  - 20  - 10 52 36 22 25 53 31 46  - 37 14 57  5 29  - 41  8 45 27 60 39  - 56 18 33 58  -  -  - 51 49  - 38 15 13  2  6 23 34  7 59 50  - 30  -  9 54 24 42 32  3  -  1 47  -
  - 25  -  9  4 43 24 21 52 55 54  -  -  2 45 57 39  - 53  1 34  3 27  7 18 28 14 19 59  5 47 22  - 49  -  -  - 46  - 50  - 30 36 44 13  -  - 56 48 29  8 23 58 32  - 12 40 38 31 60
 49 53  -  -  5  -  - 59  - 35 18 60 22 40 10 44 27 48 23 14 51  - 13 42  - 46 36  6 32 12  -  3 33 17  8 43 31  - 58  - 47 34  -  7 16 30  -  - 15  9 24  - 39 50 26 21 56 19  1  -
 56 32 33  - 38  7  2 16 36 39  - 28 17  - 43 26 54 18 55 30  - 35 22 15  9 11  - 31 23 47 50  6 21 53 46 57  -  -  - 40 48 51  -  - 59  -  5 20 52  - 37  1  8 60  - 25 41 49 44 12
 11 26  2  7 54  3  - 23  - 22  -  - 10 15 55 47 43 29 18 49 17 20 12 60 53 35  9  5 34  - 40 59  -  8  - 42 50 27  1 38 52 41 56 30  6 19 28 16 21 24 57 33  - 46  -  - 32 13 36 48
  - 57 54 14 18  -  -  4  5 31 51  - 50 47 35  1 45 52  -  -  - 11 44  - 36 25 21  - 37 42 19  - 12  -  -  - 22 16 23  9 15 56 59 55 27 13  -  7 40 46  2 20 41 43  3 30 33  - 10 24
 53 19 34  - 33 59 15 43  3  8 38 42 41  1 60  5 23 56 37  - 11 14  9 12 16 27 24 46 55 29 30 44 40 36 48 45 39 13  2 58 28 35 17 21 31 51  7 50  - 57  4  6 47  -  -  - 10  -  - 20
  5 35 19 10 55 25 59  1 26 42 46 51  6  3 49 37 56  - 22  - 38 40 60 30 34 53 33 13 44  - 23 24  -  7 41 11  9 15  - 47  8 21 32  2 17 16 39 58  - 27 18 36 29  - 54 50 14 57  - 43
 59 43 55 32 52 11 42 34 19 51 23  - 15 20  4 21  - 41 16 50 40  2 58  9  7 17 48 57  -  1  - 18 14 45  - 13 24 12 37  - 56  - 35 36 39 38 44  5 33 60 54 29 22 47 25  6  -  3  8 31
 51  2 41  5 16 29 48  9  6  7 22  4  - 45  - 23 10  - 24 15 43 33  8 50 42 26 25 59 14 28 13  - 56 21 47  - 44  - 49 12  3 58 54 20 35 40 27 30 31 32 38 11  - 52  - 53  1 18 37 55
 16 52  - 31  2 56 20 51 43  9 40  3 23 41 36 13 60 32 58 54 12 18 47  4 45  - 46  8  - 44 53 48 49  -  -  -  5 59  -  7  - 25 33 50  - 55  6 22 29  - 35 34 37 30 14 28 19 11 17 10
