2880
 51 43 32  7 59 29 18  - 55 25  -  - 53 37 58 57 19  9 24 20 44  3 23 60 48 11 13 33 14 42 50  2  -  - 47 41 35  - 54  8 34 16 52  4 22 49 30  -  -  - 26  5 15 39  -  1 17 36  -  6
 17 54  - 43  - 35  - 44 27 26 47 59 51  3 21  -  1 16 30  -  - 22 53 58 25  4  8 10  - 56 60 50 41 46 28 11 23 34  - 19  - 18  - 33 12  5 42 13 40  - 39 31  -  - 15  - 20 32  - 45
 22 50  4 11 47 54 44  - 57 36  - 55 15 18 19  -  6 23 33  9 17  - 51 28 24  -  - 59 53 41 34 60  -  1 37  - 31  - 35 10 42 12  - 56 46  -  - 58 45 30 43  - 40  3 25 48 26  8  - 39
  6 19 23 30 58 17 51 26 24 10 28  - 47 15  -  - 42 25 21 50 20 11 49  -  - 18 32 56 40 29 36 43 13 39 46  - 27  4 59  5 45  1 14 57  -  -  3 35 55  7 54 48 52 60 16 12  -  - 37  -
 20 12 40 36  4  3 45 22 13 42 30  - 21 16 48  7  8 56  2 10 25 34  -  -  - 27  - 17 52  - 54  -  - 47 50  - 49 59 39  - 29 33 35 28 58 46  1 19  - 24 14 15  - 38  6 37 51  - 41  -
 12  9 35 41 49 10  8 59 28  5 15 23 20 42 17 39 53 44 13  -  - 47  - 55 31 51 43 30 32 16 21  7  -  6  1 19 40 57 60  3 18 29  - 48  -  - 26 37 27 50 45  -  4 34 24  - 36 52  -  -
 48  - 13  - 32  - 47 55 35 34  -  - 49  - 57 45  3 12 17 54 24 37 20 44 22 53  4 27  8 39 56 33 23 16 58 28 59 25  7 46  - 11 51 36  -  -  - 14 29 31 18 50  -  5 19 41 21 30 10 52
  -  -  5 20 28  - 60 27 32  -  8 35  - 48  6 47 33 26 16 41 34  2  -  - 45 29 58 22  - 17  - 37 30 59 55 40  9 54 52 12  1 31 38 11 50 24  7 39 15  - 46 51 21 53  - 36 10 13 18 49
 38 14  -  - 51 15  5 30  3  - 19 60  -  - 35 21 31  - 53 28 49  9 43  8 18  - 42 57 13 50 26 16 44  2 17 46  7 37 10 47  - 52 27 41 33 55 29 40 32 11 59 23  1 36  4 24 45 39 12 56
 30 22  - 32 34 13 43 57 20  7 33  9 25  - 53 59 41  -  5 21 29  - 28  4 27  -  - 15 17  - 10  - 14  3 11 60  1 58 49  -  - 39 54 18 36 51 12 31  - 42  - 26 24 48 44 16 46  - 55 38
  - 56 37 53  - 21 17 13 42 45 11 34 18  -  1 44 43 31  - 26 33 49  9 38  3 32  -  7 15 30  5 52 46 10 35 12 24 50  6 27 20 51 57 19 47 36 55  - 58 39 28  8 22  4 60  -  - 54  -  -
  - 30 11  6 15 45 37  - 40 48 46  - 50 27  - 60 10  8  - 55 56 12 22 23 58  1  - 42 43 57  - 24  - 18 16  - 33 17 44 51 59  - 39  -  9  7  2 20 41 47 21 29 28  -  - 52 32 25  -  -
 19 23 49 39 13 42 31 50  -  - 56 57 52  9 51 28 22  5  4  - 38 41 37 26  - 17 30 43 29 35 18  6 10 24  -  - 58 45 53  - 44 59 32  7 11 60 40 36 12 48  -  3 34  - 33  2  -  1 54 15
 59  4 57 19 48 51 14 31 36 33  - 18  2 39 12  -  - 41  - 44  - 16 25 49 30  - 50 46 23  6 45  - 40  9  - 27 26 42 24 20  - 60  3 54 35 58 13 32  7 21  -  -  -  1 52 34 29 56 47  -
 18 51 10  - 33 25 11  3  - 49 52 50 39 44 54 43 32  1 31  - 14 30  -  9 19 59 45  4 24 12  - 26 55 41 36 29 15  - 17  - 58  5 21 16  7 37 28  2  8 27  6 53 35  - 56 23 48 34 60 20
  -  2 12 31 57 27 32 11 39  -  5 14 56  4 33 55 52 21  - 53  -  8  -  - 29 60 37  - 16  - 20 59  - 40 51  1 13 28 30  - 22 43 45  - 17 10 48 23  -  - 49 36  -  - 35 38  - 42  9 50
 23  -  - 54 40  -  - 33  7 21  - 52  3 45 25  2 24 55 50 38 46 28  - 22 43  5 16 35  4  - 11 12 59 31 26  - 10  - 20 13  - 34 56  - 53 32 19 29 48  6 44 17 14 15 47  - 41 37 58 30
 32 10  - 56  - 39 23 12 26 20  - 11  6 58  - 16 44 49 48 57 43 50  - 14 42 25  - 29 28 59  -  -  - 33 45 17 47  1 21 36 60  8 15 35 55 22 27  - 38  - 19 24  -  - 41  5  4  7 13 31
 52 32  1 45 16  -  - 10  4 28 40 24  7 26  9 27 60  - 36  2 21 29  8 42  - 58 39 23 56 51 22 25  - 53  - 14 17 46 55 15 48 35  -  6 54 38 41 50 59 44 11 20  3 37 30 33 31  -  - 12
 45  8 25 60 18  -  4 58  - 15 24 20  -  -  - 54 30 57 28  5  1 13  - 41 21 38  -  9  - 22  2 46 53 19  -  - 36 12 42 40 43  - 33 52 37  - 17  7 50  -  - 44 49 27 48 29 39 11 34  -
  - 27 26 58  - 37 13  - 51 35  9 49 46 59  4 30 55 54  1  7  8 21 16 34 52 20 19  5  - 32 15  3 25  - 60  - 57 23 41 42  2 28  - 39 48 47 10  - 14 12 40 56 17  - 50 43 38 24 11 33
 40  -  -  3 41  2 49 28  - 51  - 16 59  - 31 52  -  - 10 46 45  7 30  - 11 33 38  -  - 58  - 36 12 32  -  -  -  6 29  1 17 54  -  - 56  9 60  -  5  - 15 25 53 21  - 55 24 23  - 37
 42 48 27  - 17 60 26  - 11  8 31 58 23  6 24 51 34 29 22 37 15 57 55 32 14 54  9 21 44 36  - 35  -  -  5 56  4  7 33 38 49 30 20  - 43  - 46  1 10 16 47 39 59  2  -  - 13 50 53 41
 25 47 60  - 24 50 48 19 30 41 14  -  9 10 16 17 12 11  6  3 13 18 35  2 20 26 31 37 39 55 29 45 32  5 44  - 28  -  - 23 36 46  4 22  8 40  - 27  - 49 53 42 38 58  7  - 43  -  -  -
 21 28 46 24 36 30  - 20 14 57  3  1  -  - 29  -  - 37 58 31 59 51 41 10 49  8 47 60 26 45 44 48  9  - 56 13 22 33 16  7  - 53  - 32 25  - 50 52 19 40 55  6 39 43 34  - 23 35 17 18
 43  6 36 40  -  5  - 35  1 54 29  -  - 23  7 58  - 47 51  8  -  - 18 37 41 15  -  -  -  - 13 49  - 20 57 39 46  9 27 45  - 55  - 12  4 14 33 56  - 59  - 22 48 19  - 21  2 16 28 25
 44 26 43 51 56 36  2 18 46  - 22 38  8 11 47  - 15 60  3 49 57  -  1 29  -  9  5 41  -  4  - 42 31 55  6 35 37  - 32 34 53 23 10 17  - 16 39 25 20 54 13 19 30 40 58 50  - 45 33  7
 11 55 56  8 31 38  1 15  - 12 49  - 40  -  - 13 50 52 57 30  -  -  4  - 33  7 24 58 46 34 19 17  -  - 25  2 29  - 26  6 23 32  -  - 10 21 51 47  3 20  5  - 37 14  -  - 18 22 35 16
 24 52 33 57 35 47 22 32  2 18 55  - 30 19 14  - 58 59 23 40 42 25 60 50  9 21 20 36 51 44 46 38 48  7 53  -  8  - 15 54 39  6 34 31 16 28 11 45 37  -  - 49 43 13 12 26  1 41 27  -
  9  5 44  - 39 48 52  6 22  -  -  -  - 46 20 18 36  - 59 13 27 35  - 53 60 41 23 45 37  - 30  -  -  - 10 55 54 49 43 17 33 47  - 34  - 15 56  3  - 57  1 16 19 31  - 32 14 12 29  -
 60  -  9 16  - 44  6 48 12  - 34 40 36 30 50  - 46  2 15 18  -  - 57 39 38 35  7 19 20 24  1 58 54 52 23  - 14 27  -  - 28 26  - 29  - 45  4 22 17 43 32 41 33 51 59 53 55 31  8  5
 35 53 55 47 14 18  - 36 15 38 10 17  - 13  8 19  2 34 27 58  -  - 56 40 46 30  - 25 57  7 51  -  3 48 42 33 12 16  4 32 52 24 22 21  5 54 59 26  - 37 41  -  6  - 20 28 50  - 43 60
  - 36 52  2 21 16  7  9  5 17 12  - 32  1  3 56 51  - 47 33 26 27  -  -  6 28 10 44 19 60  - 29 37 34 38  -  - 13 23 55 50 20  - 58 31 48  8 46 24 41  - 11 42 30 53 49 40 43  - 59
  - 59  -  - 25  - 39 23 21 31 60 56  5  8 26 36 47 51  - 12  - 58 11 30 40  - 35  - 27 13  9  - 45  -  - 10 19 22  - 33  7 48 50 43 18 53 37 34 16  - 20 46 41 28 38 44 52  - 24 29
 41 60  3 13 55 19 20  - 45  -  6 12  - 43  5  - 23  4  -  1  - 32 50 54 53 22 14 39 25  - 37  - 24 49  - 16 42  - 40  2 27 15 28 46 26 34 44  - 52  -  7 33 58 35  8 47 11  9 31 10
 10 16 45 22 19 28 41  - 48 47  1 30 27  -  - 35 13  6 38 60 52 20 36 51  8  2  - 31 34 23 58  4  - 26 24  - 32 53 11  - 21  -  - 59 49  -  5 42 43 56  3 37  9  - 29 39  - 18  - 54
 53 37  - 34 45 31 57  8 43 56  7 54 16 17 40  4 20 30 52  -  - 55 29  - 12  -  -  - 21 27 41  5  2 58 48  - 25 36  - 28 24 13 26 50 42 39 38 11 44  3  -  1 46 59 10 14 19  6 51  9
 54 15 16 59 23  8 10 56  - 55 20 32  1 38 43 37  - 42  - 24  5 31 17 21  - 39 25  6 50 49 33  - 35 14 34 30 48 18 12  - 11 44 41  - 52 19 45  -  9 29  2 58 27  - 26 51  3 40 22  -
  - 58  2  1  - 56  -  - 18 39 45 29 31 34  - 26 14 10  -  4 54  5 59  - 51 23  - 49  - 33  - 53 36  - 52 15 44  - 46 35  3 22 16  - 21 43  -  6 60 13 48 55  7 12  - 19 47 38 57 32
 33 45 48  4 50 52 46 43 10  - 41  -  - 60 37 40  9 28 55 42  3 56 24 15  2 57 49 54 58  -  6 51 38 44 19 32 34 35 36  -  - 25 53 26 14 29 22 21  1  -  - 12 13  8 23 59  7 47  -  -
 36 49  7 12  - 23 38 39  -  1  - 15 26 41 28 31 16  - 11 14 48 40 52  5  - 45 22  - 18 10 55  - 19 37 20 25 53  - 47 58 30 50 24 51  - 57  6 17  4 35  - 54  - 29  - 46  9 21 44 43
 46 24 38 28 26 43 15 54 47 30 42  - 44 57 13  3 27 35 40 22 39 17  7  6 56 16 34  - 48  -  8 23  - 36  4  - 60 52  - 41  - 58 31  - 20  2 18  9 25  - 29 14 32 33 45 10  5 51 50 53
  -  - 58 52  9 22 16 42 49 13  - 25 34  5 10 50  - 27  8 29  - 19  - 48 32 47  - 53 41 46 57 28 17 30  7 24 56  - 51 44 12  3  -  2 39  4 15 60  6 38 31 35 18 45 54  -  - 33 20  -
 34 29 17 26 20 41 42  - 60 11 36 22 14 56  2 33 25 38 18 32  6 48 10  - 23 49 46  1  5 37  -  - 58 35  -  -  3 51 31 52 55  4  8  - 28  - 54 24 13 53 12 45  -  9 40 57 15 59 39 21
 13  7 42  9  8  -  - 51 29  - 16  - 48 53 45 22 56  -  - 36 35 46 12 43 15 44 17 28 31  - 47 55 34 27 49 20 39  - 19 26 37 10 25  - 40 33  - 54 21  1  4 30 23 32  5  3  6 57 14 24
  -  -  - 50  -  - 35 41 59 27  - 46 29 32 38 53 57 40  - 51 30 23 14 20 26 36  2 13 54 28  - 21  1 11  3  -  5 39 34 31  - 42 60  - 19  - 58 49 18 22  -  -  - 56  -  -  8 15  4 55
  - 13 24 33  -  6 25 46 41 50 18 28 43 35 60 10 39 22 34 17  2  -  - 19  - 55 21 32  - 48 14  8 15  - 54 31 20 47  5 49 16  - 37 45 29 56 23 30 57  - 58 27 26 52 36 42 44 53 40  1
  1  -  - 42 46 11 50 37 31 19 35 27 54 24 39 32 28 33 49 16  4 60  3 57 55 56 18  2  7 43  - 10 26  - 59 23  6 44 48 21 40 38 47  - 45 25 36  - 30 14  8 34  - 20 22  9 12  5 52 51
 37  -  - 29  - 34  9 17  -  4 39 26 60  -  - 49 59 15 41 43 23 14  - 33 28 48 36 55 22 52 24  1 56 13  2  7 21  -  8 11 19  - 12 53 30 31 47 44 46 18  - 57 54 10  -  - 25  3 16 40
 26 44 15 21 30 57 40 24 38 60 37 47 10  - 22 12  7 45 32  - 53  1 33 35 36  3  -  - 42  -  - 13  - 54 31  9 55 41 18 29  5  - 59 49  - 17 25  4 39  8 52 43 50 46 28  - 27 19  2 14
 55  - 22 44  - 58  - 49 34 40 57  - 42 50  -  - 37 20  - 59  - 45 15  7 10 43 52  -  - 25  4 47  -  -  - 21  - 29 14 39 35 19  2  5 24 18 31  8 53 23 56  - 36 17 46  - 33 26  6 13
  4  - 59 35 27  -  - 53  -  - 32  8 24  2 42 38 29 43 12  - 36 33  - 52  - 34 48 18  3 15 31  -  - 57 41  - 45 26  - 56 14 21  6  1 44 13  -  - 49  - 17 10 25 47 37 54 30  -  - 19
 31  - 39 38 53 20 19  - 54 22 58  - 33  -  -  9 45  3 14  - 60 44 48 46 59 52 41  8  2  - 27 40 47 43 21  - 11  5  1 57 10 49  - 25 15  6 24  - 28 34 50  7 12  - 51 30  - 29 36 23
  8 25 14 18 44 12  -  1 23 29  - 42 37 52 49 48  5 36 46  - 10 59 13 31 34  - 56 24  -  2 35 39  -  -  -  -  - 32 45 50  4 57 30 20  3 11 21  - 54 58  9 47  - 26 43 60 16 27  7 28
  2 41 30 37  3 33 29 21 19 44  - 36  -  - 23  -  - 13 43 56 55  - 31 18  - 46  6 16  -  1  - 32 20 28  - 47 52 14 38 24  -  7  9  - 60 27 57  - 51 26  - 40  5 25  - 58 59 17  -  -
 39  - 28  - 37 46 59 38  9  - 23  - 17  -  -  1  4 24  - 35 51  6 19 11  7 31 44 34 10 14 48  - 29 21  - 50 43  2  - 30 54  -  - 13 27 41 32 18 42 36 16 52  -  - 57 20  -  -  3 58
 29 20 21 17  5  7  - 25  8 16 50 13 58  - 18 14 11  - 35 47 31 53 42 24 57  6 33 52 38 54 28 30 22  - 39  - 41 15  2 48 56 27 46  9 59 12  -  - 36 55 37 60  - 44 32 40 49 10 19  3
 14  -  8  - 29  9 55 16 53 43 27 51  4 22 56 23  - 48 37 11 32 24  2  1 17 10 28  3  6 40  - 15  -  - 12 45  - 21 13  - 31 36  - 44 34 50 35  5 47 33 38 18  -  7  - 25 54 49 42  -
 49 21 29  5 43  1  -  - 16  - 51  - 45  -  -  8 48  - 19 52 18  - 32 36 39 42 54 20 33 38 25  - 11 56  9 26 50 55  - 37  - 17 44 47  6 30 14 28 23 46 35  4  2 24  3  - 22 58 59 27
 47 57  6  -  2 26 54  - 50  - 13  - 35  - 15 42 17 58  9  - 22 43 40  -  5 12 59 48 49 20  3 41 39  - 32 36 51 11 37 18 38 56  7 14  - 44 34  - 33 60 23 21 45 16  1  8  - 46 30  -
