2880
 42 41 17  - 57 18  - 55 26 24 30 15 16 28 14  -  2  3  9 27 32 46 33  - 13 20 43 36 25 58 38 52  - 60 40 53  4 50 12 37  5  7 19  -  -  - 35 56 34  -  - 44 23 49  -  -  -  1  6 22
 24 53 47 17  -  -  -  5 14 27 42 41 29 54 60 30 13 33 15  2  - 16 58  - 39 37 18 19  - 49 12 43 21 50 38 56 57  -  - 55  6 20  -  - 10  - 28  - 46  -  - 35 26  - 59 25 51 48 11  8
 37 20  - 13  7 56 41 32 27 39 51 22 58 31 23 21 47 11 10 40 12 24  3  - 46  - 33  -  - 34  - 19  8 44 15  -  - 60 26 25 18  - 42  -  9 57  -  -  -  6 50 30 45  - 17 29 35  4  - 48
 19 55 23 16  4 40  9 18 44 51 56 26 57 29 35 14 41 28 30 53 59 17 52 58 22  2 24 27 15 33 11  - 36 39 13  - 60 49 37  5 47 54  - 38 45  - 20 43 12 50  6 46 32 21  1  8 48  3  7 10
 38 58 28  -  -  7  -  6 11 46 49 45 26 18  8 25 19 12 20 47 60 57 22 21 42  - 50  -  -  1 53 39  2  - 55  4 51 29  - 14 40 16  3 36 15  5 41 32 10  -  - 52 24 34 43 23 44 31 17  9
 28  - 37  -  -  -  6 31 38  -  -  -  - 36 44 45 48  - 50 17 54 41  - 30 35 11 55 13  - 32 14 12 59 21 33 26 18  1 27  - 52 29 46 25  8  3 51 40  2 39 49  7  - 42  5  - 58 34 56 43
 53 45  - 31 50  6 57 33  -  8 19 47  3 20 37 10 59 48 56  7 49 15 39 18  5  - 36 52 40  - 44 30 35  -  - 21 25 34 46  4  -  - 60 17  -  2 24  9 55  -  - 41 27 51  -  - 32  - 58 12
 46 30 42  - 45  -  -  -  -  - 40 43 59 37 39 13  - 25 27 50 48 60 12  - 23 28  2 49 41  5  - 32  -  8  6 31 44 19 29  3 26  - 10 35 55  7  - 52 53 58 54  -  1 14 33 16 34 57  - 47
 54 28 36 20  - 42 22 39 31 52 32 19 60  -  6  1  - 55 43 56 53 30 15 50 21  7 49 37  9  -  -  - 41  - 59 57  - 13  8  2  - 10 17 46  - 25  4  - 16  5 35 23  -  -  -  - 38 11 14 29
 20 37  - 38 43 16  5 28 10 30  8  - 17  3 46  -  4 26 13 34 22 40 25 47 32 60 14  - 18  7 23  - 55  -  9 54 39 35  - 59 15 27  -  6  - 41  - 45  1 44 36 57 49 24 52 42 56  2  - 31
  8 22 38  - 44 21 20  - 28 31 58 36  -  - 17 59 57 51 26 37 55  7 27  2  - 19  6 60 11 23 47  3 53 56 48 15 16 25 42 12 39 46 34 24 33 32  -  - 40  -  - 14 52 45 49  -  5 54  -  -
 41  6 20 39 26  8 60 48 56 10  3  - 55  1 34  - 50 27 33 23  - 43 29 45 12 54 53 28  -  2 30 24 18 13  -  - 36 21  -  - 31 37  - 44 42 38 59 46  -  -  7 32  9 22  - 17  - 51 19 35
  -  1 19  - 30 48 16  3 34 45 27  4 44 33  7  8 10 23 37 15 11 56  - 24 54 39 28  5 43 36 55 13 20 41 26 18 49  9  -  - 25 22 58  - 50 59  -  - 14 21 51 38  2  - 32 60 53 47 57  -
  1 16 30 53 28 38  -  - 60 32 41  7 20 44 57  - 54  - 17  -  3 58  9 51 11 46 48 26  - 52 37  8 12 59 10 47 13 55 21 31 36  -  5 56  -  - 27 33 25 35  - 15  6  - 40 50 43  - 34 42
 48  8 27 57  9 33 10 21  4 19 43 35 40  - 30 12  -  -  3 29 28 39 17  -  1 16 42 50  5 56  - 36 60  -  7 34 58 14 54 38 45 23 37 53  -  - 46 18 15 11 55 49 20 31 25 32  2 24 22 59
 58 11  - 44 47 30 53  7 52  -  9  -  - 16  1 34  5 45  - 51 42 25 35 38 28  -  - 55 32  8 50 26 13 18 39 19 24  -  - 29 10 31 41 14 43 12  6 21  3 57 56 20  - 54  - 46 22 27 59  -
  - 12 49 22 58 53 13 24 51 54 47 46 41  9 31 26 40 42 36 33 43 37 10 27 19 50  3 56 57 28  -  - 48 32  - 20  7 30  6 44 60 59 25  - 23 55  -  -  - 17  5 21 35  2  -  1  4  - 29  -
 29 10 26 55 48 54 35 36 46 57  -  - 33  2  -  - 28  -  7  -  - 53 24 13 60 12 52  9 27 41 42 38 47 43  - 25 17  3 39  8 11  6  - 20 30 14  - 44 58 18 32 34 19 56 45 15  1 23 50 21
 47  2 21  - 56 11 34 44 45 48 28 23 51 27 58 35 24 43 32 14 37  5 53 22 25  - 26 20 38 59 36  -  3  7 19  -  - 10 17 30  8 41 40  4 52  1  9 16 54 15 39 18 12 50 42 57 33 46 13 49
  4 32  2 15  5 22  - 42  1 33  - 21 53 47 11  6 25  - 28  -  9 55 59 23 16  -  - 45 46 44  - 18 27 30  -  - 20 38  - 26 14 49 12 48  - 40 54 35 17 10  - 58 57 39 31  - 29 19 24  7
 39 25 35  - 54  -  - 40  5 14  4  - 47 56  - 37 42 44  - 52  -  -  -  -  3 24 27 51 23 13 16 10 49  1 41 48 46  2  - 18 38  -  - 11  - 21 33 57 19 43 12  9  8 58  - 45  - 15 55  -
  6 40 11  - 24 15  - 26 35 50 17  - 38 59  - 16 51  8  - 22  -  - 60 41 18 52 13 10 20  - 43 42 28 29 25  3 32  5 36  - 56 19 44 39  4 48 57 34 21 31 14 45 54 47  7  - 55 30 49 58
  - 35 25 54 53 14  2  - 21 18 20 27  1 17 19 50 23  - 11 44  - 59  4 10  7 56 39 22 13 43 60 16 34 33 36 58  - 24 55 57 29 38  6 45 31 42  - 37 32 47 15 26 40 48 41  -  3 28  - 30
 55 23 45 30 46  1 40 43 49 21  - 52  8 22 32 39 35  - 14  - 25 13 34  - 51 31 54 24  - 10  - 37  - 12  - 42  - 48 56 27 20  5  2  -  -  - 50  4 47  - 59  6  -  - 19 18 36 60 53 33
  -  -  -  - 12 46 30 51  - 23 15 33 32 45 41 52 11  -  - 49  -  -  -  7  - 38 37 35 31 48 18 55  9  - 56 36  - 43 10  -  2 40  -  -  6 54  5 14 50  - 34 28 29  4  - 47 59 42 26 17
 57  5  -  - 29  -  - 47  - 43  - 17 37 58  -  - 52 60 25 21 40 44 38 39 50  - 34  -  4 31 41  1 56  - 49  9  - 28 45 51 30 35 15 13 32 36 16 20  - 12  3 53 11  -  - 33 27 55 54 26
  - 33 16 46  8 10 39 11  - 12 13 30 27 38 25 24 32  -  -  - 41 31  6 54 26 36 40  4 45 14  - 34 43 28  -  1 52 17  - 48 49 53 22  -  5 58  7  2 18 59 47 42 15 23 60 56 19 21 51 44
 51 27 60  - 38  - 49 10  - 17 33  - 19  -  -  4 46 32 59 39 23  2  - 28 20 34 30  - 12 35 31 45 37 14 21 41 40 16 52 47 58  8 54 26  - 18 48  3 13  1 11 25 44 15 29 53 24  -  9 55
 14  - 31  - 10 27  - 59 58 29 52 40 15 24 49  7 22 35 44  8 57 20 28 56  2  3  - 46 17 47 19  6  - 25  4 16 33 39 51  -  1  9 21  - 18 26 42  - 37 41  -  5 38  - 50  - 60 12 36  -
 45  -  8  - 59  - 51 30 32 22 50 29  -  - 47 11  - 16 21 46 20 10 48  - 36 14 44  -  - 60  - 58 52  3 34 33 56  4 38 43 35  1  9 40  7 24 26 49 57  - 13 54 17 55  -  - 15  - 23 18
  3  - 34  - 17  - 28 57 33 26 12 39 50  7  -  - 21  1 53  6  - 18 42  -  - 45 38 59 24  - 15 40 14 51 27 23 41 54 25  -  4  - 47 31 19 44  -  - 60  9  -  2 43  5  8 58 10  - 35 20
 17  - 33 25  - 39  3 12 42 36  - 60 35 43 21 47  1 30  8 31  -  - 18 15 27  - 29  - 34 37 54 44  - 40  - 32 45 56 22 50  - 48 11  -  -  9  2 55 28 14 52  -  -  - 13 26  7 16  5 41
 32 17  - 23 31 41 55  9 12 25 10  -  -  - 33  2 20  7 18  -  4 36 49 14 34 42  8 21 39 51 52  - 54 35  - 44  1 11  - 56  - 13 43 22  -  6 45 29  - 16 19 24 59 28 46 37 47  5 48 50
  7 21  - 32 51 57 48 60 13 15 16 34  -  6 43  - 31 52 12 38 14 49  5 33 41  -  - 17 54 40 58 28 42 10 24 22  -  - 53 39 37 36 45  2 26 50 47 19 35  4 23  3 25 29  9  -  8 59 46  -
 12  - 54  2 40  - 11 27 57 55 46 44 23  4 52 56  8 22 38 24 36  -  -  -  -  - 60 25  - 26 35  - 51 31 32 39 30  6 49  1 34 33  7 16 37  -  - 17  - 45  - 48 14 18 21 28  9 58 43  5
 35 44 10 34  -  -  7 38 17  - 11 20  - 23 29  9 56 41 24 13  1 48 14 49 15 30 57  6 59  3 22  - 26 16 47 12  - 42 32 21  - 51  -  - 40 33 55 28 39  8 27 37 31 25 54  5  - 43  2  -
 26 56 13 11 36 37 25  -  3  5 22 28  2  - 55  - 43 31  4  - 38 21  1  - 24 10 58 12 48 42 17 49 32 23 30  7 35 33  -  9  -  - 59  -  - 53 39 47 29 27  - 40 34  6 15 19 57 18 52 60
 56 49 58  8 20  - 32 52  - 37 53 25 43  - 54 48 30 38 55 10  - 12 50 16 40 26 41 42  3 29  9  -  6 11  5 24 28 27 33  -  7 47 18 34  - 51 23  - 22 46  4 59 36  -  -  - 17 13 31 39
 43 46 40  - 52  - 19  4 47 58  5  - 39 32 36  - 44 37 29  - 24 54  2 12 10 49  9 34 60 18 27 23  - 53 16 55 22  - 57 35 17 56 50  8 11 20 38 13  7 30  -  1  -  3  - 48 14 41  - 25
  - 60  1 45 34  -  - 19 50 56  - 11 22 35 40  - 26 18 48 59  -  - 51 43  -  - 12  - 10 46  8 33 23  -  3 28 55 20 47 58 53 32 57 29 17 30 52 27  9  - 25  -  - 37 39 54  6  -  - 24
  - 50  9  - 22  - 14 53  - 38 35 49 11 42 20  - 39  -  5 55 10 28 43 59 48 15 25 32 36  6  -  2 30 19  - 52 37 41 60 13  - 21 23  7 46 29 34 31  - 33  1  8 58 27 57 12 16 40 45  -
 31  - 14  3 27  2  - 37  9  -  6 32  7  - 24 51 53  -  -  5 26 19 45 40  -  -  - 48 49 55 25 59  - 34 44 30 43 52  - 17 22 15  8 50 47  -  1 58 42  -  - 60 18 46  - 38  - 36 41  -
 34  - 43 40 25 13 24 56 16  4 21 48  - 51  9 17  6 50 22 54  5  1 11 32 59 47  7 38 37 15  2 35 44 42 28  -  8 45 31 19  - 26 29 12 49  - 58 60 36 20 41  - 55 57 10 27 30 14 33 53
 36 15 51 59 14 24  8  -  - 11 34 56 31 13 18 41 60  - 47 16  7  6 21  3 37 25  -  - 44 45 20 17 38  5 35 29  - 26 43 33  -  -  1 30 54 46  - 48  4  - 28  - 39 53 23 52 49 10  - 57
 13 52 15 27 37 36 38 54 48 47  - 10 28 57 16 29 55 46  - 25 50  4  - 60  9  8  1  - 19 17 51 20 45  - 12 49 42  - 34 41 33 44 14 21 56  -  - 30 31  2 24 39  7 11 53  6 40  -  3  -
  -  4  - 10 23 50 33 35 40 16 45 58 34 48 12 42  7 54  6 20 52 27 55  8  - 44 59 47  - 30 46 57 31 49  - 37 19 22  5 15  9 14 24 32  1  -  -  - 51 56 38 36 60 26 11 21 25 29 18 13
 18  7 32 50  - 55 31 16 19 40  - 37 42  -  2 49 14 59 41 58  8  - 56 25 30  6 21 53 26 27  -  - 29 46 11 10 12  - 13 52 48  - 39 54  3 34 44 38 45  -  9 33  4 35 20  -  - 22 15 23
 23 51 18 43  1  3  - 41  6  - 59 24  -  8 42 15 12  - 46 35 47 33 30  - 53 55  - 29 28 39  -  - 19  - 60 50 11  7  - 49  -  2 38 58 25 52  - 36  - 40 10  4 13  -  - 44 37 56 20  -
 21 42 53  - 11  -  1  2  -  - 23 13 56 49 59 33  -  -  - 12 58 32 41 55 45  -  - 39 14 50 57 60 25 38  8 51 54 18  - 10  - 52  4  - 35 27 29  6 43  - 46 19 30 20 44 22 28 17 47 36
 52  - 48  - 13 12 23  - 18 53 25  2 54 41 26  - 36 56 42 19  - 14 47  - 33 43 35 44  - 57 29 46 22  - 20 17 50 58 24 45 51  4 16 37 59 28  3 15  8 34 31 10  5  - 30 55 21  9 39 38
 33 57  6  - 42 43  - 49  -  - 60 51 46 50  4 32 45 19  2 41 29 35 26  -  - 27 22 30 53 11 34 31  - 55 17  -  -  - 58 16  3 18 20 59 36 47  - 39 52 23 44 12 48  1 14 24 13 38 40 54
 22 39 24  6 35 20 43 25  - 49 38 54 48 14  -  5  - 47 60 36  -  -  8 37 31  - 45  7  -  4  3 11 15  -  - 59 26 23 40 46 50 58 55 33 13 19 17 12  -  - 53 29 28 16 51 41 18 52 30 27
  - 13 57 24 15  - 18  1 22 35 54 42 10 39  - 28 17 40  -  -  6 29 31 44  - 59 23  8 16  - 33  9 46 52 51  - 47  - 48  - 32 30 49 55  -  4 11  - 26 25 45 56 53 41 36  - 12  - 38 14
 60  -  - 18 21 52 42 29 55  - 48 31  - 40 51 23  - 13  -  9 39  - 54  5 14 32  -  - 35  - 49  - 57 20 37 27  6 12 30 24 41 43 33 19 44 16  8 53 11 36 26 22 46 17 28  3 45  7  - 15
 50 36 52  4  - 58 47  8 25  - 14  1  9  - 13 54 18 10  -  3 51 11 44 46  - 33  - 41 29 53  - 27  - 24 23  2 48 15 59 20 57 17  -  5  - 37 32 22  - 28 16 43  -  - 34 30  - 26 42  -
 59  - 56 49 18 28  - 45 30 44  - 55 12  - 53  - 29  -  - 26  - 34 20 35 38  9 17 31 21  -  7 54 39  4  - 40  5  - 19 36 27 11 13 15 16 43 60  8  - 37  -  - 50 52 22 14 46  - 10  2
  - 29  -  1 55  - 59 50 53  2  7 57 14  - 38 46 15 20 40 45 56  - 23 31 49  - 51 16 22 21 48 25 58 47 18 13  - 44 28 11 43 24 27 52 41 10 36 42  - 60  -  -  -  9  3 39 26  -  8 34
 25 14  5 52 16 60 36 23  7 41 37 12 13 11 22  - 27  9 31  - 45 38  - 34  6 51  4  - 47 20 28  -  -  -  -  8 10 53 18  -  -  - 26 49 58 15  - 54 56 29 21 50 33 30 35 40  - 39 44 46
 15  - 55  5  2  - 21 13 29  7 31  - 25 60  - 57 16  - 54 42 35  - 46 36 44  - 47 18 33 19 59 22 17 58  -  6  - 37  1 28  - 34  - 51  - 56 10 11 41 24 20 27  3 12  - 43  - 53 32 40
 10 43 41 37 60 25 15 34  - 28 39  5  6 26  - 53 38 14 19  4  -  3 16  - 52 23 46  - 30 24 56 29 50 54 58 45 31 51  9 32 59 12 48 57  -  8  -  - 33 13  2 17 22 44 27  7 42 20 21 11
