2880
  -  8 20 19  - 31 46 24 56 53  9  -  5 17 40  2  -  - 50  - 34 52 51 60 42  - 59  4 39 13 44 22 10 35  1  6 29 54  - 36 11 48 18  -  -  - 57  -  - 26 58  7 45 27 12  - 43 49  3 25
  -  - 48 14  4 43  2 10  7 15  1 39 49  - 22 42 18 50 25 45  - 44 24 36 58  5 16  3  8 19 52 33  - 13  - 60 20  -  -  - 31  -  - 17 54 29  - 38 23 27 28  - 26 37  6 35 59 53  - 56
 30 21 42 55 57 47  - 41  - 31 50 24 12  1  - 52  5  -  - 40 19 15  -  -  - 13 20  2 11  4 53  - 18  -  - 22 43 23 46 17 39  8 49 35 10  7 26 60 28  -  -  9 38  -  3 33  - 59 45 16
  - 15  3 56 21  - 23  -  6 51 26  1  - 14 18 30 55 16 49 19 12  - 10  - 35 57 60  5 24 38  - 37 54  - 46 52  - 43 13 48  - 22 28 41 58 47  -  8 27 29  9 45 17 32  4  - 40  2 39 33
  - 13 28 15  - 48 35 12 25  9 60 22  - 56  - 34  1 27 23 29  - 41 50  - 18  2 17 43 55  - 47 40 58  -  5 11 10  - 26  4 24 52 19  - 33 59 51  -  - 42  - 49  - 53 37 57  3  - 30 44
 55 27  - 40 43  4 19 45 16 56 52 54 28 38 13 39  - 32  -  5  7  -  3 34 26 15 30  - 50 60 17 48  1  - 41 44 49  9 23  - 42 35 10 51 53 57 20 47 21  - 12 24 59 25 29  - 36  - 46  6
  -  - 32  - 46  - 45 33 26 10 35 44 38 40 51  4 34  - 16 42  2  - 47 19 43 39 25 53  7  - 37  6 27 58  3 50 52 22 60 13  - 11 36 28 31 30 54 12  1  -  -  - 21 14  8 18  9 57  - 41
 41 58  - 50  - 49 60  9 37 42 15 33 45 46  -  3  -  -  5 38  - 57 23 10 29  7 53 13  4  8 36 55 19 11 20 43 34  - 25 56 47  -  - 52  -  2 22  - 16 44 24  - 30 39 14 28 26 51  1 40
 16  -  8  -  - 42  - 30  -  -  - 37 43 39 28  -  4 22 14  -  - 23 52  -  2 53 26 31 27  6  - 18 41  5 32 19 45 12  9 15 55  7 56 11  - 25 35  - 44 13 47 59 49 29 33  - 17 20  - 46
 59  3 51 23 40  - 34 48  - 21 54 29 60 13 37 12 20  8 45  1 28 55 22 32 30 46 33 58 17 25 24  - 47 57 44 14  -  -  7  - 49  -  5 16  4 41  - 27  - 53  -  - 42 31 43 36 50 19  6 35
 58 60 21  3 56 36  - 35 18 13 24 40 52 28  4  -  9  - 47  -  - 50 37 30 16 38 44 39  - 48 51  - 14 25  - 59 27  - 34 11 45 53 17 43  - 12 19 46 42 33 23  -  1 49  2 26 32 54  5 10
  9 33  - 30 16 46 50  6 39  -  5  - 17  - 59 60 22 29  1  -  -  - 14 49  3 24 54  8 26 44 38 47 57 20 27 10 11 28 43 18 58 13 51 37 41  4 40 36 25 55 31  - 48  - 35  - 45  7 56 52
 53  2 15  -  - 51 54 49  - 43 57 47 26 27  - 22 59 36 39  4 10  3 31 45 14  -  - 12 34 28 33 35 60 16  6  -  7  - 55 50 25  - 24 46  1  9  - 52 56 11 21 23 44 58 13  -  -  8  - 20
 49 38 56 39 50  - 14 25 48 23 47 51 19 35 21  - 42 46 34 30 60 20  -  -  - 36  8 57  - 41 26  9 44  - 45  -  6 10 22 16 52 28 59 54  - 55 32 33  4 31  1 40  3  - 17 24 53  - 37 12
  - 17  -  - 28 15 51 11 57 14 45 42  7 12 27 53 41 21  -  - 22  4 26 33  - 48  -  - 58  1  - 36 34  2 10 23 55 16 56 49 19  -  - 31 52 40 24 29 18 59 25 35 43  8  9  3 60 13 44  5
 46  - 43 47 35  -  7  5 40  - 11  - 42 51 26 50 24 31 41  -  1  -  9  2 22 17 32 34 15 20 59 54 33 44 60  - 58 37 48  - 13 21  8  6  - 38  - 53  - 52  -  - 23 36 18 10 57 30 19 14
 22 23  1 60  -  - 55  - 24  - 36  8  2 54 57 49  - 26 30 21 59 27 12 58  -  -  - 20  - 33  3 31 35  -  - 16 25  -  4  - 10 17 11  - 50 43 18  -  - 51 44  - 40 13 52  - 19  6 14  -
 54 46 18  2 15 24 13 28  -  -  4 34  - 58 45  - 19 60  3 26 51 22  6 55 21 32 50  - 16 30  1 44  7  - 38  - 59 17  - 42 33 29  - 27  - 31 56 10 35 12 39  8 53  - 41 40 48  - 25 37
 47 49 16 31 37 12 52 22  -  - 29 11  4 53  - 40 26 56 60  7 42 35  8 28 34 27 38 10  -  - 14 32 43  - 55 48  - 33 57 51 54 19  6 20 36 45  - 41  3 21 17  2 39  - 50  -  -  5  - 15
 48  - 26  - 59 41 44  -  - 36 37 58 24  7  5 28 51 19 35 43 52 30 57 11  -  -  - 40  - 10 31 13 55  - 17 21 56 18  - 20 60 47 45  - 34 46 50  2 22 39 38 33  6 42 32  1 29 25 16 23
  3 12  - 54 36 34 15 21 45  - 31 52  - 44  6 32 35 28 27 25 39  7 42 16  1 37 23 26 20  - 55 60  8 10 43  2 53 24 17  -  - 33  9 58 49 48 29 13 50  4 41 46  - 22 57 59 14 40  - 51
 39 42 55  - 23 33 21 46 34 24 53 59  8  -  -  - 52  3 51 14  - 11  -  1 41  -  5 32 48 15  - 12 40 37 49 17  2  - 29 30 28 54 16  -  9  - 43  -  -  - 13  - 50 20  -  - 27  -  - 58
 20 52 50  - 44  6  5 53 10 26  - 28 59 60  2 33 47  -  8  - 17 18 34 43 32 40 51 14 25  - 11  - 38 56  9 35 13  - 27 22 29 55 37  4  -  3 31 42 15 24 48 36 12  7 19 39  - 16 54 57
  -  5 33 32 55 57  6 36 30  1 22 17 40 25 12 59 31 20 18 51 11 39  2  7 54 14  - 27 46 16 41  - 48 21  -  3 28 26  - 53 35 23 42 49  8 15 38  9 13 10  - 34 56 19  - 44  - 47 24 29
 14  -  - 13 31  1 39 20  5 18  -  4 55 45 53  6 11 12 38 28 44  2 27 29 37  - 19 33 51 56 60  3 25 52  - 46  - 50 47 21  - 36 26  -  7 58 17 16 48 57  -  - 24 43 23 41 30 34 42 22
 36 28  - 53  - 11 20 56  4 22 17 23  - 16 19 41 40 25 59 57 13 33 35  3  -  - 14 42 49 54 10  - 52 27 21  9  -  -  5 31 46 32 15 18  -  -  7  - 39 38 51 30 47  1 26  2  - 12 60  8
 50 37 29 21 52 18  8  -  - 58 19 10 39 31  - 20 56  -  -  -  5 42 45 38  -  - 11  - 22  2 12 17  - 51 25  4 44  - 36  6 48 49 60 32 59 16 47 30 34 23 33  3  - 55 28  - 41  - 35  7
  2 43 46 42 51 30 58 31 15 44  7 19 21  - 10 14 50 47 32  -  - 48 17 41  -  3  6 49  - 45 25 23 13 53 22 34 35  4 59  8 38 40  - 56 16 27 39  1 33 36 29  - 60 54  5  - 12 37 55 11
 57 55  4 33  -  - 43 44 13 30 49  -  - 37 41 15 29 38 31 10 35 46  1 26  -  6 48 50 53 39 19 27 28 32  - 51 40  2 18  3  8 25  7 24 56  -  - 17 47  5 59 52  -  9 20 16 54  - 12 21
 13 22 52 49 11 53  -  8  2 46 40  - 27 36 60 26 38 43  - 32 15 29 25 54 31 59  3 17  - 42 16  1  4 48 19  7 41 39  - 45  5 37 14 55 21 24  9 57 30 47 10  6  - 28 51 58 44 56 33 50
 17 53  -  8 19 32 18  - 12 25 46 50  3 29 35 58 57 44  -  - 40 45 15 20  9 52 36  - 43  7 30  - 16 22 59  1 26 21  - 27 37 24 47 34 13 14 42  6 49 28 60 10  - 41 54 23  -  - 48 38
 21  - 49 44  3 17 28 15 19  8 41 38 16 30 36 57 46  7  -  2  - 54  - 56  4 51 42 45  -  5  - 50  -  6 33 18 24 58 32 29  1 12 25 23 47 10 52 59 26 35 27 20 34 48  - 13 11  9  - 43
 44 31 40 25  - 29 16  1 60 34  - 46 58 32  -  7 45 18 13  - 56 24 20  9  - 33 52 28 57  3  6 38 22 26 48 37 47 27 35 54  4  2  -  - 11  -  - 55  -  - 43 50 51 10  - 49  -  - 15  -
 34 59 23 51 45  - 33 38 28  3  - 56 48  2 14  9 13 41 19 12 18  - 11 39 24 21  -  1 54 29 46  4  - 60 36 15 50 32 44 40  - 42 22 25  - 35  6 37 17  8  -  -  -  5 58 53 16 55 26  -
 42  4  7 59 48 21  3 54  -  2 55 14  -  - 24 11 36  6 46 34  - 60 13  -  - 58 18  - 32  - 43 39 20 28 57 27 19  - 52 23  - 44 33  1  -  -  -  - 53 45 50 25  5 40 30 51 22 26 38 49
 23 57 27 28  7  - 17 16  - 11 44 12 56  - 43 47 33 14 10 37 20 25 58 22 19 54 40  -  6 24 39 46 15  - 29 30  4 55  3 26 32  - 48 21 45 53 34 50 51 41  -  5  8 35  - 31  -  1 13  9
 40 25 30  1  - 55 32 60  -  7 59 18 29  4  - 51 27 33 48 50  - 14 54  -  - 23 56 19  5  9  - 42 26 31 37 28 36  -  - 57 20 39 21 10  - 22 53 49 52  6  - 38  - 45 24 12 34 43 11  2
  6 47  - 52  -  7 36  - 46 29 10 15 44  - 33  -  - 57  - 60 41 13 16 17 25  - 31 37 19 34  5 28 50  4 18  -  - 35 58  1  -  - 12 48 43 11  - 51 38 30  - 54 27  - 21 42 55  - 59 53
 38 54 11  6 49 39 47  3 58 35  -  9 20 59 15  - 60 45 12 44 26 32 41 51 10 29 34 18 33 40  -  - 42  - 56 53  5 52  2 28  - 31 50  - 30 17 16 14  8 25  - 22 19  4 46  7 24 23  -  -
 15 41 39 38 13 20 56 57 29 52  6 16  - 22  7 55  - 37 54 58  - 10 48 40 47 43  4 25  3 12 23 34  -  8  - 42  -  - 45 33 18 60  - 44 14 50 36 28  9  -  -  -  2 30  -  - 31 11 49 26
 43 56 25 12 24  - 57  2 54 59 33 60 15  - 17 27 44 39 26  -  - 37 38  - 55 31  9 48 47 32 21 16  6 50 11 45 46 51  -  -  -  - 20 22  - 52 49  - 10 58 14  1 35 23 53 30  4 18 36 28
  8 11  - 57  - 13 37 58 59 28  3  - 32 23  - 45 12  -  - 48 25 19  5 31  -  - 43  - 21 27 22  -  2 49 52 56  9  - 14 34 44 38  - 40 42 51  4 39 29  -  -  - 41 24 15 60 33 35 10 54
 26 36 41  5 27  3 22 51 23 38 25  - 10  - 55  -  -  4 33 16 43  - 19 35 57 49 29 56 59  - 50 53 12 47 15 20  - 40  - 24 30 46 32  2  -  8  -  7 54 60 45 58  - 17  1  9 37 44 18 31
 18  6  2  7 25  - 59 26  -  - 38  - 47 20 54  - 43 53  -  8 49  -  - 14 50 42 35 30 37 21  4 58  - 29 51  - 12 31 11  -  3  - 55 60 44  1 41 23 36 56 34 13 28 57 16 19 46 15  9 17
  -  -  - 27  - 19 40 43 41 55 18 53  -  5 58  - 39 24  - 11 29 28  - 46  -  - 22  - 38 47 57  - 59 30 50 26 23  -  6 60 21 14  - 45 17 42  1  4 20 37  - 15  9 33  7  8  2 36 34 48
 10 30  - 41  1 16 42 13 55 37 51 32 35 33 23 17 14 52  9 39  3  - 59 18  6 47  2  - 60 53  7 15 11 24  - 38 57 45  8 44  - 34 43  -  - 36 21 56  5  - 22  - 25 12 40 20 49 46 27  -
  5  1 35 22  8 26 30 18 33 47 28  - 53 55 32 16  - 40  7 24  - 58 43  - 60 11  - 36 45 49  9 10  - 54  4  -  -  - 39 46 50  - 52 42 25 13  3 20  -  - 56 29 31  - 34 17 38 21 51  -
 52 24 45  9 38 50 48  -  - 49 23  - 25 11 30 18 54  1 42 31 58  - 29 27 28 44 21  -  - 17  2 41 32 39 12  -  -  5 15  - 14 59 40 53 19 60 55  -  - 16 36  - 46  6 47 43  -  - 57 13
  - 35 13 34 42 10  9  4 11  -  - 45 57  6  1 36 25 54 28 20 32 16 53 44 46 56 24 51 31 18 15 43 21  3 26 40 60  7 49  5 17 30 41 29 22 23 48  - 55 50 52 37 14  2 59 38 58 39  8 19
 37 40  - 10 53 35  1 27  -  - 56 43  - 34 29 48 15 51 21 41 38  -  7 25 17  -  - 59  - 46 58 57  5 55  8 36 22 60 16 19 12  - 23  9  3 20 33 45 32 18 54 39 11  - 49  4 28 31  - 30
 51  9 37 24 32  -  4 55  -  - 48 35  - 26 42 46  -  -  -  - 21  - 33  5 15 25  - 22 52 57 27  8 31 43 30  - 14 20 12  - 16 45  2 13  -  6  - 40  -  7  -  - 58 60 38 50  -  - 23 18
 25 20  - 35 33 23 38 52 49 48  -  -  - 19  3 10  8 34 36  6 31  - 46  - 11  9 15 47 30 26  - 24 17 45 53  5  - 29  - 39  - 43  1 12 40 56 37 18  - 14 57 60 13 59 22  - 51 50  4 55
 27  -  - 18  - 28 12 19 53 41 14 55 13  -  - 24  -  - 43 33  9 26  - 52  -  - 49 21  -  - 48 45 37 23 16 57 38 59  - 35 56  3  - 36  6  - 58 31  - 54  5 32  7 11  - 46 25 60  - 34
 28 10 36  - 26  - 53 29 44 32 34 20  - 52 49  8  - 17 56 54 14  1 18 42 12 35 46 15  - 31  - 51 45  7 39 13 30  - 33  9 40 16 27 57 37 19 60  - 11  -  4 55  - 47 48 25  6  3  - 24
 24 19  - 48 20  - 26 40 31 27 21  5  - 49  - 44 16 42  4 46 36 43 32 37  8 50 58 54  - 11  - 59  9 12  - 25 33  1 51 55  - 57 35 30  -  - 10  - 14 15  7  - 22 34 39  6 18 45  -  -
  - 44 60 17 12  9 27 14 36 57  - 21 33 41  - 13  - 11 20 18 16  - 39 50 40 10 47 24 42 59  - 49 23 46  7 55 37  6 53 52 34 51 30  -  - 28 15 26 58  1  3 31 29 38 45  -  8  - 43 32
  - 14  - 36 54  - 24 39 42  4 30 57 37 18 38  - 23 35 22 13 50 53 60 15 56 19  - 29 10 43  - 52  - 33 31  -  8 49 20 41  -  - 44  7  - 32 12 11  - 34 46  -  - 16 25 55  - 48  -  3
 60  - 12 45 17  5 41  - 22 16  2 27  - 21 47 25  - 49 29  9 46 34 56  - 51 20 13  7 14 52  8  -  3 36 40 32 42 38  - 37 57 15 58 59 39 54 28 35 24 43 19 26 55 18 44 48 10 33 53  1
 45 18 31  4  9 52 49 59  3 33  - 30 22 43 20 29 28 15  2  -  8  6 55  - 38 16 37 60 41 23 40 14 24  - 13 39  - 34  1 12 26 56  - 50 46 21  5 48 57 19 53 11 32 51 36  - 47 10 17 27
 32 48 57 26 18 25 10 23 20 19  8 36  -  3 39 56 21 30 17  - 37  - 28  6  5  4  -  -  1 58 34  2 29 15 35 33  - 11  -  7  - 50 46  - 60 44 59 24 40  9  - 27 54  - 55  - 52 14 41 42
