2880
 11 54 37 51  9  -  6 45 24 38 56 47 22 21 26 19 28  - 60 48 43 20 18  3 34 42 15 27 49 58  2  - 14  - 44  - 33  4  -  8  -  - 30 23  - 57 17 13 46 59  7 29 50 53 12 41 32  5 52 39
 42  -  -  - 54 35 21 10 47 40 55 52 49 32  -  6 56  7 48  - 29  - 57 16  9 27 18 38 13 19  - 43 50 37  - 33 30 31 20 26 34 58 17 15 41  - 59  8 51 11  -  - 23  -  5 53  - 12 60 22
 14  6 16  - 20 58  4 48 19 36 43 15 34 40 18 53 26  - 24  - 57  3 28 10 55  - 51 52 46  7 33  2 38 29  9 22 44 42  8 21  - 50  -  - 17 56 47 25  - 23 60  - 39 12 13  5 41 45  - 35
 51 47 13  - 30 55 22 11 43 27 57 26 54 60 42 48 18  - 35  -  5 21  -  -  1  - 39 24  2  3 44 23  - 16  - 41 58 38 49 36 45 10 32 33  - 25 50 59  - 19  - 46  - 28  -  6  - 14 20 17
 60 11  2  - 21  - 55  - 31  8 58 28 25 13  - 36 34 14  -  -  - 12 23 50 57 41 48 32  4 52  -  3 49  9 20 43 35  -  -  - 54 39 18 37  -  - 46 56 22  - 27  - 17 47 24 44  6 29 26  -
 12  - 33 24  2  - 31 44 11  4  5  7  -  -  - 27 13 28  3  8 52 38 48 19  6 50 32 56  1  9  -  -  - 18 59 17 55 21 29 54 22 14 15 25  - 53 51 10 60 34  - 40 26  - 35 45  - 37 57 43
 45 43  - 25 33  6  9 46  1 18 51 19  5  - 22  - 41 21 20 44 38 55  - 34 17  7 11 14 26 24 10  - 39 32 58  -  8 35 40 12 31 27  - 48  3 23 56  4 30 28  2 57 52 49  - 60 53 59  - 16
  - 53 15  - 49 20 13 60 42 45 25  - 31  5 56 22 38  - 29 30  3  8 59 33 27 14  7 18 11 28  - 19 41 58  - 35 36 26 34  -  1  - 37 10 40 32  - 43 54 50 12 48  6 21  -  - 55 16  9 44
 54 51 56 45 40 37 19 55 41 47  - 33 32  4 29  -  9  6  8 50 53 15  - 14  2 39 28 48 31 43 46 59 27 23 57 36 49 18 58  - 60 12 13 24 20 34 44 35  - 25 16  1 10 42 21  -  7 38  3  -
 52 41 22 34 60 25 18  - 33  1 53 48 47 29 49  - 39 51 56  - 58 50 40 44  3 43  - 37 36 13 32 42 28 12  5 45 16  7  - 59 21 35  2 14 30 27  9 17  -  4 24  6  -  - 15 57 46 55 11 54
  9 18  -  6 51 11 57 14 29 46  8 22  - 47 41 30  - 56 34 27  - 52 17 24 15  -  - 44 32 25 40  - 37 31 60  -  - 53  - 49  2  - 59 19 10  5 20 48 55 39  - 54  1 38  7 23 45 43 58 12
 29 31 41 37 50 12 10 32 28 55  7  3  - 25 34 54  5  - 26 49  - 13 24 40 38  4  - 51 15 44 19 47 23 52 53 60  - 11 18 17  9  - 36 22 16 58 45 20  1 35 43  8  -  - 33  - 30  -  6 27
 23 56  8 35  - 21 44 54 48  -  - 18 26  - 24  7  6 42  -  -  1 37 33  5 10 51 20 15 43 36 45 40 58 27 46  - 14 47 13  - 39 60 57 49 12 52 29 11 50  - 53 22  4  2 32 34  - 31 19 30
  - 23  - 14 58 24 17 16  -  -  1  -  - 39 40 56 35 47 42  -  8  - 19 38  - 22 43 12 10 15 41 37 59 57  4 11 51 60 26 32  - 29 28 34  - 44  - 33  -  -  -  - 55 46 36 20 52 13 27 31
 20 37 42  -  - 51 29  -  5  - 17 32  -  -  2 41 11  -  4 47 49 39 22  -  -  - 57  8 56 26 13 30 31  - 12  7 43 28  - 34  -  1  -  - 33 24  -  3 36  - 52 21 40 60 55  - 25 18 50 58
 49 26 11 42 27  1  -  6 23 34  - 10  - 52 12 47 51 37 15 16 31  - 53  - 46 21  5 59  3  - 39 18  2 48 33 44  - 22 24 60 17 13 58 28 55 45  7 14  -  8 29  -  - 40  9 32 38 25  - 36
 50 10  - 40 31  -  - 49 17 23 41 34 15  - 46  8 32 27 11 12 22  -  5 42 33  2 55 26 21 16 52 35  - 20 14  4  - 54 19 48  -  7  - 43 59 28 13 47 58  6  9 39 25  - 30  3  1 24 45 57
 53  5  - 44 19 60 27 34  - 15  -  - 46  2 45 39 25 13  9 52  - 14 54 17 48 56 24  - 12 38 18 20  -  - 10 28  -  -  4 23 29 30 11 47 49  8 58 51 31 40  - 59 32 37  - 35 42  6 36 41
  7 13 55 27 14 39 54 56 46 48 18  8 29 38  5 12 24 36 32 17 20  1 16 21 40  -  -  3 33 23 34 11 25 10 30 50 22 57 31 53  - 52 60 45 51 41 15 37  6  2  -  - 28  - 43 47  4 58  - 49
  8 46 52  4 43  - 33  - 34 39 47 58 41 24 28 35 42  - 49 18  - 26 21 56 19  6 16  7 22 50 36 15 17  - 11  9 59 13 44 38  - 54 25  5 29  - 27 60  - 14 10  -  3 57 53 12 23  1  - 51
 31 20 10  - 16  3 32 35  - 51 33 14  6 19 58 11 29 22 12  9 18  4 38  7 45  -  8  -  - 55 25  - 56 50 41  2  -  - 54 43 52 21 47 44 39  - 24 46 28 27  5 36 59  - 57  1 40 42 23 37
  4  - 50 53 17  - 12 21 10 43 13  - 16  8 25 38 44 11 57 23 46 49 41  - 37 54  6  - 19 33 47 32  -  -  7 48  - 27 39 22  - 51  - 20 28 29 31  5 45 36  3  2  - 14 18 15 26  - 42 34
 21  - 53 54 42  - 37 47 51 10 48 24 11 46 15 20 40 17 31  - 25  6 44 23  - 52  2 57  5 60 14  - 33 38 45  8 18  -  -  - 49 56  1  9 27 13 28 30  3 43 36 50  - 58 34 59 12  - 29 55
 36 30  3  - 32 42  7 22 40 50  -  -  - 27 20 55 57 48 41  - 19 45  - 43  - 15 13 49 23 10  - 46 54  2 39 31 38  -  6  - 11 18 16  - 56 59  4 26 12 33 51 37 21 52  1  -  9 34  - 60
 26  4 60 58 11 57 24 43 15 54 34  2 52  -  3  - 36  - 53  - 48  -  - 32 23 33  - 19  -  -  - 17 12 45 22  1 39 50  7  - 40 20  - 38 18 35 25 42 10 56  - 55 16  5 41 30 14 21 28 13
  5  - 38 13 28 16 52 27 44 11  - 41 30 20 19 37 60  1 59  6  -  - 46 22 18 57 49 29 51 45 26 21 40 43  - 58 12 32  - 31 23  9 10 35 14  4 33 55 25 42  - 56 24 34 54  -  2 36 48  8
 32 29 21  - 15  - 34  -  2 44  - 38 58 31 11 24 52 33 19 54 55 43 10 28 59  5 45 35 60 17  -  8 53  1 50  3 27 40 30 47  6 57 26 46 42 16  -  - 13  - 39 41 37 48 25 22 56 20 12 23
  2 36 23 22 24  - 60 20 37  5 54  -  4 59 39  - 30 49  - 33  -  -  - 46  7  - 58 10  - 35 53 29  - 51 17  6 28 44 57  -  - 45  - 21 48  1 34 41 16  - 26  - 27  - 40 55 47  9  8 50
 22  - 29 49  -  4 50 33 45 52 60 21 56 34 47 57  - 31 54  1  2 35 30  -  8 46 10 36 40 14 12  - 44  - 23 27 20 39 42 16  - 19  - 13  5  - 37 28 26 48  6 51  7  9 17 58  3 32 38 59
  - 48  - 46  7  5  -  - 60 20 16 43 40 26 55 10  4 34 27 31 41 23 51 29  - 13  9  1 54 12  - 24 22  3  - 38 53 56  - 25 44  - 45 32 21 42  -  6 18  - 47 35  - 36 19 50 59 57 49  -
 16  - 54  - 10 56 43 12 27  -  6 31 45 11  9  5  7 23 14  - 36 19  2  - 52  -  - 30 57 20 24 38 35 41 49  -  - 59  - 58 53 25  -  3 60 51  8 39 21 29 15  4  - 55 50 37 34  - 47  1
 33  -  7 17 26 18 30  1  - 12 42 39 55 37 53 40  3 25 36  - 54 24 20  - 32 34 27 60  8 59 56 58  6 15 29 49 23 10 14  - 41 38 31  - 46  - 52 45  2  -  -  5  - 51 47  - 16 11  4 19
  -  8 26 28  - 47 40  - 25  - 15 42 18  3  7 45 31  - 39 41 23  - 13 51 22 55 59  - 44  6 48 60 34 14 52 21  5 30 27 10  - 53 33 12 50 11 36  2 43  1 20 38  9 54  4 16 35  - 56 29
  1 55 27 26  3  -  -  - 49 29 14  4 10 57 59  - 33  5  - 56  6 58 32 25 60 30  -  - 37 54  - 39 20 24  - 53  - 23 21 45 36  - 51 41 43 18  2  -  - 15 35 16  - 50 22  7  - 48 46  9
 48 60 35 33  - 49 41  - 54  9  - 45 51  7 14 32 58  - 21 57  - 40 34 20 53 23 22 13  - 46 15 50 52  4 55 30 11  1  -  -  -  - 39 16 47 36 12 19  -  -  -  3 38 43 28 31 18 17 25  6
 18 14 57 47  1 46 58 37  - 49 21 53 50 23 27 44 48  - 16 32 42 33 25 31  -  9 56 43 29 39 22  6  -  -  2 20 41  - 60 19 12  - 38 26 36 55  - 54 59  3 28  7  5 17 52 11 10  4 40 15
  -  - 18 30 22  -  2 51 21  -  - 55  3  -  -  1 43 57  7 26  4 17  9 27  - 35 14 40  6 47  5 53 45 19 16 15 29 36 52 20 59  - 50 42 58  -  - 38  - 41  -  -  -  - 31 10 44 28  - 11
 46  -  -  - 52 43  - 59  6 35 29 25 53 36 60 28 19 20 17 40  -  2  7 47  -  - 31  - 38 56  3  5 18 22 42 39 13 41 23  - 24  4 34  8 45 26 30 15 33 37  1  -  - 11 51  - 57 10 14 48
 40  -  5 36 39  - 28 50 20  - 46  - 37 51 43  - 45 26 55 25 21 59 14  - 11  -  - 42 18 27 60  -  - 34  - 19 52 29 33  - 38  -  3 53  9 30 23 22 57 54 13 15 48  1 16  - 58  2 24 56
  - 42  6 38  -  9  - 36 39 60  - 59 57 22 48 33  - 41 52 34 24  - 43  - 21 29  - 58 17 18  - 25 55 49 54 14 37 46 11  - 28 47 12  4 26 50 40 27 44  7 32 20  2 19 45  - 31 53  -  -
 17 52 14  3 13 27 23  - 50  - 10  5  -  6  -  -  -  4 43 15  -  9 60 12 56 32 29 22 47  - 57  1  - 53 34 51 40  2 25 44 19 24 21 18  8  -  - 31  - 30 49 45 33 20 37 36 11 35 16  7
  3 34 51 31 55  -  -  -  9  - 36 16  - 49 13 59  -  - 37  - 14 47  -  - 30 18 35 17  -  5  7  -  -  8 24 54 50 15 12 39 25 26 48 60  1  -  - 53  4 52 58 10 44 56 46 38 33 19  - 20
 37 49 19 57 48  7 39  3 18 14 28 13 17  - 38 21 12 32 58 53 40 34 56 30  - 45 33 47 20 11 43 41  - 44  - 23 26  5  2 46 15 22 27 36 35  - 10  9  - 31  - 52 42  4  6  -  8 60 59 24
 24 44 12  -  - 40  - 39 58  -  3 11  -  1 51 50  -  8 45 36  - 57 49 53 41 17 46 33 48  - 54 56 29 35 18 37 10  9 38 55  - 16 22 31  -  - 42 32  7 20  - 60  - 26  2 25 43 52 15 28
  - 24 25 41  4 59  - 15 35 21 31 50  - 33  - 43  1 29 23 58 37  7 52 11 39  - 40 53  9 48  6 54 10 36 51 32  3 49  5 18 57  2  - 56 22 20  - 34  - 12 30  - 60 27  8 28 19 47  - 38
  - 38 47  - 53 54  - 25  3 31 20 27  1 12 10 17 50 60 22 43 35  -  8 55 26 37 19  2 28 40 30 36  5 46 13 56  9 58  -  7  - 59  - 57 23 33  -  - 52 49  - 24 29  - 14 21 48 44 41 32
 10 17 36 56 12 53 51  -  - 13 37  -  7 55 54  - 22 43 30  2 47 44 27 60 42 28  - 31 50  1  - 57  4  - 38 29 24 19 45  -  -  6 41 39 25 21  - 16 23  9  -  - 34 35  - 18 15  -  5  -
 47  - 32  - 29 44  3 42 56 33 38  - 14  - 31 16  - 19 50  5 45  -  6  9  4 48 21 20 55 34 28 49 57 26 36 59  2 17 22 41  8 11  -  7 54 60 53 52 24 18 25 12 13 39 10 27 37 15  -  -
 34  1 30  -  5  - 48  9 36  - 26 57 19 17  -  -  2 52 46 11 33  - 42 45 14  - 44 21  -  4 51  7  - 28 35 18  -  -  - 50  - 32 53 54 37  - 43 29  8 47 55 31 58 25 59  - 20 39  -  -
  - 12  - 29 57 23 56  - 13 59 52 60 38 53  4  - 14  - 25 24 30 22  3  - 35 58 34 28  - 41  - 45  - 33  6 42  - 37 48  - 47 43  8  2  -  -  -  - 17 21  -  9 20 16 44 46  - 26 55 18
 41 58 59  9  - 45 20  -  - 19 12  6  - 15 23 49 53 10 51 37 56 11 36  -  -  1 26  4 34  -  8 33 60 25 32 55 17 16 35 30  3 28 29 50 52  - 21 57 47  5 54 42 18 22 48  2 13  7 39 14
 27  7  -  -  - 33 46  -  4 28 19 35 21  - 50 34 59 39 38 14 10 18  -  -  - 20  - 41  - 49 42 52  8  - 48 25 56 45  - 51 30  - 44 11  -  6  - 12  5 26 22 13  -  -  -  9 36  3  - 40
 13  -  - 20  - 38 25 28  7 26  2 56  8  - 44  - 21 58 33 60  -  -  - 59  - 16 37  - 30 42 35 12  9  -  - 40 32 14  -  6 55  - 54 29 24 19 49  - 48 10 18 17 43 45  - 39 27 51 34 46
 15  2 34  7  8 48  1 30  - 42  - 44 13 28 17  9  -  -  6 19 16 54 39  - 36 53 38  - 27 31 55  4 21 40 43 47 46 33 51  5  - 37 23  - 57 12 60 50 14  - 11 18 35  - 56 24 49 41 10  3
  - 50  9 10 56 14  - 57 38 22 59 30 35 43  -  3 17 16  -  7 28 29 15  -  -  -  1  - 45 32 31 13 19  5 27 24 60 20 46  4 48  8  6 55 11  - 26 44 53 58  - 34  -  - 39 40 54 49 37  2
 57 33 49 15 23 13 35 58 55 56 22 20  - 30  -  -  -  3  - 38 11 31  - 54  - 60 50 46  -  - 17 16 36  7 26  - 25  6 10 27  -  -  4 59  -  -  1 18 42 51  - 43 19 44 29  - 28  - 53 52
 28 15  1 23 35 34 47 31 52  6 44  - 12 10 32 58 54 46  - 20 39  - 37 57  - 36 60  - 24  8 29 14 16 11 21  - 45 48  - 40  -  - 49 17 19 43 55  7  -  - 56 33 41 59 26 13 51 30 22 25
  - 28  4 55 38 19  8  - 53 58 45 12 27  -  - 42 16 24 40 22 51 41 35  1 49 31  -  6  7 30 20  9 26 21 15 34 54  -  3 57  - 33 56  - 32 14 48 23 39  - 17 25 36 10  - 29  - 50  - 47
 58 32 28  -  - 41 36 18  8  -  - 49  9  - 35 23 27 50  1 10 17 30  -  2  -  - 12  -  - 53 16 31 15 42 25 52 47 55  - 24  5 48  - 51 13  7 57 21 34 44 59 14  -  6 38 19 39 56 54 33
 56 19 45  8 47  -  -  4 16 17 30  9  - 50 36 13 37  - 28 59 12 25 55 15 51 49 53  - 35 29  - 34  1  - 31 26  - 52 41  - 46 23 24 27 38  - 32 40 11 60  -  - 57 18  3 14  5 54  2 42
