2880
 14  8 30 37  - 25 15  -  -  - 23  - 51 44  7  - 39  5 52 38 16 33 29 49  -  4 11 21 13 12 22 43 18 10  - 50  3 55 32 28 46 48  - 19 47 53  1 58 31  - 54 60 34 27 41 42 26 24 17  6
 25 39  - 44  -  -  -  - 48  - 11  - 45 49  - 41 42 54 53 57 15 27 16 17 22  - 40  7  4  - 37 50 26 55  - 24 36 43 33 47 31 30 18 35 12  - 58 14  - 20  8 52 56 21  - 13 28 34 32  -
 50  - 57 19 58 60 48 21  -  -  - 28 59 37  -  -  - 12  -  2  9 35  - 16 51  -  - 54 20  - 13 47 55 42  - 15 30 56 25 27 24  - 31 10  4 45 22 38  6 11 23 36  3 44 39  - 41 43  5 52
 46 34 36  - 31  - 30 54 41 23 20 11  6  8 26  - 27  9 12 13  1 57 28 45 21 51  - 22 17 33 18  5 16  2  3 37 10 60  -  4 53  - 38 39 49 50 24 40 25 35  -  - 44 52 48 58  - 55 42 19
 21  4 24  5 46  1  6 53 14 42  8  - 10  - 59 50 41 33 49 34 58 60  - 35 31  9 43 27  - 17 56 55 54 38 13 52  - 25 28 45 30  - 11  - 36 26 37 44  - 15 32 51  - 18  - 40  - 23  - 12
 56 33  - 55 57 23 11 42 51  5  9 48 36 22  1 16 59  -  2 26 17  - 15 14 38  -  8 20 34 31 39 12 49 60  - 54  -  - 43 52 41  -  - 24 53 40  - 50 35  4 21  - 27  - 10  -  -  - 19 45
  2 27 58  7 39 48 53 47 11 15 19 23  - 45  - 17 34  -  9 54 46  - 12 24 26  1 30  8 56 60 40 14 41 59 20 10  - 29 18 51  - 55 36  4 25  5 32 43 13 38 42 50  -  3  -  -  6 21 35 28
 23 13 54  -  6 46 19 11 43 60  -  -  -  2  - 30 35 24 29 10 28 36  -  -  9 40 51  5 49 38 32  4  - 16 14 59 37  - 48 56  -  - 57 26  -  3 21 47  - 45 20  - 18 42 44 12 52 50 33 39
 13  6 51 30 12 44 32  - 50 46  -  - 27  - 54 29  - 55  1 35 20 59  - 57 16  - 33  -  - 34  9 24 19 36  8 39 43 26 52 15 45 11 42 28 31 21 23 48 47 14 25  - 38 56 37  7 49  - 58  2
  - 30 50 39  5  - 47  - 44  - 40  8 25 21  -  6 45  - 24  -  - 20 37 60 43  7 17 13 48  3  - 34  - 28 11 58 32  1 27 46 29 31 53 49 57 35 12 23 22 16 55  - 10 15  9 26  - 51  4 54
 26  - 43 11 24 55  -  - 27  - 30  - 39 53 56 42 52 23 31  8 50 16  4 37  - 12 46 29 33 57  - 28 44 45 41  1  - 36 51 17 19 54 13  3 40 38  - 25  7  -  - 47 20  - 18 59 60 49  9 58
 41 44 39  - 53 28 36 31  6  - 34 49  7 52 46 47 43  - 18 12 37 51  2  - 55 33 27 24  3  4  - 38 45  8 17  - 54 14  - 48 20  - 56 57 13  - 19 32  9  -  - 25 58 16 11  -  - 22 30 23
 49 19  - 32 60 17  4  7  3 25 27  1 16 31 30 52 10 15 35  - 59 55 36 21 12 44  9  - 41 40  6 18 50 23 46  2 58  - 42 22 39 20  - 43 56  8 14  - 45 57 53 26 29 24 38 54 11 33 28  5
 36  - 49 27  1  5 31  -  - 37  - 26  -  - 15  - 50 38 16  - 41 21 33 20 60  - 23 59  9 45  - 30 35 19 32 43 24 54  4  2 44 58 40 11 46  7  - 53  -  -  3  - 25 29 12 51  - 48  - 42
 33 46 35 50 25 42  3  6 57  7 36 29 20 34 55  - 12 16  - 41 27 58 53 54 28  -  - 17 19 23 43  - 60  9 37 18 47  4 40 49  -  - 14  1 38  -  8 24 15  - 44  - 13  5 30 31 51 56 26 11
 17  5 23  - 44 43  - 38 53 30 26 54 52 20 14  -  2  -  -  9  7 39 27 18 58 41 60 34  - 49 59 48 11 31 15 32 33 21 55  -  1 24  3 29 28 12  -  -  - 51  - 10 40 13  - 19 16 37  - 25
 42 32  -  - 37 58 27  3 52 17 12 38 30  -  - 28  -  -  - 20 40 54 43  5  8  - 44 33 29  - 41 11  4 56 18 47  -  2  -  1 26 14 23  - 15 57 36 16 34 25 50 59 53 19 55 60  -  - 48 24
 58 50 53 17 51 11 13 27  - 26  3 47 43 33 21  1 29  - 25 14  - 34  - 32 24 22 10 52  7 18 20 31 36 57 30 35 19 40  8  - 38 15  6 56  -  9 44  4 37 46 48 55 54 45 42  2 23 12 59  -
 16 52  -  - 41 20  - 18 24 39 56  6  5 29  - 43  - 30  8 46 60  -  -  - 14 10  - 50 22 36 42  - 21 12 44  - 15 47 19 31 49  3 17 13 35 54 38  1  -  -  2 28 33 26  7 23 34 59  - 27
 27 25 32  3  9 10  1 24 31  - 52 15 60 59 48  - 33 34 41 22  -  - 50  - 36 55  6 43  -  - 14 58 17  - 49 21 18 12 44 42 47  2  5 45  -  - 57 30  - 13 35  - 51 23 26  - 39 11 56 16
 40 59 10 52  - 33 21  5 23 34 47 19 15 51 12 32 31 13 22 48 35  - 38 43  6  -  4 49 42  - 17 60  -  -  - 36 53 57 37 29 50 18 46  9 54 25 39 26  - 58 41 45 11  - 16  -  8  - 20  1
 31 55 14 56  -  - 26 52 32  6  7  - 47 16 35  - 21 60  - 42 33 18 34 11  5  8  - 45 28  -  - 13  -  - 36  - 27 51 59  3 17 25 39 38  2  - 20  9 53 22 49 19  - 48 54 24 30  -  - 43
  -  7 28 49 45  -  -  -  - 47 22  - 18  9 43 59 55 48  -  - 44 52 32 19  -  2 41 58  6  5  3 33 42 35 27  8 38 16  1 40 34  4 25 54 29 11 13 10 60 56 51 21 14 20 23  -  - 26 53 30
 24  - 11 10  -  - 43 57  -  - 21 40 35 58 50 36  4 49 60 51  - 14 46 28 23 42 52  3  - 59  - 56  - 37 25 53 48 32 13  5 15  -  2 34 41  - 16  7 38 55 19 33 30 54 22 17 27  8  -  9
 34 57  4  -  - 16  7 29  -  - 50 36 46 40  9 10 18 31 15 56  -  -  1 48 44 37 25 14 43 28 11  -  6  - 51 55 41 22 54  8  - 47 26 60  - 32 27 33 58  - 30 35 42 17  5 39 53 20  2 21
  - 12  -  - 10 31 14 15  - 36  -  - 22  - 45  8  - 37 21  4  3 24 59  - 48 17 47 38 54  -  - 44 25 51 28  5 40  6  - 55  9 19  7 46 20 39 29  - 33  -  - 57 43  -  - 18 32 58 23 41
  -  9 55 47  2 51 59 45  7  3 31  4  - 24 20 19 14  - 30 40  - 42  6 44 52 11 54 48 37  - 26 32  - 49 22  - 28 18 29 38  - 36  1 23  5  - 56 15 41  - 17 58 39 25 21 53 12 57 16 10
  6 28 12 54  4  - 46 56 38  - 55 13 57  - 34 18 51  -  7 19 29 30 20 36 33 21 35  2  - 11 47 42 43 39 59 45 50 53 15 24 32 27 41 37 10 48 40 52 17 23 26 14  8 49 60  - 25  9 31 22
 52  - 17 38 40  - 37 41 54 20 58 16 26  3 53  5 28 43 45 25 42  -  9 23 49 19 31  -  - 55 44  -  2 30 21 34 13  8 11  - 14 56 27 18  -  - 60  -  -  -  -  7 32 36 47 50 33 35 51  4
  - 51  - 35  7 39 56  - 33 22 59 30  2  5 32 54  -  4 40 31 52 50 41 13  - 18 38  - 23  9  - 20  -  -  - 16  - 24  - 53 60 21 47  - 34  - 42 46 10  6 27  -  -  8  - 48 36 45 25 37
 38 31 25  - 22 12  - 49 35 58 41  -  9 18  6 11 46 28 36 53  4 23  8 30 27 26 15  -  - 20  1 29 47  -  - 48 44 13 17  - 54  - 34 50 21 56  2 19 40 33 45 37 60  7 24 43  3  - 55 57
  4 20  -  - 29  2 10 48 13 56 17  - 28 14 25 24 22 42 43 52 51  6 39 47 30 60  - 37 45  -  -  - 27  -  5 19 23  3 21  - 40 53 55  7 16  -  - 49 32 31 58  - 12 50  -  9 35  -  8 44
 48 29 37  - 20 56  8 35 55 51  -  9  1 60  -  7  - 14  - 59 32 12 49  4 50 58 45  - 24 52 54 41 46 22 42 44 34  - 47 11  - 28 10  6  3 19 33  - 57  -  -  - 17 43 25 27 15  5  - 38
 59 36 27 21  -  - 50 40  - 19 25  3 33 30 42 15  - 35 13 16 54 46 57  -  4  - 18 23 55  8  7 49 10 29 31  - 11 34  -  -  6  1 32  - 60  2 51  - 39 17 28 48 37  9 56 22  - 52 41 20
 11 49 42 58 19 27 29  - 18 41 35 53 50  - 23 56 44 10 34 28 57  - 21  - 25 30 13 31 15  - 60  6  - 52 39  -  9 45 14 37  - 32 16  2 22 17  7  5 26  1 43 46  - 47 59 33 55 36 54  3
 54 41  -  4 56 52 17 37 46  - 38 39 55 23  - 12  - 50 47  5 31 40 58 22 32 16  - 18 25 26 19 59  - 11 57 29 35  -  2  6  8  9  - 51 43 44 28 20  - 10  - 13 36 60 49  3  - 15 45 33
 60  - 47 51 34 49 58 32 21  9 42 10 38 56 36 39  7 25 54 18 53  1 40  - 20  5 28  6 26  - 48  -  - 24  - 46 52 35 31 16  - 23 59  8  - 13  3 37  - 19 22  2 45  - 14 41  - 27 50 17
  -  2 33 26 23 45  - 22  -  - 16 32 53  -  - 13 20  -  - 43  -  5  7 27 39 31 12 47 35  - 34 15 37  6 19  4 21 58 24 25 11  - 44 40 17 52 18 29 55 28 10  3 49 38  - 36 50 60  1 14
  - 53  3 36 52 38 39 25 30 57  - 45  - 41 10 35 19  - 42 60  2 26 44 58 18  - 16 56  1 37  8  - 48 15  -  9 20  - 49 43  -  7 29 59 11  - 50 31 12 32 46 17  -  4 28 55 47 14 22 34
 22 38  9 28  3  8 42 16 45 11  - 27 58  - 37  - 24 40 19 29 39  4  -  -  - 54 14 53  5  - 46  2  - 18 12 49 57  - 34 44 48 51 33 55 50 23 26 36 52 30  - 32 21 31 15 35 56 13 47 59
  7  - 34 20 59 36  - 55 37  2 15 22 42 27  8 33 49 52 58 17 11  - 56 26  3 53 24 30  -  - 45  - 14 46 47 38  - 10  5 19  - 35 51 31 32 43 41 12 48  - 57 44 23  1  - 28  9  4 21 13
  9  - 59  6  - 35 54 20 22 14 53 51  - 11  - 21 25 17  - 32 48 37 45  - 40 56  3 36 30 42 29  -  5  -  1 13  7 31 26 58 12 52  - 33 24 41  -  8 43 49 38 34 46  2  - 16 10 39 57 50
 37  1 56  -  - 19 16 13 15 32 10 42 54  - 49 27  - 58  -  - 43 44 30  7  -  -  -  - 60 46 33  -  3  - 53  - 25 28 36 20 21  - 35  -  - 55 47  -  -  9 24 12 57  - 29 38  -  -  - 18
  - 26 16 25 36 30 20  -  1 54  - 35 14 32 60  - 58 18 10  3 47  8 48 38  - 57 19 41 27 21 49 46 59  - 29 40 17 23 45 39 28 13 15  -  - 24 52 34 42  -  -  -  6  - 31 56 37  - 12 53
  - 16  8  1 48 21 22 17 28 49 29 52  -  - 19 51  5 41 46  - 38  3  - 12 59  - 42  9 57  2 15  7  - 14 33 23  6 30 60  - 18 45 43 53 55 34 10  -  4 27 36 11 31 39 32 25 58 54 44 56
 32 60 48  - 15  - 25 30 39 40  4 55 23 12 24 26 11  - 44 33  5  - 31 50 34 49 37  1  - 58 21 35  -  - 56  6  -  9 20 41 59 29  8 52 42 36 43  - 16 53 13 27  - 10 17  - 46 19  7 47
  -  -  - 16 13 29  -  9  - 10  6 41 24 28 39 25 48 47 56  - 36 49 11  1 45 14 55 32  -  -  5  8 31  3 35 26 12 44  - 59 51 60 21 20 23  -  -  2 19 43 34 38 50 22 52  - 18 30 27  7
  8  -  - 24 35  3 44 19 16  1 37 33 29 54 11  - 30  7 39 47 12  - 55 51 13  - 58 57  - 43 38  -  -  -  6 31 56  - 22  - 23 49  9 15 27 14 25 18  - 26 52  - 48  -  4 10 20  - 46  -
  - 10  - 43 27 32  - 58 20  - 45  -  - 19 16  -  - 44 17 15 49 31  -  9 37 48  1 25  2  -  -  - 39 54 34 11 46  -  6 13 35 50 60 22 52 47  5 57 51 59 18 30 55 14  8 21  7 28 36 26
 18 24 22 33 49 15 34 36 12 28  -  - 31 13 41  3 56  1 20 21  8 45 17 53  - 29  2 46 58 51 23 27  -  - 52 42 39  5 57  7  4 16 30 48 59  6  - 55 14 54  - 43 35 37 50 47 38 10 60 40
  - 56 60  2  - 41 18 26  5  4 46 12 13 10 57  - 17 59 28  6 24  -  -  3  1 32 20 44 50  -  -  9 40 58  -  7 22 48 38 35 42 34 52 27  - 49  - 45 23  -  -  - 47  -  - 14 43 16  - 36
 28  - 18 29 11  - 23 12  9  - 44 31  -  -  5  -  3 46 37 24 45  2 25 15  - 39  7 10 32 47 53  -  - 21 55  - 51 49 35 54 58 22 20 17 33  4 48 59 50  - 40  - 16  - 34  6  -  1 14  8
 53 48  6 41 54 57 55  1  4 45 60 34 37 17 58 46 36 26 38 27 14 11 22  2  - 47 29 40 10 35  - 25 13  7 24 51 59 19  9 32 16 43 28 12 39 20  - 56  3 44  - 42 15 30  -  8  -  - 49 31
 55 22 52  - 32 14  - 43 42 18  5 56 48 39 31  4 38 20  6 49 23 10 51 41 53  3 36  - 44 54 25 37 33 47  - 27  1 46 16  -  - 57 19 58  9 30 11 28  8  2  7 40 24 59  - 45 13 29  - 60
 20 43  7 31 17 37  - 44 58 50 39 21 19 15  3 48 13 45  - 36  6 47  - 33 56 27  -  - 52 22 16 54 23 34  9 57 26 38  - 60 10 59 12 30  8  1  4 42 49  5 14 24 28 41  2 32  - 40 18 29
 35 11  -  8 30  9  2 10 49 53 18 20  - 57 13  -  - 32 33 39  - 43 54 42 41 25  5 15  -  -  - 16  - 40 45 60 55  7  - 23 37  - 22  -  -  -  -  - 46  -  -  -  -  -  3 44 21  6 38 51
  3 47 21 23 14  6 40  - 36 31 48  -  - 42  - 49  9 56 57 11 26 41 24 25 54  - 53 19 59  - 27 39  - 32 10 28 45 17 58 12 55 46 50  - 18 37 35 22  5  - 16 29  - 33 13 30  - 38 52 15
 30 17  - 46 38  - 33  - 34  -  - 60 56  4 52  2 57  6 59 45  - 13 23  - 11 50 32 35 21  - 28 51  8  5  -  - 31 15 12 26 36 10 24 25  7 27 54  3 44 47  - 22  - 55 19 49 40 42  - 48
 43  -  2  - 47 26 51  -  - 48 32 46 34 36 22 60  -  8 23 55 56 25  - 31  - 38 59 28 18 13 35  1 20 33 16 14  4 50  -  9 27 17 45  - 37 29 30 41 21  3  - 39  7 58  6 15  - 44  - 49
  - 15 45 60  8 22 41 23  - 59  2 43  4  - 38  -  - 39 27 44 34  7 18  - 57 28 21 16 47  1 51 17 56 13 58  3 42 33  - 36 52 12 54 14 30 46  -  6 11 24  5 49  - 40 53  -  - 31 29 55
