2880
 17 31 11  - 55 54  - 15  -  1 43 14  4 56 36 40  - 41 16  -  - 30  - 32 39 48  - 47  - 22 35 59  - 60  - 21  -  3 58  -  - 24  6  9 49 25 33  - 28 38 50 19  2  - 12  -  8  - 37 51
  -  -  -  -  1  - 43 28  2 45  - 59 24 52  -  -  5 14 32 30  8 47 29 10 58 55 41 15  9  - 57 22 44 11  -  6 50 49  4  -  -  - 36 54 19 26 51 60 53 25 31  7  3  -  - 33  -  - 13  -
 44 28 19 50 17  2 36 26 40 59 46 25 38 34 23  -  - 16 18  1  -  - 43 53  - 52  9 27 15 30 14 37  -  4  -  - 51  6 48 11  8 42  - 60 12  - 10 47 33  - 22 54 32 58 55 45  - 39 41 35
  - 27  7  - 12 47 34 16 22 38 19 57 14 13 32 11 17  4 41 46 15  5 45 39  -  -  -  - 29  - 36  - 43 51  - 26 18 25  3  - 56 54 35 23 50 58  6 40  2 37  - 44 59 21  9 48  - 31  -  -
 21 49 46 43  6 42  - 38 52 20 45  4  - 16  - 55  9 54 40 15 57 12  2  1 33 37 28 29 10  - 39 23 53 22 47  - 58 30  - 36  7 17  - 48 25 50 27  3 11 18  - 34 41  5 31 19 26 13  - 14
 55 57  - 42  4  3 38 23 36 31 18 37  2  -  - 30  - 35 22 13 56 20  1  -  6 39 25  - 51  7 16 52 10 40 29  -  - 58  -  9 21 32 49 26 34 59 12  -  - 11  - 24  - 33 14 43 19  -  - 48
  -  6 35 37 11 56 44 31  - 27 28 21 55  4  - 45 49 32 10 18  -  3 34 20  - 46 14 36  - 33 12 58  5 30 53 17 15  -  9 40 42 13 19  1 57  -  - 23 47 52 39 38 22  - 54 60  2 25 51  -
  9  -  - 20  -  - 28 45 19  - 37 40  5 48 44  7 54 15 17 31  - 59  -  6 32 29 26  - 60 42 33 34 23 41 27 36  -  - 35  1 22  3  - 13  - 49 47 53 24  4 18 43  - 12 21 25 46  -  - 38
  3 22 36 60 16 51 23  7 13 48 41  - 27 21 40  - 35 55  -  - 38 15  - 43  - 10  8  9  - 19 18  4 42 47 25 52 30 44  1 39 31  2  - 46 11 33  -  - 20 57 54 17  6 28 32  - 58 34  - 12
 26 10 38 55 43 12 32  -  -  - 53 45 59  - 57  - 18  - 34  -  5 23 36  - 44 17  - 41 30 15 51 50 11 52 21 22  - 16 19 14  2 25 60 49 37 46 54  7  - 33 27 48 20  -  4  6  9 29  - 58
 14 32 17 51 49 58 57 40 30  - 11 26 15 36 54 47 24 44  - 28  6 60 27 55  8  -  3 42  7 35  - 25 41  5  - 29  - 20 34 31 23 52 33 18 53  9  - 39 13  - 45 21 46 43 50  1  4  - 59  -
  -  - 25 23 46  -  - 22 26 10 31  1  -  - 15 59 19 13 50  8 27 48 17 35 24 54 56 60 38 41 47  -  - 39 42 53 34 14  - 32  6 20 12  5 30 44  3 29  4 28 33  -  - 57  - 40  7 55 43  2
 59 37  - 47  -  - 30 43 39  -  1  -  - 10 29 20 41  -  8 53  - 51  -  7 14 32  -  4  - 24 42 55 60 35  -  -  - 11 44 22 40  - 21 57 26  5 25 15 54  6  3  - 56 34  - 16  - 46 12  9
 31 45  - 17 32 46  7  - 25 58 44 60 12 53 35 29  -  -  4 11 59 50 42  3  - 51 54  5 40  9 26 13 47 19 38 18 48 52  - 56 15 43  -  2  1 36 14 57 30 34 28 27  8 20 33 49 55 21  - 23
 38 46 34  7 21 41  - 55 12  9 26  5 52  1 19 51  - 45 59 25 32 35 58 23 15  - 20 39 47  - 44 30 54 28 37 50 36 17  8 57 43 33  2  4  - 29  -  -  - 24 16  -  -  - 48 42  - 53 11  -
  1  3 53 32 28  8 14 52  - 54 48 19 30 25 49 22 15 31  - 36 12 56 16  -  -  6  - 18  -  - 29 57 50  - 23  - 13 47 43 51 26 37  4 44 10  -  - 27 45 59  2 58 39 42 24 38 40  - 55 17
  2 11  -  - 39 29 46  -  7 22 34 49 20  -  5 13 25 58 27 44 60 55 54  -  - 36 10 24  6 17  3 45 31  -  -  1 35 23  - 52  -  - 18  8 41  - 42 43 15 53 19  - 38 56 51 50  - 16 26 32
 25 35 52 10  - 37 49  -  - 24 36 16 18  6  -  9 53 22  3 51 14 34 12 59  1 60 48 33 27  - 58  - 39  7  -  - 32  4 57  5 19 50 42  - 47 30  2 54  - 23  8 56 29 45 41 17 38 28  - 40
 12  - 23 59  -  9 17 37 55 18 54 13 44 38  3 25  - 11 35 57 28 45 26 27  - 33 31  - 53 14 60 48  - 32 22  - 47 21 15 46 24 49  5  - 20  - 50 34  8 10  7  -  -  1  -  - 30  4 29 52
  7  -  1  - 42 19 15  - 32  -  6 51 37 39 18 46 31  - 14 52 53 11 24 44  - 35 58 26  4 20 54  - 38  - 12 56 16 50 28  - 34 40 59 21  - 55  9 13 41 45 30 22 60 10  - 47 43  8  2 25
 29 58  -  - 27 44 25 34 16 35 47 46 43 42  8 60 30 24 57  -  - 28 48  2  - 31 17  - 37  -  6 21 56 36 40 11 39 41 13  -  1 55 38 45  -  - 15 12 14 51  - 33 52  - 23  - 59  7 49  5
 48 55 13  5 41 17  -  6  -  4  - 43  7 60 34 33  8 20  - 29 30 57 22 15  - 56  - 10  - 18 53  -  - 38 16 39  - 45 14  3 46 36 11 50 51 28  -  9 35  - 12 49 26 31 25  - 54 27 58  1
  -  - 41 53 19 38  - 30 58 51 40  7 45 28  4 42  -  8  -  - 21  1  - 33 22 13 57 17 25 11  -  - 29 56 20 37 60 59 18 49  - 12 44 36  2 15 39 32 27 16 26 14 35  6 46  - 10 48  5 31
 58 14 51  - 29  4 24 47 50 52 35 10 57  - 27 41 40 46  6  2  7  -  -  - 26  5 12 59  - 38  - 53  3 42  -  - 56 13 36 34 11 30 37  -  - 45 60 25 21  - 32 18 43 19  8  - 16 33 54  -
 42 33 31  -  7 27  4  - 23  5  -  8  - 50 20 24  -  - 28  - 19 39 40 21 49 11 45 54 43 13 37  6  - 59 32 34  9  - 26 38 60  - 29 30 15 22 17  -  - 56 46 57 14 52 53 51 48 35 18 16
 50 13 57 30 14 34 12 33 41 46 59 55 42  8  - 48 43  - 51  5 20 54 15 58  7 25 35 37  - 21 28 18 17  -  9  - 23 40 60  - 45 29 53 56 31  6 36 16 26 22 10  1  -  -  2 39  - 52  3 19
 41  1 40  - 37 43  - 11 38 17  - 15 60  -  -  5 47  9  2 33 35 58 10 29  - 50 30  - 24 49 13 31  - 16 48  - 52 46 53 54 39 22  - 55 32 27  - 28  6 19 42 20 25  4 57  3 23 18  8 34
 60 23  -  6  -  -  3  - 11 53 24 29  - 18 22 10 48  1  7  - 44  8  - 13 38  - 27 14  -  - 45 32 36  2  -  - 28 34 33 25 37  - 55 51  9 39 43 30 46  - 15  4 19 17 58  - 52  - 31 20
 39 60 15 22  - 13 55  -  - 37 30  3  6  7 24  - 33 59  -  - 23 16 18  4 35  -  - 32  5  1 38 12 20 26 45  8  - 19 40 47  9  - 25 28 27 53 41 48 36  - 51 29  -  2 10  - 49 42 44  -
 10 56  - 25 23 33  -  4  - 41 21  - 35  9 55  - 32  3 20 19  - 37  - 16 60 58 29  - 26 59 46 47 13 17 52 38 45 24 11  6 53  1 30 12 54 48 22 18 31 27 14 40 34 39 36  7 50  - 28  -
 18  - 55  - 15 25 41  - 29  -  4 39  3 37 14 21 44 40 31  - 52  2 32  9 20 59  -  7 50  6 17 26 58 13 43 27 22 56 12 45  - 51 10 24 42 60 57  1  5 36 48  - 33  8 47 46 34  - 38  -
 27 43 30 39 47 55 20 21  6 32  2 42 50 22  - 14 60 52  -  7 34  -  4  - 41  1 16 58 54 31 25  - 19 49  5  - 57 26 37  -  3 28 48 15 45 24 23 17  -  - 13  8  - 11 44 12 29  9 46  -
  -  8  - 31 36 16  - 46 34 28 56  6 11  - 43 19 10  2 49 20  - 17 21 26 25  - 53 22 39 58 15  -  -  - 55  4 12  9 23 13 27 41  - 35 24 57 32  -  1  - 40  5 48 47 38  - 18 45 52  3
  4 48 50 46 18  6  -  9 45 11  5 28 34  - 30 56  -  - 54  - 17 24  7 60 36 38 32 43  3 10 52 35 49 53 51 25  - 42 27 37 47 26 23 58 29 19  8 33  - 14 41 15  - 16  - 59  - 40 20 13
 11 50  - 15 13 57 29 20  -  -  -  - 47  2 56 58 52  -  - 35 43 18 38 17  -  - 37  - 44 54 49 24 40 14 46 16 59  1 30 33 36  -  - 41  5  - 48  - 60 26 55 28 12 25  -  8 27 10 34 45
 45  2 29 33 25 48  8 19 24 15  - 44 54 31  7 49 23  5  -  4  - 36 46 40  - 12 50 16 34 32 59  - 35 58 10 42 27 28 20 17 13  - 47 43 55 21 38 14  3  1  - 51 37 53 26 30  -  6  - 57
 46 20 21 13  2 59 39 14  1  7  3  - 28 32 31  -  - 25 37  - 41  -  - 38  9 43 51 44  8 60  - 19  - 34 58 47  4 15 45 18 10 35  - 27 22  - 49 52  -  -  5 12  - 55  - 29 11 30 40 50
  - 47  8 18  9 39 58 54 42 26 38 34 36 23  - 35 46  - 33 12 40 44  3 57  -  7  5 56 31 43 11 29  -  - 15  - 20 22 10 21 41  - 13 32 14 16 19 59 50  -  6 52 28 51  - 24 53 60 30  -
 20  - 14  - 24 21 35  - 46 44 60 17 58  - 12  -  3 39 29 10 45 43 51  - 13 16  -  - 33  5  9 38  4  - 26 59  2 48 54 55  - 56 31 19 52 34 40 49  - 47 36 11 27 23  -  - 42 22  - 30
  -  - 26  - 54  -  - 36  - 56  - 24 17 33 45  6 58 38 42 27  - 29 39 19 52 49 47 23 20  8  - 15 30 12  - 40 41 31 25  - 16 10  7 11 18 13 55 51 43 60  4 59  9 37 34  2 57 14 22 28
 49 44  6 40  - 18  9  - 53  3 25 31 39 24  - 34  4 42 26  - 48 38  - 11 21 22 59  - 13 16  8 54 12 27 14 60 19  - 29 35  - 45 15 52 28 56 30 41 55  2 57 50 36 32 20  - 47 17 33  7
 56  5 16 34 10 32  - 58 57 39  -  - 49 35  -  -  1 60 46  - 36  - 14 25 29 42 15  - 41 53  - 51 22  3 28 20 40  2  - 43  - 19 45  -  - 54 52 44 48  - 47 31 30  9 37 27  - 12 21 11
 16 41 22  1 45 60  - 39 14 25 42  - 53 43  6  - 20 48 15  - 46 26  - 49 47  4  -  - 11 27 19 17 24 57  2  -  -  - 51 58  -  8  3 10 21 35 18 38 40 54 56 37 44 59  -  9 31 36  - 33
 28 54 10  8 60 49 52 29  - 19 17 47 23  - 33 12 14  -  - 37 31 41 50 30  - 26 42 45 21 57 34 39 59 18 36  5 43 55  6 27 48  -  9  -  3 38  - 35  7  - 20 32 13 44 15 11 51 56 25 53
 57  4 58  3 35 26 31  - 56  - 12 48 13  - 10 52 38 29 45  6 51 40 60 28 43 27  - 46  - 50 24 14 18 21 19 15 17 36 55 23 25  7 39 16 44  8  -  5  9 42 53 30 47  -  - 54 22 32  - 49
  8 36  -  - 38 40 37 24 54 34 22 52  9 41 51  3  -  7 11 49 10 14 19 18  - 45  -  1 42 26  -  - 33 50 56  - 44 27  -  -  -  4  - 39  - 12 46 21 23 30 17  6  5 35 59 57 25 47 53 43
 22 26  - 14  5  1  - 41 33 29 52 30 48 59 50 39 13 47  - 54  9  7  -  8 40  - 19 31 56  - 23 27 15 45 49 57 11 37  2  -  4 60 17 42 43 51 16 46  - 32 34  3 18 24 28  - 21 20 36  -
  5 42 54 27 33 36  1 53 35  - 32 18 46 19 21 23  2 51 30  -  - 10  - 47 12  - 11  3 14 39 20 49 28 37  7  - 26 57 38 16  - 31 24  6  - 40 56 55 25  8 59  9  4 50 17 22 41 44  - 60
  - 39 12  - 34 52 13  - 51  - 23 20 25 27 11 43  6  -  - 42 54 53 55  - 16 47  -  - 46  3 41 56  9 33  4 32  - 60 59 28  - 44 22 38  - 17 37 26 58 40 29 45 15 36  - 21 35 49 48  -
 54 30  - 48  -  -  - 50 49 43 13 53 22  -  - 17 51 56  -  - 11 27 57 46  2  3 33 12  1 37 32  7 16  9 41 10  -  - 42  - 52 58 20 25 59 23 26  - 34 29 21 60 31  -  5  4  - 15 19  -
  6 38 32  - 50  - 48  - 47  -  - 56 33 15  -  2 57 43 39 26  - 52  -  - 23  - 13  - 59 40  4  9  7 25  3 31  -  8 22 41 44  - 16 29 46 20  1 42 18 21 60 35 54  - 11 34 45  - 27 36
 33 24 18 26 58 14 10 17  - 36 20 41  - 40 28 57 29 21 60  - 22  - 56  - 45 15 43 52  - 55 27 44  8  - 34 46 54 53  5 19  - 59  -  3 16  - 31 37 12 35 23  2  - 48 13  - 39 51  - 47
 47 53  - 45 56  - 40 32 20  -  9 23 10 54 52  1 59  -  5 16 26  6  8 36  -  -  2  -  - 48 50 33 57 44 31 13  3  - 17  7 29  - 28 34  4 42 21 24 22 58 11 41  - 46 43 15 12 38 39 18
 13 25 27 41 52  5 21 42 10  - 57 12  -  -  - 18 28 33 44 58 55  - 30 14 50  9 23  8 22  2 43  1 45 29 17 24 49 51 39 48 38 16 54 20 35  - 53 31 37 46  - 47  - 60 19 32 15 59  6 56
 23 15 49 12 22  7 50 27  - 42 14 36 29 30  - 32 21 57  -  - 25 19 44 56 28  -  6 13 48 45  1 40 55 43 60  3 10 18 31  2 17 46  8 53 38 11 34 58 59  5  9 26 16 41  - 37 20 24 47 39
 35 19  4  9  3 15 45  - 37 21 39  - 51 29 53  -  -  - 38 40 49 22 41 52 54 30 55 57 32 44  7 16  2  - 33  -  -  - 47 20 59 34 43 14 48 31 28  - 17 12  1 42 23 26 18 56 24 11 10  6
 51  9  - 16  - 28 60  -  4 14 58 27 19 55 59 38 36 50 53 41  -  - 23 12 17  2 22 25 45  - 56 46 48 15  1 30  5 32 52  8 18 47 34 40  6  7 29 11 10 13 49  -  -  -  - 31 37 54 42 26
 24 34 28 57 20 31 47 48  - 49 33 11 41  - 17 27  - 26 52 23 58 46 53 22  - 14  1  - 19 29 55  2 21  - 13  -  6 43 32 59 54  9  - 37 40 18 45  4  - 50 25 10 42 38 35 36 56  3  7  -
 15 12  3  -  8  - 51  - 48 30  -  2  - 26 47 28 39 27  -  9 37 21 20 42 10 34  - 49 35 56 31 36  - 23 59 19 25 29 16 53 58 18  1  7 17 32  4 50 57 55 38 13 40 54 45 41  6 43  - 44
 30 52 43  - 53 10 59 49  - 60  7 35  8 46 13 26 22 17 47 39  4 25 37 34 19 23  - 11 28 36  -  - 51 55 50 58  1 54 24 29 12 21  -  - 33  3  5  2  -  9  -  -  -  - 42 20 14 57 16 15
