2880
  - 23  - 13 49 27 32  6  - 31 56  8  -  3 14  7 11 10 59  - 58 47 41 12 33  -  - 35 51 19  - 25 39 54 45  - 17 22  9  4  - 46  -  - 16 57 48 29 30  1  - 34 60 50 52 21 24 18 20  -
 29 59 38 11  -  - 31 34 24 39 16  -  4  6  - 58 10 44 17  2 48 51 28 21 57  - 43 37 54 26 23  - 55 47 18 12  3 35 20 15 41 25 56  5 22 45 36 60 50 42  - 32  - 40  - 30 33  -  7 53
  7  6 45 33 15 17 39 26  - 28  9 53 35 55  - 23 18 24 56 54  2 10  - 34 38 41  - 40  - 20 21 51 30  - 46  8 19 31 27 11 36  3 29 16  - 58  1  - 57  5 59 25  - 49 44 22 48 13 42 12
 27  - 21  - 57 23 42 36 33 22 25 56 17  - 26 32  -  - 44  - 12 48 15 52  3 43 40 50 47  - 29 20 37 51 30 35 34 38 31 53 13  -  6 45 58 10  -  1 39 18 14  9 41  8 49 24 60  -  - 11
 59 22 55 34  - 15 53 60  - 32  -  3 40 30 19  4 43  2 24 23 52 17 50 18  7  - 54 26  9 28  - 29 42  - 13  -  - 36 49 16 25 31 10 14 48  - 41 27 11 35  5 58 33  6 47 38 45 20 12 21
 21 53  1  - 38 46 20  - 43  -  3 55 30 56  - 10 47 49 39  - 51 27  - 54 60  5 34 31 58  9 45  - 57  - 59 15 11  -  6 12  7  2  - 37 24 44  - 28 18 17 26  -  - 32 48 52 13 23 14 42
 58  1 44 60 22 12 52 14 49 13 24  2 41  - 55 20  - 27 47  - 42 46 54  - 36  - 33 34  6 23  - 16 53 28 32  3 10  - 56 45  - 30 19 11 18 21  5  - 43  -  - 15 37 51 40 59 29 48 39 26
 15  -  4 36  -  -  -  - 29  -  - 51 33 57 50  5  - 48 38 13 11 26  -  -  - 25 42  - 31  1  -  - 32  -  9 21 52  7  - 24 60 58 28 10 23 40 16 54 22  8 34 49 47  - 19  - 17  -  2  -
 20 51 12 58  - 45 19  -  - 55  7 57 44  9 22  -  -  - 40 21  3  - 27 13  - 46 38 53 25 14 15  - 47 49 11  - 31 28  - 29  - 10 33 60 54 18 30  5 36 23  8  -  - 42 24 43  1 26 35 48
  - 37  - 31 39 54 41 46  4 48 26 24 18 51  2 11 36  -  - 33 16 15 21  7 50 13  -  -  - 57 14 35 10 53  6 44  - 34 19 47 17  - 49 22 29 25  8 58 45 38 20 60 52 59 28 12 30  3 43 23
  -  - 29  - 14 59 13 47 27 52 32 28  - 10  - 50 21 51 55 17  - 44  2  -  -  - 31 30 20 38 39  1 56  8  -  - 54 57 24  7  - 37 12 18  - 35 45 36 25  3 42 33  - 58 11  -  4 16 40 49
  -  -  8 29 42  - 21 57 45 25 20 54 32 24 10  - 35 15 60 19  7  5 55  -  9 50 12  3 49 52 26  2 23 38 56 33 16 37 41  -  - 18  - 53  -  4 43  - 44  -  6 11 14  - 39  - 59 51  - 22
 16 17 56 46  - 30 45 29 14  1  -  5 48 54 43 39 25 38 15 42 60  2 19  - 10  6 49  -  7 35 13 12 33 34 50 18  9 23 53  - 40 20 59 47 44 51 58 41 21 37  4 52 32 31 55 26  3 22  - 28
  - 26 18 51  - 49 54 38  - 42 30 41 11  - 12  1  3 59 46 57 50  4  - 23 20 47  - 45 32 22  - 44 19 35 40 17 43  -  - 28 53  - 55  - 52 24 37  2  6 36 39 48 34  5  8  - 31 58 56 33
 54  8 28  -  3 47 33 51 46  - 48 26 23 35 44 56  -  6  4  - 55  -  - 17 29 32 57  - 22 45  - 24  9 58  -  7 37 43 40  - 49 38 27 13 60 12 52 50 15 30  1 41 21 11  -  - 16  - 59 25
  - 39 11  9  1 16  - 35 50  - 43 23 15 12  - 60  -  - 13  6 27 57 47  -  - 54 24 44  - 25 42 58  4  2 20 10 28 55 52  - 38 29 14  - 46 48  -  -  -  7 32 45 30 34 56 53  -  - 33  5
  5 33  - 43  -  2 17  - 51  4 46  - 21 14  3  8 34 58 10  7 26 35  9 22 12 45  6 38 53 60 40 31  -  - 25 48 36 19 28 23  - 13 20  - 59 55 15 57 52  - 41 27 42 39 30 50 44 32 54 29
 32 29  -  - 21 57 47  8 59 45 42 19 51  4 27 16 23 12 54 15  1 25 26  - 48  - 56 41 46  -  - 52  2 55 33 53 58  6  5  9  - 24 18 30 13  3  - 14 17  -  7 37 35 44 36 49 22 34 60 39
 28  - 47 54 59  3 29 41  7 33  - 58 31  8 56 36 53 34 12  - 19  -  4 55 30 42 52 13 16  -  - 50 20 48  2 39 35  5 51  - 32 40 43  -  6  - 44  - 26 27 15  - 18 14 37  -  9 60 45 46
  6 56 32 48 51 26 55  - 20 59 50 39  8  - 23 44 42  - 11  5  - 29  -  - 47 33  - 12 35  - 27 21 38 24  1  - 40 16  - 60  - 15 57  -  - 13  -  - 10  4 37  2 22 30 31  - 28 19 17 54
 43  - 19 10 58  -  -  - 11 57  6 27 13 16 36 46 54 55 35 47 45 39 20  - 59 51  -  - 37 18  9 53  -  -  -  - 14  -  -  -  8 33  - 15  3 41 25 34 24  - 38  - 26  - 29  - 23 56  -  -
 31 60 27 47 33 41  - 11 17 30 38  - 56 36  9 34 22 20 26  4 23  - 18 39 51  - 35  -  8 32  - 15 46 29 10 25 12 49  - 13 21  5  -  - 43 37 14  6 58 16 44 28  -  -  - 54 53 40 55 50
  -  9  - 19 40 50  4 32 13 27 10 11 46 25 39 37 31 22 20 26 30  7 58 45  - 44 47 52 55  -  8 38  -  -  - 49  -  2  - 41 29 17 34 59  1  - 12  -  -  - 16 24 53 48 14 15 21 54  -  -
 14  - 24 44 48  6 59 13 58  3 27  - 34 38  -  9  1 29  7 51 49  - 43 31 32  -  - 55 30  - 33 10 17 12 21  - 22  - 18 19 46  8 37 50 47  -  2 39 35 20 23 53 56  - 26  - 52 57  4 41
 56 44  5  -  7 21  - 55  - 38 53  6 37  -  - 35  -  -  -  9 32 36  1  3 34 40 11  2  4 48 18 19  - 30 24  -  -  -  - 33 54 12 17 26 39 50 27 25  - 57 45 43 20 28 22 58  - 14 47  -
  - 58 60 17 45  - 26 43  3  - 55 32 16  - 49 29 52  - 22 46  - 54  -  - 25 34  1 33 10  2  7 39 31  - 48 27 51 56 42  6  5 21  - 28 53  9 35 19 13 47  - 50 59  -  - 23 41  -  8 30
 26 13  9  7 29 58 11  -  -  - 31 59 19 42 52 53 17 37  -  - 40  - 56 60  5 35 44 39  3 30 50 41 34  -  8 23 20 10  -  -  -  4 45 27  2 22 49 38 12 46  -  - 16 24 21  - 15  1 18 55
 51 34 33 24  6 48  7  -  - 36 59 44 45 37 58 14 40 52  9 16 10 20 42  - 26 28 53 18 17 54 38 23 11 60 49 32 57  -  - 25  - 41 39  8  5 56 47 43 46 55  - 21  2 12  - 29 35 30  -  1
 35  - 52 49 23 40  - 54 60 26  - 14  9  - 30 48  -  -  -  -  5  6  8 28 11  - 18 17  - 42 24 47 22 39 29  4 21 33 25 37 19  -  1 20 41 15  7 53 32 31 10 16 57  3 38 36 51 45 34 44
  -  3 16 50 52  5  - 21 37 60 11 29 53  - 51 22 45 47 25 58 43 49 14  6 54 56 30 10  2  - 32  -  7 15  4 31  -  - 26  8  9 34 48 46 57 23 28 12  1  - 40 44  - 33 17 55 19 24 38 20
  - 41 37  6 35  - 57 27  8 19 12  - 47 39 13  - 20 36  -  - 18  - 40 43 49 52 46 60 48 34 11  4 14 59 54  - 42 45 21 30  - 56 25  1  9  - 55 22 31 24 50 38 23 29 32  - 58 44  5  7
 11 10 48 20 55 34  5  3  9 44  - 40 58 45 57 52  - 42 18 12 25 14 49 37 43 60 39 24 13  7 17 56  6  - 31 47  - 15 30 21 26 51  2  - 19  1 32  - 54 29 33 22 36 46 23  - 50 59 16  -
  3 43 41 53  -  - 36 18 39  - 44  1 25 11 31 33 48  8 52 30 29 13  - 32 42  7 21  5 24  - 35  - 16  -  - 55 50  - 10 34 23  - 60 49 27 38  4  9 47 28 46 20 40 37 58 56 12  - 26  2
  9 40 20 57 46 10  - 28 23 43  - 21 24  - 34 47  2  -  - 35 39 50  -  - 17 49  -  - 14 33 51 36 13 11 60  - 56  - 12  3  - 55 52  - 30 32 26  -  - 22  -  -  7  -  - 44 37  - 25  8
 37  4 46 40 25 36 58  5 21  9  1 49 43 50 20 42 57 26  - 39  - 12  -  2 56 55 28 48 27  - 59  - 15  3 17 14 23  - 13 52 45  6  7  -  - 34 24 18 41 60 35  - 19 54 51 32 11  - 10 47
  - 35  6  2 36 22 56 33  -  5 52 34 12 41  1  3  - 53 45 14 21 32 60 25 37 20 13 49 57 47 30 54 48 10 44 40 24 27 23 39 11  7 42  -  8 16 29  -  4 19 17 46 43  9  - 18  - 50 28 38
 12 38 49 35 56 20  - 23  - 50 57 36  -  1  7 54 58 33  - 34 47 16 53 19 22  - 48 11 26 55 44  8 29 31  - 59  - 25  4 17  - 32 51 40  - 42 18  -  5 21  -  - 24 27 13 10 14 46  9 43
 57  -  - 14 28 39  - 53  - 20 13 37 42 44  -  - 49 35 50 22  6 58 29 47  - 10 16 15 45 31  -  7 25  9 52 43 30 26  -  - 59 27 21 55  - 60 11 17  8  2 18  - 38  4 12 19 56  - 46 24
 25  - 59  - 11  4 50  2 57 53 33 30  3  - 40  - 60 28  8 32 37 19 34 16 46 38 10  9 41  5 49  -  1 22 42  - 45 13 58 31 18 14 24 43 36  - 20 55 23 52 21 26 44  -  6  - 54 47 51 17
 36  5  -  3 12 13  - 16 42 10  8  -  - 21 47 25 38 60 28 44 20 52 24 56  - 26 22  1 29 49  6  - 50 32 27  9 59 18 15 46  -  - 40 39  -  - 57  4  - 51 30 17 54  2  - 31  - 11 23 37
 24 49 10 59 26 44 37  - 47 23 60 45  -  - 28 31 16 18 41 20 38 53 11  9  6  -  2 42 39 51 25 30 35 56  5 29  4 52 54 36 58 50  -  - 17 33 46 32 14 12 13  7 27 22 57  - 34 15 48 19
 47  2 50 18  -  - 22  - 30 41  - 12  6 26 16 40  9 45  - 52 57 11 33 15 58 14 32 51 56 37 48 55 49  -  -  1 60  -  - 59 28  -  -  -  -  - 42 31  7 54 53 35 10  - 27 34 46  - 29  -
  - 47  7  - 34 24 23 12 22  2 45  4  - 17  - 21  - 50 42  3 14  -  -  - 13  - 36  6 60  -  - 28 40 46 19 51 53 58  8 56  - 11 44  - 25  5 38 37 16 15 55 30 29 41 20 33 32 10 49 57
  - 52 57  1 60 51  - 37 25 34 18 22 36 31 24 15 19 21 14 10 17 41 44 26 55 59  - 47 28 29  - 40 27 42  7 30  8 46 35 48 43 16 58  6  4  2 13 49  3 45 12 54  5 56  - 39 38 33 53  9
 18 36 26 41 16 43 25  - 12 15 51 33 59  2 42 49  - 23 34  - 56 31  -  - 45 30  - 20  - 46  -  - 52  -  3  -  -  4 55  - 10  1  -  7 32 27 60 40 29 50 19 14 39 38  5 48  - 53 57 35
 52 19 17 42 24  -  -  -  - 11  2 18 39 46 54 30 51 31 21 37 33  -  - 50 27  1 60 59  5  8  4 13  - 41 53 38  -  - 14 32 48 23 35  - 40  -  9 47  - 44 29 12 58 20 15 16 36  -  6 10
 49 42 30  - 31 19  - 59 52 12  4  - 10  -  -  - 13  -  - 38 15 23 48 57 24 16  3  - 40 50  - 45 60  5 26 58 25 17  - 35  - 53 32 34 28 29 21 51  9 33 22 18  - 47 43  8 55 39 37  6
 46 15  -  5  9 37 49 56 36 18 58 43 50 34 25 19 32  1 23 48 28 45 12 35  - 39 26  8  - 41 10 57 51 13 38 11  - 40 29 27 33 42 22  - 31  -  -  - 55  -  2  4  3 16 53  6  - 52 24 60
  8 45 51 32 17  - 10 40 53  - 47  9 38 13 59  - 14  7 33 56 22 30 35 58  2  - 37 19 44  - 60  5 26 25 12 54 41 24 57 42 31 28 11 29 50 39  6  - 20 49 52 23  - 36  4  3 27 55  - 15
  1 27 22 56 13 31 16 58  - 46  5 25 28 47 21 24  -  - 29 18 34  - 52 38 14  4  8 54 15  - 41 42 36 33 55 20 26 48 45 49  - 59 50  9 35 43 23 30 53 32  3 19  6 17  2 51 57 37 44 40
 39 50  3 15  4 35 28 52 55  - 34 17 54 27 29 18  -  - 43  -  8 37 23 42 19  - 59 32 12  - 47 49  5  - 58 16  6 20 48 40  -  9 53 36 56  - 22  - 51 13 11  - 31 60 10  7 25 21  1 45
 48 25 42 45 50 11  -  - 56  7 19 46 14  - 33 55 37 13 51  - 41 22  5  4 52  - 23 21 34 44 12  9 28  - 16  - 38 32  -  2 20 54 26 17 49  6 40 24  - 58 36 39  1 10  3  -  8 27 15 31
 40 14 31 55 54 60  3 10 35 37 22 52  -  -  4 13 50 41 27  -  - 34 57 33 28 36  - 58 18  -  - 11 44 23 47  2  1  - 16  - 12 19  8  - 51 20  -  7  - 39 49 56 48 43 42  -  6  - 21 59
  -  - 58 38 41  8 44 25 48 24 28 16 49  - 35 27 33 46 37 55 31  -  7 11  4 23 50 36  - 39  - 34 18 45 22 52 29  9 60 20  - 57  - 19  -  - 56 59 40 26 51  6 15  - 54  2  - 12 30  -
 42 20 43  - 47 53  2  7 18 51 23 35  - 49 37 59  - 11 32  -  -  8  - 29 31 17 27 16  - 36  -  6 41  4 34 45  5  - 22 58  - 44  - 12 14  - 39  - 33  - 54 40  - 15  - 28 10  - 19 52
 38 57 54  -  5 32 30 50  6  -  - 15  1 40 18 45  -  - 49 11 44  - 51 27 21 29 19 43 33 10 37 60 58 17 23  - 46  - 34 26 22 35 36  4 20 31 53 42  2 59 48  - 13 52 16  - 39 25 41  -
 53  -  - 12 30  -  - 19 40 17  - 48 26 58 11 51 28 25 31 29 35 55 39  5 44  -  -  -  -  - 22 37  3 20 57 13 49 21 43 18 52 36 47 41  7 54 10 33 59  -  - 42 45  - 60  9  -  - 32  4
 23 48  - 39  - 56 34  -  2  8 15  - 55 19  -  -  -  9 30 41  4 38 36  - 53 57  5 46 52 16 28 27  -  - 14  -  -  - 11 43  - 45 54 31  -  7  3 44 60 10 58 59 49 26 25 20 40 17 13 18
 17 54 23 52 43  7  8 20  1 49 21 10 22 29 60  2  6 56  - 28 53 24 30 48 18  - 15 27 36  4 34 14 59 50 41  - 55 12 33  5 39 47  9 38 11 46 51 26 37 40  -  -  - 13 35  -  - 31  3 16
 45 16 15  - 37 33 48 44  -  6 49 50  2 53  5 43  - 32  3 27 13  9 25 20 35  - 29 14 19  - 55 22 12  1 51 34  - 59  -  -  - 39  - 52 38 30 54 46 42 56 28 36 17 18  7 11 47 41 31  -
