2880
 54 53  - 20  - 28 40  4 27 15  - 44  - 48 12  - 22 23 31  - 42  -  2 51 57 11 21  - 29 39 55 50  - 30 16 26 41 59  9  - 60  1  - 19 13  3  6 17 35  -  - 56  - 37  7 33 49 52 14 47
  - 32  -  8 12 18 23 42 43 58 50  3 29 60 17  - 40  -  -  5 51 53 55 16 26 38  -  6 31 46 21 36  -  4  - 35 24 11  - 47 59 57 33 10 49 15 27  -  - 44  2  1 19 52  - 20 39 37 28 25
  7  6 60 45 20 46  8 54 50  -  - 17 59 27 19  - 53  - 43  - 38 49  - 56  - 24 16 28  - 32 33 25 14 31  2  - 39 34  - 44 10  5 15 41 51 47 40 13 57  9 23 52 55  - 12 36 58 18 26  1
 37 43 27 53  - 38 34 41 60 26  - 22 21  4 59  6  1 48 15 25 40  7 11 29 33  9  - 10 30 19 35  - 18 28  - 20  - 17 45  - 36 39 13  2  -  - 47  8 55 23 58 14  - 51 54  3  - 50 42 32
 26 10 39  - 25 14  - 22 55 31 30 54  2  - 34  - 56 59 45  - 47 13 16 23  - 46 32  4  - 58  - 48  - 40 52 11 60  3 44 18  - 51 36  8 37 38 50 24  9  - 49 33  -  - 28 12  -  - 17  -
 24 12  - 52 30  6 11 13 26 38 51 20 17  -  9  7  - 33 42 53 54 43 39 57  - 56 15  - 18 40 14  4 48  - 28  - 22  - 36 49  8 27 35  5 25  2 41 23 46 32 34 58 31 60 45 55  - 44 16  -
 41  7 56 49 19 13 55 10  3 22 44  - 20 59  - 43 23 52 28 37  9 21 57 60 14 17 25  - 40  -  - 12 15 46  6  -  4 38 35 36 47  -  - 11 54  -  5 30 32 27 50  - 58  1 16 18  -  - 31 33
 27 21  4  7 10 53 60 33 12 55 59 34 31 52 32 26  - 44 30 17  - 25  6 49 50  - 45 16 51 23 47 46 43 38 14  -  - 29  1 35 56  - 20  -  2  -  9 58  3 15  - 37  -  - 19  - 57 48  8  -
 53  5 54 24 41  - 28 40 10 29  4 59 58 57 25 56  -  2  - 16 21 20 43 52  1  7 44  3 46 15 34 45 13  - 11  8 38 12  - 33  - 50 30 17 35 39 22 26 23 49  - 36 60 32 31  - 27 51 48 14
 29 11 32 47  2 17  - 60 34 56 22 16  8 23  5 24  - 42 54 18  1 55 37 20 39  3  - 41 36 51  -  - 59  -  - 46  - 26  -  -  - 40  - 27 12 53 38  -  7 33 19 25 10 45  9  -  -  - 35 57
 35  - 45 40  4 56  9  7 24 19 18  - 34 41 50 27 11 46  -  - 15  -  3  1  - 52 13  8  5 25 60 54  - 14 48 39 26 42  6 53 30 16  2 20 47  - 10  - 21 22  - 49 29  - 57 17 32 23 51 36
  - 45 35  - 44  - 37 47 19 53  - 55  -  -  - 11 25 36 57  2 60 28  - 48 34  5 14  - 59 52 12 27 49 50  - 58  -  - 56 42  9  8 10  - 46  - 32  3  - 17 54 39 33  -  - 43  6 22 23  7
 28 39 10 42 11  5 33 58 18  - 12  - 53 32 21  -  8  -  4 40  2 23 15 55 60  1  - 20 49  - 29 26  -  - 35  - 31 19 25  7 45  3 48 22 43 50 30 14 17 47  - 51 46  9 36  - 38 54 13 56
 10  3  - 57  - 35 21 30 40 60  5 53 15  -  -  - 14 56  1 39 34 58 38 12 17 13  2  -  - 41  -  - 29 47  - 44 51 18 42 24  - 26 25  - 45 52  - 28 16 59 36  - 32 23 33  8  4 27 54 11
 33 15 14  - 29  - 46  - 32 36  -  - 47 19  1 41 45 49 21 10 27 37 28  5  7 54 53 50 16  8 48 40  -  - 57  2  3  9 12 31 44 22 51  - 39 59 58 38 34  6 52 11  -  - 26 23 13 42  4 20
 50 60 36  - 38 19 10 20 15  1  -  - 49  5 42  8  4 30 25  - 12 39 32 11 56 31  - 13 22 29 26 41 46 45  - 52 27  - 40 58 34 47  6 48  -  7 59  2 54  - 35 44 28 16 53 21 43 24 57 37
 48 17 50  1 59  8 15 26 41 25  - 27 13 30 14  - 12 53  7  6 10  - 40  - 11 58 52 55 32 16 57 35 44 37 34 29  - 56 54 21 42 60 23  - 22  -  -  - 20 43 24 45 39  - 18 51 19 49 36  4
  - 41 58  - 47 32 53  - 46  -  7 45 43 16 18 29  9 55 13 35 33  1 20  - 10 39  8 54 23 44 56 49 37  - 27  - 15  - 30  -  6 14 50  - 26  - 42  - 28  4 17 24  5 36 60 31 59  - 21 48
 36  - 44 30  - 29 24 59 57 39  - 41 54  2 55 50 18  -  -  4 25 51 10  9 45 28 58 38 52 26  8 15  7 34  - 49 53  - 31 46 13  - 37 42  1  - 33 22 47 16 43 32 56  5 27 48 17 35  - 21
  -  -  2 14 22 59  1  3 35  - 56 26  - 37 10 19  -  7 50 52 55 42 25 33  8 48 20  - 45  4 11 30 12 21  9 60  -  - 27  - 17 23 53  - 34 54 15 57  6  5 29 28  -  - 13 44 16 47 58 43
 11 28 46 36 21 30 51 39  - 32 43 37 12 42 35  -  2 58 22  1  - 48 44 47 23 18  - 29 27  3  - 31  - 54 19 24 20  7 50  - 15 33 52 16  -  6 57 41  - 56 25 55  -  -  4 34 40  9 49 45
 39 49  6 33 35  - 12  - 38  2 58 56  - 28 40 53 60 37 14 51  5 30  9  - 59 23  - 18 47 43 22 42 50 16  - 17 36 10  - 25  -  -  - 34  - 46  4 45  8  -  1  3  7  - 55 29 54  - 41 24
 38  - 59  - 28 52 30 50 16  - 33 31  - 45 37 40 36 35 34 60 11 18 29  - 15 22  - 47 42  -  6 56 26 32  3 54 44  - 58 27 41 20 39 24 57 43 23 10  4 13  -  2  9 53  - 46 48  7 25 55
 34 20 23 60 53 44 36 19  4 10 11  2 38  - 26 46 52 39 27  - 30  - 17 15 48 35 31  5 37 57  - 13  - 22  8 12  - 43 41 59 16 54 29 51 14  9  - 55  - 28 45  - 18 47 40 42 24 33 50 58
 59 29 55 38 45 23 20 53 36  8 54 19  - 24  3  -  -  - 16 15 31 40 34  7 41 50 37 33  - 12  - 14 10 25  1 21 32 27  -  - 57  6 60 30 44  5  - 48 52 58  9 42  2 17 49  - 18  -  - 22
  - 40 31 25 43 33  4 38  - 50  -  8 60 13 23  -  - 11 12  - 20 27 48 39  -  -  - 26  2 37  - 17  1  -  -  -  5  -  - 16  - 35  -  9 32 58 49 47 51 21 42  - 52  3 15 28 55  - 59 46
 52  - 26 50 27 51 29 23 48  9 25 46 19 38  -  - 35  8  - 31 16  3  4 58 21 14  - 30 60  -  -  - 42 39 43 56 54 32 59  - 53  -  1  -  5  - 24  - 22 11 44 57 34 13  - 49 37 10 18 41
  5 47  3 39 46 20 18 55 51  -  1  - 56 31 11 58 32  -  - 24 19 54 52 38 29  8  - 43  - 28 27  9 57  - 50  7 14 37 17 60 23 48  - 13 42 40 25  - 36  - 15 26 22  - 35  -  - 34 45 12
  4  -  - 35 16  -  -  8 45  3 60  -  - 56 43 17  6 50 29 22 46 19 21 37 13 41 28  - 10  - 30  - 27 49 51 48 58  -  -  -  - 24  - 23  - 36 12 54 11  -  - 20 53 18 52 40  5 15 32 44
 13 14  -  2  -  -  -  5  6 46  3 12 40 15 45 21 59  4 35 19  - 33 22  - 43 44 17 49  -  - 36 28  8 10  - 55  -  1 29 41 52 37 26  - 48  - 53 20 25 39  -  -  - 42 23  9  7 38 47 51
 55 52 49 10 24 57  -  -  7 23 48  6 26 18  - 54  - 16 47 14 35 17  -  - 36 53 12 51 58 59 44 21 31  3 39 37 19  - 13 43 11 42 22 46  - 34 29 33 45 60 27 50 38 15 25  1  -  2  - 28
 51 35  9  4 33 58 42 44 47 16 36 48 11 34 38 12  - 21 23 13 56 14 18 54  - 15 30  - 43 55 28  - 39  5  - 19  7 45  -  - 32 25 40 57 41 26  1 27  -  2 53  6 37 10 59 22 31  - 24 49
  8 51 18 23 40 34 17 24  - 44  9 42  - 35 57 32 26  -  - 11 48 56 49 25 22 27  4 39 14 38 46  - 20  6 54  -  - 15 55 19  3 13 12 28  - 37  2 21 59 31 47 43 45 33 30 50 53 41  - 29
 57 56  -  - 14 48  5 49  - 28  8  9 33 36 39  - 37 22  3  - 24 45 60  -  -  - 23 11 20 18 31 47  - 35 46 27 29 41 32 30 19  7  -  6 21  - 51 34 58 50 26  - 42  2 17  - 10 13 12 53
  -  4 33 11  7 40 22  9 21 17  -  5 42 58  -  - 49 18 48 41 57  6 50 43 55 59 36 25 12 10 45  - 53 51 38 47 23 52 60  2 24 29 46  - 28 14 54 37 31 30 39  8  - 35 34 26 20 16  -  -
 18 50 24  - 39 55 41 48 20 49 45  - 23 29  4 25 46  - 37  -  - 16 59 27  - 21  - 56  7 31 43  - 32  9 36 38 17 53  - 10 12  2 19 60 52 51 13  1 33 40 57 22 11 54 14 58 34  - 15  5
  - 59  5 21  - 49 57  - 25 48 10 51  - 43  7  - 58  - 19  - 18 46 13  - 44 12 54 22 17 14  4 52 30 15  - 31  2 55 26  6  1 38  8 39 53  - 36 42 50  -  - 40 16 29  -  -  9 28 27  -
  - 48 17 56 51 36 13 29 44 57 14  7  5 55  - 22 42 45 33 58 39  4 26  - 27 47 38 32  6 20 40 24 25 12 59 34  - 28 37  -  -  - 49 35 19 10 16 11 30  3 18 21 23  -  -  -  2 43  9 52
  3 27 38 26 23 24 31 17  - 45 37 25 46  7  2  - 20  - 58 30 49 29  -  - 35 43 41  - 13 33 18  8 19 52  5  - 28  - 57  9  -  - 21 36 55 60 14 15 42  1 40 34  4 56 47  - 11 32 53  6
  2 30 37 16 13 43 19 36  9 12 35 24 57 17 29 59 31 38  6  3  7 10 45 34 58  -  - 23  - 48  - 33 52 20 32 41 56  5  4  - 18 11 27 15  -  1  8 50 44 55 46  - 21 14 39 54 22  - 60  -
 49 24  -  -  8  - 26 45  - 40 27 47 44 53 15  4 39 51  -  7 23 11 12  6  -  2 55 35  - 50 25 20  5  -  -  -  -  - 16 14 46 10 42 52 60  - 18 31 38 54 48  -  - 59  3 57 28 30 29 13
  - 31 21  - 49  - 27 14 37 13 16 57  6 54 33  9  7 24  - 42  -  -  1 53 51 55 40 48  - 47 23  - 60  - 22 59 18  8  - 39  - 17 43 50 10  - 46 56 15 35  - 41  3 38 58 52 12  4 30 19
 60 26 12 13  -  - 39 34 28  5 57 29  3  8 56 31  - 54  - 33  6 50 47 42 18 32 49 17 21  1 10 59 16  2  -  - 40 20 15 51 48 44  -  - 27 55 45 35 19 41 38 46 25  -  - 24 23 53 43 30
 12 37 13 41  - 45 48 28  - 34 53  1 55  -  - 42  -  - 32 21 29  5 31 19  -  - 46 57 11 36  -  - 47 24 26 40 59 58 20 22 33 52  3 56  - 17 60 18 49 51 14 38 30  -  - 27 15  - 44  2
  - 23 25  9 15 60 35 46 59 30 39 10  1  - 28 52 24 19 53  - 32  -  5 22 47 16 18 58  -  7 51 34 41 56 49 57 48  -  - 20  4 43 38 40 29 33  3  6 26 37 13 12  -  8 11 14 50 31 55 42
 43 38 53  - 48  4 45 32 11 59 52 21 50  - 60  -  - 47  8  - 13 15  -  -  -  - 26 19  -  - 41 10 36 42 18  - 55 44 23 40 51  -  9 33  - 22 37 16 56  -  6  7 35  - 29  2  3  5 46 39
 23 57 11 59  6 50 14  2 53 33 34  - 35 46 58 49 19 41  5 45 28 52  - 26 38 20 10 27  - 56  7 32 40  - 21 42 25  4  8  - 55 30 17 37  - 13 31 39 43 48 16 47 24 22 44 15  - 36  1 18
 46  - 47  - 54 11 32 52 29  6 28 58 14 22  - 35  - 12 60 36  - 34 56 59  4 49  - 15 39  5 38 43 55 17 30  -  8 31  2  3  - 19 44 26  9 25  -  7  -  - 41 53 50  -  1  - 21 40  -  -
 44  8 42 37 31 39  7 51 17 41 40 11 52 47 24  2 15  - 38 57  4  - 14  -  - 10 27  9  -  6 49 55  3 60 25 18 45 54 53 28 26 21  5  1 33 35 19 12 48 46 59 23 13  - 43  - 29 20 34 50
  1 46  8 31 50 15  3 37 22 43 26  -  -  -  - 44  - 32  -  - 41 60  7  - 49 57 42 14 56 27 52 11  - 29 13  6  - 47 34 48  -  9  - 58 40 23 20  - 39  - 12 10 36  4 51 45 33 59  5  -
  - 42 28 15 37 41 43  - 31 18 32  -  - 12  -  - 21  9 36  - 50 59 19 30 46  - 33 44  4  - 13  6 11 48  -  - 16 60 14  - 40 55  - 29 24 20  7  - 53 10 56 54 49  -  2 38 35  1 52 26
 32 22  1 46 17 54 47  6  2 35  - 28  - 49 27 45 48 31 18  - 14  - 24 40 12 26  - 37 50  9  - 38 58 59  4 43 33 57  3 13  - 53 55 25 20 42 52 51 10 19  -  5 15  7 21 41 36  8 39 34
 31 19  - 34 60  3 54 27 14 47  2 23 37 21  -  1  - 17 10  9 36 12 58 13 32 42 35 53 57 11  - 39 28 41  - 22 50 24 51  - 38  - 18 59  8  - 26 44 29 52  4 30 43 48  6  - 56 46 40 16
  9 25  - 28 36 22  6 56 42 21 19  -  -  1 13 60 27 15 46 34  8 32 41  - 52 51 57 40  - 45 54 37 23 58 33  - 49 35  - 17 14 12 24  -  - 30 39  -  2 53 10 16  - 43 50 59 26  3  7 31
 58 18 30 12 34  - 16 15 39  7  - 36 41  6 20  - 10 29  9 50 17 38 33 45 31 25 22  - 24 13  1  2 54  - 23  5 52  - 28 57 43  4  - 55 56 49  - 60 40  - 51 19 44 21 48 53 14 11  3 27
 14  2  - 51 55  - 49 25 52 54 29 50 30 10 47 16 17 20 59 48 37 57 36 41  3  6  - 60 33 42 15  -  4  8 40 32 21 23  - 38 39  - 45 31  - 56 35 53  1  - 22  - 26 24 46  - 44 12  -  -
 20 54 48  5 18  - 52 35 56 37 41 39 36 40 49 13  -  - 24  -  3  8 53 28  6  - 60  7 25 30  -  1 34 11  - 10 43 51  - 15 58 45 16 12  - 31 55  4 14 57 32 17 47 44 42 19  - 26  2  -
 56  - 20 48 57 12 44 16 13 51 31  - 32  - 46  - 28  3  -  - 43 36 27  - 42 40 47  -  8 17 37  5 35 18  - 23 10 50 33 11 21 41 59 49 38 29 34 19 24 26  - 15  - 30 22  - 25 45  6 60
 22  - 40 19  - 42 56  1 49 11 55 33  7  - 52  -  - 14 51 20  - 47 54  -  - 34  -  - 28 35 59 53  9 23 17 15  - 25 10  - 50 31  -  3  - 57 48  - 27 24 37  - 12 39 38  5 46 21  -  -
 40  -  -  3  9 10 58 11  -  - 23 49  - 51 30 20 54  - 17 59  -  2 46  8  5  4  -  1 41 53  -  - 45 19 12 33  6  - 43 56 37 28 34 38 16 48 44  - 13 36 21 31  - 25 32  -  - 29 22  -
