2880
  - 51 47 18 15  - 13 53 48 20 39 17 58  - 19 46  9 49 10 44 57 35 55 27 45 26  7 41 37  6 33 36  - 23  -  5 21 22  - 11  4  -  3  8 31 59 43  1 16 52 29 12  2 40  - 54 25 24 50  -
  7 37 44 14 26 33  -  - 29 60 20 21 46 38 22 10  - 36 57  5 17 40 53 47 56  -  -  -  - 31 16  -  8 48  - 49 12 27  3 45 52 18 59 50 35 25  - 24 51 58 15 19  4  -  1 11  -  2 42 28
 60 10  - 27 57 52 29 39  6  2 50 16 13 14 12 21 17  - 34 24  9 19  8  5 23  4  - 15 49 26 25 40 36 30 45  - 55 46 58 56 37  7 41 51  - 54 35 32  1  - 31  -  3  - 48 38 33 22  - 18
  - 36 50 60 52 21 51 16 41 25  8  1  -  5 40  2 59 34 33  - 12 14 30 31 37  6  - 56 35 39 10 45 49  -  9 44  -  - 29 24 28 15  - 20  - 48 55 27 58 42 46  3 54  -  - 26  -  - 53 57
 35  1 30 43  -  - 41  -  - 18 52  - 54 58 51 11 12 55 49 40  - 31 32 24 33 17 46  - 26  4  -  9 39 50 48  6 45  - 53 60 38 59 34 14  -  7 23 10 13 21 47 44 20 27 37 42  -  -  5 36
  - 49 33  3 23  -  - 26 20 40  9  5  - 43 25 15 37 16 45 47 41 27 52  8 39 29 48 14  4 28 54 22  -  2 11  -  1 31 10  -  6 17 32 57 42 60 34 56 21 44  - 50 24 12 59 35 13 55 51  7
  2 38 13  - 41  - 14  -  - 32 28 44  3 57 17 22 15 11 50  - 26 39  7 46 34 21  - 49 45  - 37 27 53  5  - 47 18 24 12 33  -  - 31 30  9 55  - 36 10  - 35 40  - 51  - 48  - 52 20  4
 38  - 15 21 37 41 16 46 49  - 22  3  7 30 39 44 33  - 48 58 45 53  5  - 36 52 57 18 25 60 32  -  - 43 55  - 51 28  -  - 35 12 40  - 13 34 19  -  2  - 59 26 42  8 10 29 17 23 47 56
 34 22 60 38 32 58  - 52 44 46  -  -  - 50  - 24  - 27 51  8  - 54  -  -  -  9 23  -  - 12 36 35 17 16 33 18 20  -  4 15  1 37 29  - 57 10 40 48 19 13 53  - 41 21 28 49 30  5 14 25
 19 60 26 29 40 31 56 35 25 37 51  - 33  2 59 14 38 41 55 36  6 24 21 16 53  - 10 50 11 22 46  3 30  7 18 34  - 13 57  - 43  5  - 12  8 20 42  9 32 28 23 48  - 15 27 52 39 58 44 17
 23  8 51 54  - 26 30 19 22 15 17  - 35 27 37 52 46 42 31 18  - 55 25  - 14 47  -  - 56 36  5 33 10 58 34 39  -  - 11 53 13 29 44  9  7 16 32 43  4 60  - 59 45  - 12 57 21  6  - 48
 20 54  6 45  - 27 39  2 55  4 36 35 48  - 14 58 25 15 41  - 34 52 23 10 50 13 44 30 22 38  - 17 32 26 37 56  - 47  -  - 49 16  -  - 29 43 24  - 59 12  1 60  9 19  7  5  8 21  3  -
 33 23 24  - 45  3 43 15 28 16 35 51  2 29 54  - 10 44  -  4 25  6 47 49  - 42 56  -  - 40 52 57 27 11  - 50 31  1 48 21  - 55 20 19 59 18  9 13 46  8 12  - 30 39 17 37 22  7 34 38
  - 45 35 37 58 57  3 59 31 49 14 40 36 41 56 30  5 47 39 25 42 34 38 17 18 10 28 46 51 27 53  - 23 44 26 22 48  9 50 12 55 33  8  1 21  - 15  - 43 32  4  6  - 52 13 19  2 11  7 54
  1 53 17 20  - 43  8 40 50 11 34 25 51 13 46 28 49  - 27  -  -  9 14  -  -  5 58  4 33  7 42 56 54 24 15 23 37 45 47  2  - 39  -  - 48 19  -  - 12  - 55 38  - 57 30 41 44  3  - 16
 52 57 55 51 38 12 47  3  -  -  - 56 15  - 48  4 19 45 13  2  - 41  - 53  - 27 16 10  - 25 18 29  5 59  -  1  - 14 43 30 23  8  6 17  - 58 11 37  9 26 60 20 36 34 22 39 49 44 24 35
  -  4 20 25  - 48 49 10 23  - 46 11 24 40 36 16  1 26  - 60 55 21 45 37  -  - 13 12 50  -  - 34 35 31  -  3  - 29 22 52  - 43  -  -  - 28 44  6 30 38 42  -  - 32 58  7 18 47 57 53
 22 17  -  - 14  -  9 36 51  -  -  -  1 24  4  6  - 29 40 54 59 20 41 42 55  3 38  - 48 47  -  2  - 18  - 58 11 12  -  7 19 10  - 32 52  8 49 50 53 23 33  - 37  - 21 44 43 27  - 15
 12 35 52 53 55 25  - 14  1  - 26 38 50  4 18 54  2  - 15 16 29 58 11 28  7  8 37  3  5 42 41  - 51 19 47 21  - 43 39 23  - 24 27 13 17 33 10 44 31  9  6 57 56 30 45 36 48 59 60 32
 13  9 31 55  1 44  - 24 15 42  -  - 28 18 43  7 60 30 53 23 27 26 17 50 48 34  5 40 36 19 29 51 12  -  - 41  - 20 52 35 59 46 14 56  -  - 54 58 39 11 57 37 10  6 49  3 47  - 21 22
  9 50  8  -  - 56  -  - 43  -  -  -  - 59 15  -  - 58  3 10 38 22 57 11 31 19 45 29 55 13 28  7 24 27 12 35  -  6 54  -  5  - 26 21  -  - 20  - 60 48 40  2 47  - 34 17 53  - 23 52
  - 29 46 15 48 20  2 11 16 41 21 39  - 17  - 57 34 54 14 13  1 23 50 22 24 30  - 33 47 44  3 53 56 28  - 43 42 38 40  5 26 58  - 52  - 36 18 59 27 45 51 55 12 49 25 60  - 10 32 31
  5 32  -  - 59 50 55 18  - 26 56  7 16 51 27  3 23  4 12 45  - 47  - 57 46 41 60 58 43  1 15 20  9 40  - 36 33 17  - 31 29 19 35  - 10 24 52 54  - 30 13 11  - 38 44 25  - 42  2 39
 48 13 40  -  2 54 38  -  5 35 16 55  - 15  - 49  3  -  - 20 32  - 42 29 12 24 19  - 57  8 56  -  1 17 51 27 43  -  7 41 58  -  - 22 26  4  - 21  - 59  - 52 50 10  6 33 60 28 30 23
  - 30  - 34 18  1 22 25 33 43  - 42  6  -  2 37  7 19 20 28 35 36 58  -  -  -  - 17 46 11 51 31 38 15  -  - 10 55  - 27  -  - 53 60 14  - 56 41 24 39 26 21 48 50  3 23  - 40  8  -
 27  - 49  7  9 47  - 55  - 45  3  2  - 60  - 17  4 33 42 56 44 59  - 51 29 38 24 54 39  5  - 25 28 57 36 19 40 15 35 46  - 23 37  - 43  6  -  8 41 16 48  - 22 31 53  1  - 13 52 50
  6  -  - 32 56 13 36  1 47 24 41  - 27 21  -  -  - 43  - 46 10  2 39  - 20 37 52 59  -  -  -  8 29  -  -  - 26  - 60  - 15 11 57  -  -  - 31 40  -  5 38 17 25 44  - 22 28  - 33  -
 59 46  5 41 17 36 20 32 10 48  2 12  -  1  - 27  -  -  9 53 31 49  -  -  - 33 54 26 24 52 11 38 21  8 16 13 15 19  - 57 47 14  - 37  - 45  4 18 29  3 22 28 40  - 39  6 58 34 55  -
 29  -  9 36 33 59 48 12  - 39 15  - 53 22 32 26 54 38 46 17  -  - 27  - 25  - 40 28 41  - 57 58  - 10  6  - 16 37 34 14 44 60  - 18 30 21  2  -  - 47  - 31 23 13 55  4 24 51  - 49
 10 48  - 46 28  -  7 17 12 47 44 23  -  3  -  - 45 50  -  - 14 60  9 38 15 20 35  -  8  -  -  6 41 42 29  4 49 39 19 54 25  2  - 27 40  - 58 53  -  - 36  1 21 11 24  - 16 33 56 30
 58  5 22 28  -  - 45  -  -  -  -  - 52 53 38  8 42 46  - 49 50  - 36 34  9 12  - 43 29  -  4  1 20  6  - 24 23 56 26 19 14 44 25 41 54  3 59 35 17  - 11 18 60  2 16 13 57  - 39 51
 11  2  - 50  4  -  - 31 37  9 19  8 18 54 60 45 36 21 16 26 22  - 12  6  - 39 41 55 38 30 17 32 40 20  1 33 47 53 59 49  3 28 52  -  5 23 57 14 34 10 25 13 44 42  - 58 15  -  - 43
 18 40 37 26  8 46 27  -  - 36  4  - 56 35 33 34 21 13 59 11 20 29  - 19  2  7 43  -  3 15  - 60 57 47  -  - 44 52  - 39 32  -  - 49  6  5 28 22  - 51 54 23 55  9 38 16 10 31 17 45
 15 20  3  - 51  - 44 41 59 34 31 54  - 32 35 42  - 18 36  -  5 13 49 25  - 43 29 38 23 14  1 55  6 12 60 57 56 50 24  4  8  - 30  -  - 39 53 17 37  -  - 16 46 22 11 40 26  9 28 21
 36  - 10 16 22 28 40 23 11 33 29 48  4 46 20 59 52  8 54 57 15 56 60  - 58 31  -  - 27 35  6 49  - 34 19 32 25  7 30 42  - 50 12 47  - 13 21  5  3 37 44  9  1 45 41 43  -  -  - 26
  3  - 41 30 42  5  - 28  7 19 38 18 11 33 29  -  6 12 21  - 24  4  - 35 52 46  -  -  - 45  8  - 34  - 32 14  - 16 15 47 22 53 23 39  - 49  1 31  - 50 58  - 51 17 36 20 56 54 26  -
 43 52 36  - 35  -  - 42  8  1 32  - 23 47 41 56 14 51  - 19 58  5  3  - 13  - 15  - 54 53  7 50  - 25 24 40 59 44  - 26  - 34  - 28 45 29 27  - 49 33  2  -  6 16 31 21  4  - 46 12
 44  6  -  - 53  - 12 30 35 14  - 37 49 55  1 60 39  -  5 52 36  - 48 21 28 45 59  9 17 54 34 41 50 46  4  -  - 40 20 10  - 51 47 11  - 22 38 57  7  2  8 24 33 43 15 18  - 26 16 13
 51 33  - 17  -  - 53 57 52 54 43  - 39 49 30 19  8 14 26  7 37  -  4 32  1 11  6 34  - 48 24 18 15 36 27 25 13 59 23 44 41 56 55 40 16  - 47 42 28  -  3 58  - 60  - 10  9  - 38  -
 47 14 28  - 20  -  -  9 36 22 42 60 34  7 13 12  - 56 52  - 40 45 26  - 49 59  1 16 18 43  - 46  -  - 38 53 19  5 37 32 57 27 39 54  -  2 48 33 35 24 10 30 17 25 23  - 31 41 58 11
 24 27 48 47 43  -  - 34 32  - 60 58 19 44 52 18 57 22  7 14  8  - 51 26 38 15 11  - 13 16 23 28  - 56 39 17 53 30 42  -  -  - 49  4 37 40  3  - 36  6  - 29 59 20 46  9 12 25 45 41
 30 11 58 31 19 55 35 22  -  3 47 41 29  - 44 48 13 59  1 21 46 50 43 36  8 28 39  5 10  - 40 54  - 52  - 15 38 25 32 20  7  -  -  - 49 12 14  -  -  4 34 45 53  -  9 56 27 18  - 42
 16  - 12 44  - 39 25 58 54 21 57 27 38 26 53 47  - 24  - 35 23  1 31 15 17 50  -  6 28  3  - 52 42  9 56 10 34 41 51 55 40 13  7  5 46 32 22  4 18 43 19 33 14 59  2  8 20 29 37 60
  -  - 45  4 50 17 33 44 57  6 23 26 59  - 58 51 27 53 19  -  3  7  2  -  - 48  - 20 12 24  9 47 60 41 14 31 28  -  8 43 56 30 15 42 25 11 39  - 22 29 37 35 34  - 18  - 38  1 10 40
 45 55  -  - 46 38 11 49  - 59  - 30  8 23 26 43 29 35  2  1 54  - 24 20  - 32 47 52 16 50 31  4 13  - 42 48  -  - 14 18 12 36  9 33 15 53 25  7  6 40 28 51 58 56 60 27  - 19  - 37
 53 16 42 12 54 15 60 43  - 56  -  - 25 45 23 31 41 39 11 51 18 37 44 48 32 58  - 22  - 20 47  5  - 21 46  - 27 10 55  -  9  4 19 29 36  - 50 38 40  - 17  - 35 33  -  2  1  8  - 34
  - 39 53  - 13  - 28  -  4 27 10  - 43 42 45 50 58 60  - 12  - 30  - 14  - 49 51 31 21 55 26 19  -  - 25  8 24  3 41 37 34 22 48 44  - 47 16  - 57  7 20 46 18 35  - 59  - 32 11  2
  -  - 43 11 31 10 37 56 45 44 54  -  -  -  9 25 53  1 30 42 13 38 18 55 19 16 34 57  6  2 21 14 33 32  8 12  7 23 17 22 27  - 28 36 39 46  - 49 20 35 50 41 52 26 51 15  - 60  -  5
 40 56 38 42 12  9 31  -  -  8 18 22  5 48 49 20  - 10 44  -  - 28 46 41 16 35 26 25 53 29 39 30  7 60 52  - 58  4 21 17 50  1 54  -  3  - 13 45 47  -  - 36 11 55  -  - 59 15  - 24
 14  - 25  - 47 32 24 51 38  -  -  -  - 34 28  5 50  7 60  - 48 33  -  4  -  2 36  - 15 58 27 39  -  3 40 26  - 35  -  8 42 20 13 55  - 30  - 19 23  1 45 53  - 29 52 12  - 16 31  -
 50 24 54 35 49 11  1  4  - 51 37 53 47 28  3  - 43 25 23  - 56 48  - 44 60 14 27  - 40  - 13  - 55 29 31 16  -  8 18 59 46  - 33  -  2 38 36  - 26 57  -  - 19 41 42 45  5 39  - 58
 46 28  - 23  - 16 17 13  -  - 48 43  - 12  -  9 22 52  8  - 53 32 19 33 35  1 20 51 34 49  - 21 14 39 54 55 50 26  2 25 10  - 11  - 38  - 37 15 44 41  - 56 31 36  5  - 40  4 29  -
 31 12 11 19  3 23 59  7 53 29 40 15 42  8 55 41 30  2 43 48 21  - 20 18 26 54  4 47 14 17  - 24  - 13 22  - 57 51 16  - 39 45 36  6  - 52 33 60 50  - 27  5 32 58 35 34 46 37  1 44
 37  -  4  9 29 18 23  6  3  7 55  -  - 20  8 40  - 57 58  - 52 11 34 13  -  - 12 32  1 33 44 16 25 38 17 54 39 60 31 50 30 42 21 59 24 27  - 47  - 36 41  - 15  5  - 51 19 56 22  -
  -  - 21 52 39 37 26  - 19 10 49 29 57 56 34 32  - 40  -  -  7  3  1 60 44 25 22  2 42  -  - 59  - 55 41 28 30 48  - 51 54 35 46  -  - 17  5 16  8 20  9  - 27  -  4 31 45 53 15 33
 55  - 18  6 10 42 21  8  - 12  - 32 22  - 24  - 56  5 35 31  2 15 28  1 40 36 33 27 30 59 50 43 47  -  - 37  9 34  -  - 16 57 17 26 51 44  -  - 38 54  7  4 39 48 14 46 52 20 13 19
 17  - 14  - 25  4 15 20 42 53  6 13 26 16 47 39 32 48  -  -  - 10 54 58 22 18  8 21  2 23 59  -  3 37 44 46 35 33 27  9 31 38 51  7  -  - 12  - 55 19  5 34 29 28 40 30 36 43  -  -
 28 58  2  -  6  - 10 33 26 55  -  - 12 37  5 53 44 31 32 15  - 42  - 30  3 51 49  8 19  - 14 13 45  1 20 59 54 21 25 36 18  9 56 46  -  - 29  - 11 17 39 27 43  7 57  - 23  -  4 47
 49 41 23  -  5  -  -  - 27 52 58 59 44 39 42 13 20 32 37  - 47 12  6 40 57 55 17 11 60 18 30 48 46 51  7  9  4  2 56  - 36 26 45  - 50 31  -  3 25  - 14 22 38  1 43 53 34  - 19 29
  - 43 39 59 34 29 57  - 24 38  1 49 14 52 50  - 26  - 17  9  - 25 35  -  - 44 21  7  - 56  2 23 19  - 30 60 41  -  6 13 11 48  4 15 22 42  8 46 33 53 16 10 28 54  - 32 55  - 40  3
