2880
 19 11 32  -  - 53 18  8 49 25 44  -  6  3  -  - 26 40 51  - 58 41 52  -  - 47 50  - 33 14 36  -  -  -  7  1  - 59  4 20 37 31 60 30  -  -  - 38 57 43 42 39  - 22 55 46 10 16  9 13
  8 54 52 45  - 48  - 35 42 26  6 60 21 15 56 53 17 38 25  4 55 59  -  2 41  9 39  - 44 46 13 57 30  7  1  - 32 49 12 51 28  3 33 29 14  - 19 31  5 27 10 23 20 36 24  - 16 43 34  -
 20 56 24 37  - 36 48 10  - 50 45 19  -  -  - 13 22 23 55 18  - 39  3 26 57 16 58 47 42 17 31 15  5 46 14 35  -  1 21  - 59 34 54  2  7 53 27 12 29 49 40 38 30 51  - 33  4 11  -  8
  1  - 51  -  8  6 39 44  -  -  9 11 38  - 30  -  - 12 27 19 37 46 15  - 59 10 53 54  - 56 24  - 18  3 17 20  4 31 23 26  -  - 21 35 41  2 29 49 22 52 16 60 28 25 36  - 45  7 32  5
 35 41 18  - 27 31 49  7 32 21 12  -  1 25  6 11 60 24 52 57 22 45  - 40  2  - 29  3  - 55 59 28 26 38 43 30 20  9 56 19 34 39  -  - 53 37 10 15 36  4 54 33 17 42 44 16  5  8 51  -
 55 52 38  - 32 27  - 16 41 35  1 13  7 14 53 60  4  - 42 24  - 18 56 45 22 46 47  -  - 58 33 19 50 34  5 43  -  2 20 12 29  -  - 21 51 31  3 26 23 25  - 15 36 17  -  - 49 59  8 30
 14 46  - 30 51 28 43 50 31 49 25  1 45 24 57 15 40  2 10 52 27 20 44  -  - 59 22  - 17 34 23 37  8 41 38 36  7 56 16 53  5 21 58 48  - 32 39  6  4 55 11 29 60 26 18 19 13  - 42 33
 50 26 20  - 22 18 60 40 58 43 15 21 51 27  2  5 25  -  -  7  - 57  - 55 48 44 52 49 53 39  -  - 54  1 56 45  - 23  - 47 16  - 19 10  9  - 31 32 14 11 28 36 29 35  6  3 38 13  - 41
  - 51 22  - 48  5 11 52  4 13 43  3 35 16  -  - 39 58 40  6 14  - 57 42 60 17 49 45 20 38 46 29 44 33 55 26 59  -  8  - 25  - 23  - 37 12 15 19 27 30  -  9  1 10  -  - 18 36  - 28
 53  - 12 36 31 41  - 46 47  1  - 38  - 20 58 45  9 44 15  - 52 28 26  - 29 55  4 25  2 49 21 51 48  - 50 17 16 30  6 42  - 18 39 27 13 14  - 37 40  - 19  - 57  -  3 11  7 32  - 35
 21  6  - 31 42 22 29 45 46 24 54  4  -  - 55  - 52 57 39 13 12 11 36 60 49 20 18 16 19  - 32  2 59  8  -  - 15  - 41  - 35 10  7  - 25 43  5  -  1 53  - 34 47 23 50 37  - 27 38  -
 39  9 49  6 37 29 54 48 59 15 42  - 46 58 50 30 45 36 22  8 47  - 17 11 19 52 55 60  -  3  -  7  - 20 35 12  - 41  2 56  -  1 14 43 57  - 40  - 10 24  -  - 31 38  -  -  - 51 44 23
  4 45 29  -  - 38 42 24 23 40 22 57 56 52  -  3  7 34 50 21  - 17 41 25 26 13 51  -  - 44 12 35 49 11  8 15 39 36 58  -  6 60  -  -  5  1  -  - 31 20  - 28 27 14 47 30 37 54  -  -
  - 10 16 44  4  -  -  - 39 19  8 24  2 57 23 31  - 42  6 27  - 60 51  - 14 50 26 36  -  - 52 54 15 43 46  - 48 25 18 58  1 32 35 28 22 20 53 45 47  - 38 55  - 34  5 49 33  -  -  3
 45 32  - 51 54 13 33 22 28  - 57 39 14 30 43 38 41  - 26  -  8  2 21  - 52 36  - 53  6  - 49 50  - 15 40 42 44 35 10 59  4  - 17 16  - 48 24 20 12 46  9  - 23  - 29 56 34 58 11 19
 40  3  -  4 53  9 59  - 15 27 38 54  - 45 22  7 43 19 20 34 36 48  5 44  - 31 42 55  - 33 57  8  2 32  -  - 28 10  -  - 49 41  - 14  - 25 17 13 46  - 47  - 35  -  -  - 29 21 18 56
 49 35  6 26  3 52 53 33 10 18  5  - 37  - 40 42  -  - 16 14  -  -  - 17  9 11 54 57 41  8 55  -  -  2 23 59  1  4  7 60 39 24 30 25 21 50 36 22 51 56  -  - 58 48 46 32 47 44 45 15
  - 27 17 57 36 49 21  5  9 56 48  - 28 43  3 50 30  -  - 20  - 15 53 35 31 39 34  6  - 26  7 44 41  - 11  4 40 32  -  - 51 52 13  - 60 16 42  8  - 14 12 18 25 29 54  1 24 33 59  -
  - 16 40 59 55 34 57 31  -  - 21  -  -  - 27 37 56 49 28 44 33  -  1  - 42  8  - 38 43 13 47 48 35 58  -  - 29 54 14 11 50  -  9 36 18  4  6  2 24 15  7  - 45  - 23  - 22 17 19 25
 59 25 47 29 56 39 22 60 27 12 19 51  9  -  -  - 53 17 57 42 16  6 38  5 36 28  - 23 26  - 40 30  3  -  - 13 45 37 52 32  2  8 10 31 44  - 34 58  - 33 14 48  -  - 15  -  - 18  - 54
  - 13 23  -  - 21 35  -  - 52  - 41 12  2 33  - 20  7  -  - 18  3  -  8  1 29 30 10 59 43 15 49 47 27  - 11 60  - 22 16 26 53 48 42 36 24 14 44 55  - 51 58  -  -  -  - 54 40 37 57
  -  5 59 60  - 47  - 34 25  8 50  2 41  - 11 14 37  - 44  - 39 26  -  -  - 49 13 51  1 29 54 17 16 18 24  - 19 22 48 46 38  - 55 58  - 45 33 27  7 10  - 32 43 20  4 52 36  9 31  6
 12 29 57 42 21 26 58  3 19 47 60  -  -  -  4 40  - 35 54 59 28 22 46 41  - 38 44 39 31 37 50 10  - 16 51  - 36  - 53  8 18 15 27 24 56 11 13  -  -  7  - 52 33  9 14 48 23  - 30 20
  - 17 46 28  - 23 14 37  - 20 59  - 29  - 54  - 32  5  - 58 25 42 47 52  -  -  2 43  -  - 53 24 60  - 41 16 51 40 27  6 48 22 44  - 38 36 35 11  -  1  - 30 26  7 49 39 56 12 13 31
 46 49 41 33 35  4 44  9 56  5 29 16 30 13 12 43  3 31 34 55 42 50  8 32 18 25 20 40 51  6  - 39  7 19 53 38 37 48 11  - 45 36  - 54  -  - 58  - 26 59 60 57  2 27 21 47  1 15 24  -
  - 59 37 20 25 32  - 13 57  4 40  - 54 12 16  -  - 52 17 48 15 35 45 47  6 24  - 46  8 53 10  5 33  9 22  3 11  7 31 55 14  - 26 34 42 38 30 41 50  - 56 27 49 28 51 44  - 60 23 39
 13 12 39 25 24  7  - 57 14 46 52 59  - 41 32  - 19  - 58 35  - 43 20 38 54  - 37 17 16  5  -  - 51 29  -  - 33  - 49 18  -  -  - 26 11  - 56  1 44 23 27 50 53  -  8  2 28 10 21 45
 41 60 36 48 20  -  - 15 29 30 33 44 17 21 14 10 49 18 23 25 54 24 35 16 53 34 27 37 56 51  3 47 40 42  -  - 26  - 45 39  - 13  - 57 58 55  - 52  2 31 50 12  8 46 43 28  6  1  -  4
 33  -  - 47 58  -  - 23  5  - 13 48 32 22 51  8 57 29  4 43 10 27 54 21 50 41 40  7 39 24  9 16  1 59 25 44 35 12 38 36 30  6  - 19 17 26 28 14  -  3 53 11 55 52  2 18 31 45 15 34
  - 39  - 13 18 54 47 19  6 32 53 27 22  - 15 44 48 59 33  -  2  1 11  3 56 43 24  - 57 20 45  - 14 40  4 51 10 26 34 37  9 16  -  5 23  - 55  - 41 21 31 17 46 12 42 25 58 28 52 60
 54 15  - 49 60 33  3 38 11 16 20 10 36  8  1  6 46  - 18  -  - 12 50 37 51 42 56 21 13 41 27 23 55 31 57 22 58 29  -  4 43 25 47 17 28  5 26  -  - 35 39  7 19 24 48 34 52 30 53 32
  2 47  -  7 26 25 52  - 43  - 18  - 13 29 44 16  - 41  - 17 24 32  - 10 11  1  - 59 30  - 48 33 28 36 54 58  3 53 55  - 21 23 34  6  4 56 45  - 39  8 35  - 51 50  - 14 57 22 12 42
 32 55 44  9  - 16 12 21 22 60 23  - 57 33 24 51 38 39  - 28 17  4 49  - 34 15  8 11 36  - 14 13 25  - 45 10  5  6 47  1 31 56 40  -  -  -  2 48 52 50 30 46 59 37 35 43 27  -  3 58
 18 21  - 32  5 17  8  2 45 38  -  - 11 53 28 55 59  - 48 39 29 31  7  - 13  - 23 22  - 27 16 42  - 51 10  - 50 24  -  - 57 49 25 52 33 60 46 47 20 58  1 35  6  - 30  - 15 14 56  -
 16 37 60  8 10 59  1 28  7 33 27  - 23  -  - 47 18 22 56 54 20 25  - 34  5 51 57 52  - 11 38 53 45 21 36 49 41 14  - 35 42  - 12  9  - 19  4  - 13 17  2 26 15  3  - 31 48 24  6 43
  -  7  - 14 15 19 32 59 54 53 36 42 34  6 26 35  2 10 43 33 30  9 58  4 40 27 31 50 45  1 51 60 56 55  - 41  - 11  -  5 47 20 38 37 49  8 16 46 48 44 23  3 12  -  - 17  - 25 22 29
 11  4 33 18  9  - 13 47 40  - 56 32  3 37  - 59 24 43  1  5 51  - 22 36 10 19 28 44  - 54  -  6 57 14 26 46  -  -  - 15 41 35 16  7  - 30 25 60  -  - 58 31 52  8 20  - 50 55  2 53
 47 23  3 58 40 51  5 30 53  - 31  7 19 59 35 36  6 48 13  1  4 34  - 20 44 56 10 12 27 28 43  9  -  - 49  2 14 15 32  - 22  - 11 60  8 54 18 24  - 39 25 16 37 21 52 57  -  - 26  -
 37 50 15 23 16 60  -  - 12 29 47  6  - 31 25 41 11  - 36 30 34 44 14 57  8 48 45 28 52  4 18 21 58  5  3  - 43 19  - 38 10 42  2 55  - 27  - 53  - 32 20  - 40 39  - 54  9  -  1 17
 27 34 31 39 52 58  9 49  -  7  4  - 18 48 41 25  1  - 24 51  - 10 55 12 37  - 36  8 46 19  6 26  - 17 20 47 56 38 28 22 32  2 59 50 30 42  -  - 33 40 15 13 11 53  -  - 14 23  - 21
 57 42 45  5 41 11 56  1  2 39  3  - 50 32 10 12 23  9  - 15 31  - 27  6  - 37 46 58  -  - 20 55 36 30  - 53  - 28  - 17 60  4 52 13 34  - 43  - 16 29 26 44  -  - 33 59 40 49  - 14
 38 43  8 27  - 56  7  6 51  2 34 50 58 17  -  4 36 21 53 16 11  -  - 24 35 18 32  1 37 10  - 59 31  - 12  5 23  -  9 30 54 14 28 47 15 22 48  3 25 41 49  - 44 13 19 45 20 57 55 52
 26 24 30 50 44 46  - 55  -  9  -  - 48  -  5 21 58 13 41 11  - 16  6 49  - 40 35 56 28 25  8 34  -  - 33 32 57 60 19 31  7 12 36  3 43 29  1 42  - 22  - 10  - 45 17 53  - 47 20 38
 24 19 50 38 57  -  6 58 37 41 49 26 55  1 20 17 12  8 47 36 35  5 32 28 15 30 16  - 21  -  4 18 23 25  - 56 22  -  -  3  - 51  - 53 52 46 11 34  - 54  - 40 13 44 31  7  - 48 60  -
 29 38 19 11 14 20 46 41 33 58  -  - 16 55 42  1 15 45 49 47  - 51  2 18 28  -  - 24  4  - 22 12 39 35 27 48 13 34 60 10 53  - 31  8  - 17 50 43  -  - 52  -  9  -  - 40 30 26 25 36
  7 18 48 10  - 14 41 26 30  6 28 17  - 54 39  - 29 55 32 31 50  -  -  1 33 23  - 35 15 22 44 25  4 56  9 24 52 16 57  2 11 19 46 20  - 21  8  5 60 36 45 49 38 47 13 12 53  3 40 51
 44 30  - 24 19  - 31 42  - 23  - 18 53 38  - 54 14 50  -  - 48 33 43 46 55  -  5 29  - 36  2 11 22 26  - 25 49 57 51  7 20 59 37 40  - 13  9  -  -  - 21 56 32  - 41 15 35 39  -  -
  -  8 42  -  - 50 19  - 34 14 32 35  - 11 60 46  - 33  3  -  - 30 39 23 24  4 12  9  - 18  1  -  - 49 16  7 53 52 43 41 36 38 29 15 26 28 44 10  -  -  - 45 21 31 27 58 55 56  - 37
  - 33  4  -  -  - 40 25 38 11 14  -  - 23 31 48 55  1  - 32 57 21 28  7 58  2 43 42 12 60  - 45 20 54 30  -  8 13  3 24 15 26 50 41 47 59 37 51 49 16  6 19  5 18 56 35  - 53  - 27
 31 36 25 46 28 44 34  - 13 48  - 30  - 10 37 20 54 26 21 12 53  -  4 51 45 22  1 18  - 16 29 14  -  - 60 27  6 17 24 50 58  7 43 32 55 39 59  -  -  5  8  2 56  -  - 23 11 19 57  9
  3 14 28 40  - 12 50  - 17 55  7 52 43 26  8 24 34 46 59 38  1 58 19 33 30  -  -  -  5 23 35  - 21 13 32  6 31  - 44 25  - 37 42 45 48  - 41  9 54  2 18  - 22  - 57 29  -  - 49 47
 42  2 35 56  - 37 38 29 55  - 16 53 33  9 36 18 28  -  - 23 19 14 10 30  7  6 48  -  - 15 26 22 13 57 52  8  -  - 17  - 27 47 49 11 24 41 32 59 45 12 43 20 39  4 40 60 51 34 54 46
 51  1  - 35 59  - 27 53 36 31 55 58 10  -  - 39 42 30 12 50 49 13 60  -  - 45 15 14 48 57  - 56 29 47  - 33  - 21  5 44 19 46  6  4  2 52 54  -  3  -  - 22 18 32 38  -  -  - 28 11
  - 28  2 12  - 57 24  - 16 36  - 47  -  - 21 19 10 54  - 56 59 37 34  -  4  - 25 26 18 50 17 38 27 39 29 14  -  8 40 52 46 33 20 23  -  9 49  - 42 13  -  1 41  5 58  6 44 35  7 55
 10 53 11 41 30  8 17 51 35 22  2 12 15 18 49  - 27 47  5 46 56 52 59 48 43 21 14 33 25 40 37  - 19  4 31 28 34 55  - 23  3 45  1 44 32 57 60 16 58  - 29 54  7  6  9 26  - 38  - 24
 15 58 43  - 50 10  - 36  - 59 26 56 52  -  - 29 33 14  -  -  5 54  -  - 23  - 11 13  7 48 30 27 46 45 42  - 25 18 39 21 40  -  3 22 20  6 57  4 28 47 37  -  - 60 34 51 12  -  - 44
  -  - 55 19  7  - 15 32 20 17 51  - 31 47 46 26  -  -  - 40 23 38 29 53 25 12  -  - 34  -  - 43  - 44  6 60 42 58  1 13 24  -  - 18 50 33 22 28 11  9 36  4 54 49 39 27  - 37 14  -
 28  - 34 16  6  - 26 18 24  3  -  5 49 50 19 57 51 25 14  - 45 56 31 22 39 35  7 27 58 32 41 52 53 23 59 29  2  - 46 54 44  9 15  1  -  - 12 40  - 60 17 42 48 30 37 13 43  - 36 10
 43 57 54  3 33 42 51 12  -  - 35 22  - 60 34 49  - 20 37 10 44  - 30 14  -  5 38 32  -  -  - 40  6  - 28  - 55 47 29 27 52 17 56 46 39  7 23 36 19  -  4  - 16 58  1  - 21 41 50 18
 36 31 13  2  -  -  -  - 48 51 17 37  - 44  - 22  5  6  - 29 21 23  -  - 32  7 33 19  - 30 11 41 34 24 15 54  9  - 26 14 56  -  8 59  - 35 52  - 38 28 57 53  -  - 10  - 60  4  - 50
