2880
 44 23  - 37 10  7  4  -  -  - 32 40 41 11  -  9 56  3 60 43  1 22 39  8  -  -  - 30 26 51 57 42 50  - 58  - 20  - 24 47  6 25 53 59 16 45 49 21 46  - 34 17 36 19 27 28 31  5 33  2
 34 59 40 36 42  - 16 10 55 43 27 21  - 18 41  7 24 52 57 48 20 30 23 58 29 12  - 54 46 60 56 11 39  4  8  - 32 45 25 51  2 49  - 28  9 47 26  -  3 44  5 33 35 22 15  1 37 19 53 31
  -  1 11  -  7 55  -  -  - 51 59 24 13  5 16 58 26 38 53  - 43 46 45 30  3  -  - 47  - 22 14 25 15  2  9 28 10 52 48  - 39  - 37 29  6 32 57 50 42 27 40 54 44  - 12 49 18 20  4 19
  - 28 16 22 45  - 37 18  4  7  1 54 48 33  - 27 59  - 47  -  - 11 35  9 43 19  - 32 30 23 29 52 13  - 50  -  - 25 20 41  -  - 34 58 49  8 17  - 21 39  - 53 31 40 46  -  - 42 51  -
 35  - 12 21  - 15 54 33 19  5 38 31 17  - 44 57 14 40 25 56 29 48  - 22  6 11  -  4 18 58 27 60 49 46 59 32 41  -  1  - 52 26  2  7 43 28 39  -  - 24 30  3 20 13 37 34 42 23 16 10
  - 24 34 52 20 26 38 11 49 47 22 27 33 23 12 17 32  - 36  -  -  5 16  - 31  1 56 43  4 21 51 28 55 29 41  3 14  - 57 15  9 39  - 54  2 58 25  -  - 19  6 30 59  -  -  7  - 13 42 60
 14  -  -  - 51 52 44 56 39  1  8  -  - 46 57  - 49 15 45 27 40  3 38 25 47 41 42 10 60 17  - 32  7 22 54 29 19 16 12 59  5 11  - 48 31 37  - 36  -  -  -  9 55 58  4 18 28  - 43 33
 21 34  5 56 41 31 33  - 58 13  - 35 47  - 54  - 12 29  -  - 22  8 20 23 36  2 27 48 51 50  3  6  9 37 25  - 38  - 17 18 42 32 10 24  4 14 19 28 59 45 49 40  - 16 39 57 26 11  1  -
  - 30 27 58 26  3  2  8  - 54 23 16 53  -  -  - 38 14 40 31 25 52 11 15  - 45 46 37  5 19 47 21  4 28 60 48 17 50 36  - 59  7 42 34 32 39  - 29  - 13 24 20 12  - 35  - 51 55  9 57
  - 18  8  - 28  2 50  -  - 37 25 58  3 24 49 36 29  9 44 42 46 41 47 45 52 31  - 34 13 33 38  - 35 39 15  5 22 19  7  4 20 40  1 30 17 54  - 16 14  - 60 55 43 26 57  -  6 53  - 32
 40 32  2 16 56 25 14 42 22 30 36  - 59 52  6 38  4 48  9 33 50 29 46 49  - 15  -  -  -  3 24 26 57  7 39 19 54 35 10 27 21 44 11 60  - 23 20  - 43 31  1  -  -  -  5 12  8 47 41 17
 27 31 21 20 23  9  6 29  3 50  - 10 36 22 42  -  5 30  -  - 39 33 26  -  - 57  1 51 32 38  2 55 16  8  - 47 60  - 13  - 43 59 15  - 44  -  -  - 58 14 53  4 34 52 18  - 12  - 45 28
 17  2 47 33 19 18  5  -  - 12 24 29  - 34 15 49 54 32 38 52 27  - 37  - 13 30  - 57  9  - 45 35 40 16 20 11 43 46 55 48 56 42  7 39 60  -  -  6 41 26 59 31 25 53 44 50  - 36 22 23
 46  -  7 10  -  - 57 31  - 35 56 12  6 39 53 29 18 34  -  -  - 60  -  1 45 24  - 38 23 32 16 48 20 33 36 40 21  - 15 17  -  -  4  9 54  2 52 43  8  -  -  - 22  5 26 14 44 27  -  3
 25 36  - 29 48 19 12  - 42 28  6 47  - 58  - 15 51 20 27 24 10 14 43 40 21 18 44 46 35 53 26 30  8 54  5 57  - 59 16 37  -  -  -  - 23 49 31 60 22 56  -  - 33 41  - 39 52  -  3  -
 15 44 33  - 40 48 19  - 56 23 42  4 11 31 37 28 25 13  3  2  - 45 36  - 59 34 21  1  8 16 43  - 18 27 14 35  -  -  5  - 47 54 49 12 26 51 41 10 55 17 29 22 24  9  6 58 32  7  - 38
 47  7  - 27 46 29 42 59 51  - 55  -  2 60 43 10 19  6 24  -  9 28 41 37 16 52 54 44 38 35 49 12 22 26  -  8  -  -  4  - 25 13 45 33  -  -  3 53  -  - 18  - 14 20  - 40 50 56  - 36
 22 43 55 44 60 14 13 39 15 16  -  - 37 51 29  8  6  -  - 49 57  7 24  2  - 33  3 41 21 54  - 34 28 12 48  - 31 42 50 52 26 19  5 25  1  - 36 35 38 18 46 59  - 10 20 11 30  -  - 27
 39  8  3  1 52 20 17 30 24 46  - 22  5 44 18  4  - 12  - 47  -  -  2  6  - 53  -  - 56  - 37 40 51 58 21 13 27  - 42  - 11  - 25 16 33 29  7 38 45  -  9 41 15  - 55 35 60 49  -  -
  7 42 57  2 24 28 47 38 25 52 53 48 39 40  3 41 55 23 54 35 44  - 33 18 22 43 51 13  -  - 31 59 14 56 10 46  4  1 29 12 36  8 60 15 27  9 32 37 30 58 11 50  6 34  -  5  - 45  - 26
 52 26 43 17 31 21 55 12  - 59  -  9  -  -  -  -  - 41 18 14 37 20  -  5  - 40 22 58  6  - 39  2  - 49 13  1 28 56  - 54 44 36 16  - 38 46  - 34 10  - 23 60  3  -  -  8 35  - 24 47
 59  3 35 40 53 38  8 54 27 39 60 20 31 15  - 43 23 24  -  6 45 36 44  - 49 47 33  - 16  1  -  - 56 21  - 26 37  5 51 25 19  - 13 52 41  - 11 48  - 57 10 46 42  7  - 29 55  9 50  -
 45  - 50 11  3  -  - 46 33  - 44 14  - 12 24 37 15  - 22 55 13  - 59 41 42 54  4 17 43  - 30 18 31 40 27 36  9 34 23  1  - 51 38  - 35 53 29 39 32  -  2 19 56 49  8  6  - 57  7 21
  6 48  -  4 30  - 49  7 14  - 51 36  -  - 13 47  - 33 46 17 24 59  - 60 39  3 26 27  - 56  1 16  - 25 53 15  - 11 35 34  - 50 28 44  -  - 22 12 37 38 45  2 23 55 21 43 54 52  - 29
 50  9 20 24  1 12 25  -  8  - 35 56 14 26  -  -  -  -  - 54 47  6 19 28 48 49 59  2 31 57 46 33 58 51 52 22 18 60 37 36 55 16 30 43 45 13 10 32 34 21 41  -  7  - 38  4  - 40 11  -
 19 49 29  8  -  6 40 44  5  -  -  3 21 41  7 45  -  - 17 36 30  2 55 27  - 60 14 42  - 48 59 39 11  9  4  - 34 32 52 28 53 20 51 23 57 38 12 33 35 16 25 47 10 24 43 46 13  1 56 18
 28 46  - 31 44 54 23  -  1  - 18  - 22 35 58  3 60 39 30  - 53  - 29 55 33 51 12  - 50 13 19 37 38 14 56  4  8 27  9  7  -  6 32 20 59 36  -  - 26 48 42 49  2 45  -  - 57 41 10 43
 18  - 13  7  4 47 11 50 34 21 19 51 56 14 20  - 17  - 31  - 32 44  - 48 28  - 37  - 36 25 15 49 26 60  2 23 46 30 33 45  - 57 55  8  - 12 54 58  - 29 39 24 41 42 53 52 59  -  -  -
  - 12 31  - 27  5 39  9 46  8 14 26 55 49  - 30  -  -  1 53 60 16  7 24  2 22  - 52 59  - 28 47 48 41 34 21 58 37 56 57 45 29  - 38 15 18 35  3 50  - 13 36 54 32 40  -  -  -  6  -
  5 47 45 32 50 24  -  - 44 11 13  - 60  - 46  -  - 37  -  7 58 55 15  -  -  - 31 28 20 26 21 10  - 17  6  - 30  4 41 29 16 23 33 22 18 27  1 52 40 36 56 35  - 14 48 25  9  3  2 59
 60 35 25  -  2  - 21 16  - 48  3 18  - 47 14 24 52 42 20  -  4 51  - 32 10 46 34 29 39 27 53 54 36 55  7  -  5 57  8  9 38 45 31  -  - 40 15  - 11 37 58  - 17 50 33 19  - 12 59 41
  4 58 22 12 34 10 28 52 38 18  -  7 25  1 48 11 44 27 55 41 35  - 50  - 15  8 45  9 14 24 20 43 42 31 16  6 51  - 26  3 37 30 54 13 29 21 33 57 49 32 19 23 60  - 56 47  2 17  5 39
 33 52 60  5 43  - 59 25  - 57 58 19 32  9  - 22  7 16  - 10 17 15 42 31 23  -  2 21 49 39 48 38 27  - 45  - 29  8  - 44 54  3 56 41  - 35 55  4 20 28 51 18 30 47 11 13  - 24  - 53
  - 39 17 13  -  - 31 24 10 44 29  - 15 32 45  - 36 18  5 21 54  -  - 47  - 35  9 55 57 49  - 46 33 42 26 38  2 20 22  - 51 34 41 37 40 52  -  - 28  3 50  7 53 59  1 27 56 43 19 58
 42 37 48  - 22 33 58 19 21 45 54 55 49 43 40  2 20 50  6  - 52  -  -  - 24  - 30 35 12 34 18  8 32  - 44 53 15 14 59  5  3 38  - 47 56 41 27 46  -  4  - 39 57 25 23 26 10 29 17 11
  1 25 14 42  - 58 52  3 26 10  -  - 40 53  9 35 11 31 15 32  6  -  -  -  7  4 60 12  -  5  - 57 17 18 37  - 24  - 49 50 33 27 29 36 21 30 59 47 39 22 55 48 13  2 45 41 43 46 28 56
 58 15 51 23  - 50 20 45  -  -  - 38 12  8 59  - 30 21 16  - 41 26 31 35 32  6 39  - 40  - 17  9 52 34  -  -  - 18  3 19 13 60 22 56  -  - 14  -  4  1  - 25 29 27 47 33 49 54 46  7
 16 22 19 15 14 46 36 48 50  -  - 39 57 37 32  -  - 56 34 12 31 13  5  - 38 28  -  - 54 42 41 17 59 20  3 18  6 51  - 30  - 55 43 35 58  - 60 40 53 11 33  1  -  8 49  2  7 10 26 52
  9 29 28 38 57 27  3 53  - 14  - 13 26 16 55 18 39 36 56  5  2 35 21  -  - 50 43  - 41 37 23 19  - 48 22 34  -  6 60 49  - 12  8  - 20  4 40  7 15 10  -  - 11 33 17 59 25 44 32 51
  - 21  1  - 58 42 53 57 43 26 16  6 23 20 30 54  8 11 59  - 49  - 34  -  5 13  -  - 15 36 25 44  -  3 19  7  - 31  - 60 41 35  9 51 37  - 24 22 47 50 17 45 18  4 14 48 46 28 38  -
  - 41 56  - 13 35  - 37 31  6 47 17 34 28 25  1 46  5 43 60 59 57 22  - 44 16 23  8 45 10  -  7  - 19 55 49 53 12  - 32 48  - 39  -  -  -  2 20 29 54  - 42  4  3 50 30 11  -  -  9
 38 56 32  3 59 39  1 58 36 19 34  - 54 21 51 46 28 55 35 18 14  - 60  -  -  7 52 26 24  -  6 23 43 57 29 33 16 17  - 10  8  - 48 53 11 42  - 27  2  -  4 44  9 37 41 15 45 30 31 40
 56 51 53 35 29 23 45 15 60  9  - 59  4 17  2 25  - 28 41 26 55 27 40 39 54 10 20  - 37 31 44  -  6 38 46  - 57  - 14 42 49 48 50  3 36 11  5  1  -  7 52 58  -  - 16 22 33 21 30  8
 12 45  - 59 38 13 32 27 41 17 50 46  - 55 19 39 35 25 21 11 36  - 49 10 20 26  -  -  - 40  - 22  1  -  -  -  - 33 34 31 24 37 44  6  - 57 23 51 60 47 48  8  5  - 58  3  4 14 15 16
 11 16  9 18  -  - 29 22  7 24  -  8 38 56  - 50  - 35 52 15  - 37 17 51 34 48 13 59  1  -  -  - 47 30  - 25 36 43 53 58  - 46 23 42 19 31  4 41  -  -  - 57 26 28  2  - 21 39 44  -
 54 27 23 41  - 36 48 55  - 25  2 30  7 57  8 42 43  1  -  -  5  4  - 34 50  -  - 39 11  - 13 20 12 44 38 24 56 47 45  - 17  -  3 40  - 26  6 59  - 49 14 10 52 35 29 60 58 16 18  -
  - 54 41  9 39 30  - 14 16 60 43 33  8 29  - 19 21  4  -  - 48 38  -  3  - 20 49 50 42  -  - 53 44 52 51 31 40 28 27  6  - 17 46  5 13 24 58  - 57  - 22  - 32 23 10  - 36 59 35  -
  -  - 26 39 18  -  9 32 57 36  - 41 46 48  - 59 45 53 33 16  8 19  6 21 14  - 15  - 52  2 50 56 24  5 23 60 25  -  - 11 10  1 20 17 22  7 42 55  - 51 43 29 40  - 30 37 47 31 13 12
 10  -  -  - 25  - 51 41 37 49 39 23 29 45 56 21 47  - 19 38 16  -  4 36  - 42 53 60  -  -  5  -  2 43 35 58 26 13 32 20 50 33 52  1 55 44 18 14  6 15  - 11 46 30  - 24 17  -  - 34
 26 50  6  -  - 34  7  - 48  - 11 15 30  4 22 20 13 49  2  - 18  1  - 16 35 14  - 25 17  -  8  3 29 36 57 52 45 55 43  - 58  - 40 19 46  - 38 31  - 60  - 12  - 51 32 53  - 37  - 54
  -  - 30  -  9 16 43 13  - 22 46 34  - 42 10 12  - 17  -  - 23  - 25 11 60 37 57 53 19 28 35 58 54  -  1 20  -  2  - 14 27  4 47 49 24  3 50  8  -  - 32  5 39 18 51 21 29  - 40 48
 32  4 18  -  - 17  -  6 23 42  7  2 50 36  1 44  3  -  - 13 28 21 27 57  - 56  - 49 58 46 52  - 60  - 33 54 11  - 38  8  -  - 12  - 51 34 37  9  - 55 16 26 19 43  - 10 40 22 14 24
  -  - 44 49 32 53 56 20  -  3  -  - 51  7 47 33  - 10 37 22 12 50  - 42 57 25 38  - 48 11 58 14  -  -  - 41 13 15 40 26 34  - 21 46 52 16  8  5 31 23 54  -  - 17 36 45 19  4 39 35
  8 17 42 14 35 51  -  5 59 32 48 60 24  2 26  6 33 44 28 29 38  9 18 43 41 58 16  - 53  - 34  -  - 45 31 10 55 39  - 40 57 21 19  4  -  - 30 54 13 20 12 37 49 56 52  - 15 25  - 50
 13  - 54  - 16  8 34 49 40 27  5 45 43  6 35 55  - 57 26  4  3 58 51 44  - 21 19 33  - 29 36 15  - 50 24  9 12 10 11 39  1 22 14 18 42 59 28 30 56 52 20 32 47 48  7 31 53 60 23 25
 37 40 15 47 12 22 35 17  - 20  9  5 52 25 31 34  - 54 29 45 56 39 32 46  - 59 18  - 28 41 11 24 30  6 49 51 42 36 58 21 23 53 26 55 50  - 16 44  1 43  7 27  8 57 60  -  3 48  -  4
 55 10  4 30  6  - 22 43  - 38 57 50 42  - 11 13 40 58 48  - 34 54 56  - 51 23  8 18  - 20  7 45  3  - 12  - 47  9 19 24 14 31 35  2  - 17 44  - 25 46 26 21 16 60 28 32 41 33  - 15
  2 11 59 28  5  - 27 21 35  4 49 42  1 38  - 53 58 51  - 50  - 17  - 26 46 29  - 24 44 15 22 13 19  - 47 39 33 23  - 16 60 43 18 10  - 20 45 56 54  -  3 52  -  6 25 55 48 32  8  -
 53  - 46  - 17 11 18  1 47 31 21 32 16 30  -  - 48  7  8 37 15 40  3 33  9  - 10  - 29 14  4 41  - 24 43 50 35 22  - 38 12  - 58 27 34 60 13 23  -  - 36  - 28 54  - 42 20  - 55 45
  -  5 39 55  8  - 41 51  2 15 37 43 45  - 36 40 10  -  4  -  7 23 14 54 19  9 32  -  - 18  -  - 21 13  - 42  -  -  - 53 31 24 59 11 48 50  -  -  -  6 47 28 27 44  3 56  - 38 34 30
