2880
 49 19 40 31 23 58 43 38  -  - 13  - 57 24 29  - 39 45  -  - 51  - 50  1 14  - 33  - 12 11 25 46 32 28 52 44 56 53 22 15 21 10  9  - 48  3 47 59  6 35  - 36 42  - 20 60  2  5 16 37
  -  6 31  5  3 21 45 44  - 53 38 23 37  - 54  -  - 50 14 49  - 40 29  -  - 30 59 36 26 27  - 58 20 33  -  - 39 46 12  9  4 18 35 17 32 48  -  8 57 28 60 34 56 11  - 25 42 15 51 13
  -  - 52  6 26 33 14 60 49  - 34  -  9 54 41 31  - 32 25 50  - 27 59 36 38 20 51 21  7  -  3 44  - 53 56  - 23  1 55  - 45 39 46 47 57 13 40 58 35 43  - 22  - 24  2  - 48 42  - 28
 41 16 46 15 33  8 56  - 36 31 30 32 18  3 22 17  - 19  -  4 50 12  - 25  - 40  - 34 29 38 11 35  7 44 26 23 37  9 13  - 20  - 45 53 59 43 42 48 10  2 55 58 60 52  6 47  5  1 39 14
 19 55  - 28 38 54  - 43  7  - 37 10 11 58 14 15 46 48 18 30 57  8  - 40  - 13 12 26 33  3 47 24 39 52 36 20 32 41  9  - 16 45 22 56 27 60 44 49 51 31  5 21  6 17 29 35 25  - 34  1
  - 30 19 53 51 26  - 58 27 44 49 14 36 41 56 42 32 33  2 46  3  -  7 38 25 47 37 55 13 52  - 28 24  - 39  6  - 50 20 22 15 11  - 12 45 29 21  - 18  8 10  5 16  1 54  - 35 57  - 48
 12 26 14 52 56 44 22  - 30  -  7 34  4  - 42 32 60  - 13 39  8  3 24  - 48 28 35 47  -  - 57 50 33  - 58  2 18 40 45 19  5 20  - 21 29 37 55  6  - 36  - 49  - 54 23 43 16 25 17 38
  5 17  - 19 46 60 48 35  - 43 52 54 40 26  1 45 59 22 51 27 10  9 38 32 49  - 41 56 24 39  7 30 16 15 23  - 50 25  - 18  - 14 55 11  3  8  - 28 31 33 36 29 58  - 13 12 53 44 37  2
 55 27 29 11 50 53 59  8  4 46 19 52 41 22 31 39 14 47  - 56  6 15 40 13 54 51 45 30 57 36 44  1 38  2 24  - 43 23 32  -  - 21  - 35 16  9  - 25  3 58 34  - 12  5 60 42 17 49 10  -
 13 58 50  - 22 49 46 56 17 34  1 59  - 48 55 19 28  7 36 25 27 32 47  -  - 26  - 10 14 57 24  5 40 18  - 52 29  -  2  -  - 60 12  - 21 44  8 54  - 11 16 31  4 51 45  - 37  -  6 35
 47 32  3 29 39 10 57  4 11 30 24  - 42  9  -  - 21 49  -  -  5  -  - 51 31 48 23  - 27 33 20 59 35  - 17 26  - 34  8  1 37  - 13 58 18 38 41  - 19 46 45  6  - 56  -  7  - 55 28 43
 26 18 37  4  - 42  - 33 44 11  9  -  6 35  -  - 31 60 52 24  1  - 25 47 22 10  - 23 53 55 15  -  2 14 12 38  8 16 49  -  - 48  3 29 19 34  - 39  -  - 57 40 43 58 17  5 32  7 27 51
 20  -  4  - 44  2 24  - 16 10 60  - 54  6 50  - 49 14 46 33 55 17 48 58 51  9 22 19 38 23  - 32 11  - 25  -  - 35  - 37  - 29 52  - 43 40 36 56  - 15 39 53 34 30 31 21  - 45 59  -
 21 34 33 10 25 47 38  -  - 39  - 17 53 46 11  3 57 29 45  - 60  - 28  -  7 16  - 51 40 26 41  -  -  - 35 27 44 54 43 36  - 19 23 31  8 58  - 20  - 37  - 32 15 12 48 13  - 24  4 59
 40 28 34 59 35 52 11 30 56 47 50 51  -  - 46 24  - 58  6 41  - 53  - 39 13 29  7  - 19 14  - 48 27 55  8 15  - 44 18  - 25 32 60  5  - 22 54 45  9 42 43  -  1 16  - 37 38  2 57  -
 14 31  - 55  8 25 60 13 34  - 22  5  -  4 33  - 37 36  9 15 17  2  - 18 56 35 21 53 44 58 45  7  -  - 49 19 52  - 50 42  -  -  - 28 11 27 32 51  -  -  - 38  - 47 16  - 10 46 48 24
 11 38 54  7  -  - 52 46 21 13 10 25 48  - 44 29 34  - 56  - 35 51 17 24 43 37 30  5 42 53 14  - 12  - 18  1  - 20 41  4  6 49 15  -  9 23 28 31 32 57 22 59 27  - 50 36 40 60 26  8
 22 21 60 41  1 16 54 40  8  - 27 58 15 12  -  - 36 46 48  - 20 26 18  6  - 53 13 17 37  -  - 31  - 11 38 51 42 57 34 44 50 33  7  - 23  4  - 43 29 39 30 45  2  - 32 55  3  -  9 19
 46 37  - 42 12  - 32 48 31 14 39  9 22  - 36  - 40 52 58  - 16 50 56  - 20 45  - 54 35  - 29  -  - 43 57 21 10 18  -  3 51 26  6  7  -  -  - 24 55 38 28  -  - 41 59 30 11 47  - 23
  8  - 15 30 52  - 33 31 41 22 16 26 17  - 27  - 51  2  - 18 42 13  - 34 59  7 53 43  - 28  - 19 44 47 54 49 12 14  1 20  - 23  - 46  5 21  - 60 58 45  4 10 39  9 24 50 36  6 11  -
 48 29 18 45 36  9 28 39 51  -  - 22  - 38  3  -  4 13 33 40  - 59 57  - 50 52 55 58  - 56 16 21  1 23 14 43 49  -  - 12 31  8 34  6 42 35 60 11 54  5 41 24 44 53 15 32 47 27 19 25
  - 10 58 34  - 43 26 53 55 50 44  - 32 59  4  8 22 57  - 60 41 36 21  - 39 14  -  - 31 16  -  - 29  6 48  - 11  5 38 28  1  -  - 37 33 56 24 18  7 52  -  - 47  -  -  9 12 19 30 54
 17  7  - 26  9 29  - 50  -  8 33 20 21 34 48 23  - 59 28  6  - 41 53 15 60  1 40 24 25  - 54 14 46 22 44 11 30  3 36 47  - 56 49 51  4  - 45 19  5 55  -  2  -  - 10  - 57 16 43 27
 45  - 21  2  - 24  - 37  - 35 12 39 16 51 60 18 11  - 10 53  7 42 15 17 34 49 26  3  - 25  6 47 56 57 50  9  - 55 48 59 32  - 28 33 30 31  - 41 36 13  - 46  - 44 43 52  8 14 40  5
  - 53 38  -  -  - 30  2 18 33  - 50  1 45 17  - 16 28 23 26 24 58 37 46 57 31 34 52 54 43 21 15 25  5 20 40 59 12 14 60 56 35  -  - 10  6  -  - 11 44  -  4 13  - 55 49 19  - 47  3
 51 35 30 13 28 14  - 26  -  - 59  1 34 39 19 57 48  4 50  7 12 56  3 37 15 17  -  6 22 18  8 55 23 31  5 16 36 45 21 29  - 54 53  2 60 47  -  - 41 24 32 11  -  - 33 27  - 20 52 40
 27 48 59 51 13 31 12  5  -  - 21 56 52 57 15 14  2 10 20  - 19  1  8  9 42 39  - 25 18  - 40 16 26  - 43  3  - 32 23  - 33 17  4 34 36 24 38  - 53 50 47 60  - 22 49 54  - 37  - 45
 25  5  6 12 17  - 20 10 59 52  -  - 56  - 45 28  7 40 42 38 53 21 55 26 23 50 49  8 11  - 30 27 37 36 33  - 19 13 51 14 60 16  2 15 58  -  - 34 47  - 54 18  - 43 22 48 41 31 46  -
 56 59 49 57 15 50  - 36 29 54 46  -  - 30 20  -  9 26 27  -  - 34  5 10  - 22  8 31 47  -  -  3 21 40 28  - 25 42 19 41  - 43 33  4  6  - 39 23 48  - 13 17 52  - 37 24  -  - 35  -
 37 11 53  8  5 45 34 59 58  - 31  - 28  - 32  - 30 39 16 20 54 19 44 42 26  3 29  - 41 17 51 56 43  7 60 57 27 33 10 13 12  -  -  -  -  2 52  1 21 48  - 35 24 14 25  -  6 18 38 50
 18 44  - 58  - 36 16 54 22  3  - 38 55 56  5 26  - 11 32 51  4 46  - 29 28 24 60  -  - 20 53 10 19 48 15 17 21  -  -  2 47 34 25 43 50 45 30  -  - 59 23 37  7 49  9 41  1 52  -  6
 43 46 47 38  7 40 13 27 14 23  4 18 49 16  9 48 55 35 29 52 30  - 34 28  - 32  - 44  - 41 59 11  - 24 10 31 58  6  -  -  2 22 50  - 56 19 26  - 12  - 25 42  - 20 53 57 15 39 45  -
 59 33 35 40 54  -  9 45  -  - 17 53  3 32 52  -  1 30  -  5 58  - 13  - 18 12 19 28  -  - 36  -  - 56  - 37 38 22 31 57  8 47 24 23 34 20  - 29  - 16 14 44 49  - 41  -  - 51  -  4
 58  -  - 60 43 23  - 14 45 37 32 27  7 13 28 56 29  1 39  8 25 49 20 48 40 46  6  4  3  9 42  - 57 34 51 50  - 15  - 31 54 59 18  - 52 53 19 33  - 21 17 47 55  -  5  2 30 22 36  -
  -  8  - 32 58 19  -  - 28  - 36  - 31 60 26 44  3 17 55 13  - 37 39 57 11  2 15 22  -  - 56  9 45 20  4 41  6  - 42 24 43 12  5 18 38  1 59  - 30 10  - 25 40 27 52 14  - 48 29  -
 35 52 27 17 30  - 37  3 54 12  -  - 44  -  2 55  - 34 43 58  9 28 42  5  - 57 14 11  1  - 38 29  6 21 59 18  4 36 26  - 23  - 40 48 51 25 10 47 15 60 24  8 20 39  - 16 49 33  7 41
 50 41 11  3  - 15  1 52 60 45 51 16 14 19  -  - 38  - 40 10 23  - 35 49 12  -  9 27  2 47 46 33 22 54 32  -  - 56  - 25 39  5 37 20 31 18 53 26  - 30  7 13  - 34 21  6 55  8  -  -
 53 20  1  - 16 13  - 18  9 26 14  3  5 43 30  - 44 42  - 47 52 45  2 60  - 27 38 57 48  6 31 22  - 10 21  4 54 49 40 17  -  -  -  -  7 32  - 55 39  - 11  - 28 15 12  -  - 35  - 34
 38 13  2  9 37  4 17  - 20 51 56 11 19  - 57 58 53 55  8 44  - 39 45 59 24  -  - 14 60 22 43 42  - 49  1 25  - 27  7 50 28  - 16 10 41 52  3  5 34  6 33 12 30  - 46 40  - 23  - 15
 57  4  - 48 19 27 44  9 33 32 15 42 38 29 16  -  -  - 22 54 43 10  - 56  8 60 11 37 30  2  - 52 41 35 34  5  3 51 39 23 40 53 47 24  - 59 14  - 45 17 12  - 31 28 58  - 26  -  1 46
  3 56 39 18  6  - 19 34 42 40 55  7 26 49 38 25 45  - 57 17 11 24 58 14 21  5  -  - 20 51 60 41  - 46  -  - 31  2 15 52 13 50  8 16 28 36  - 53 27  - 59  9  -  4  1 29 23 32 12 10
  -  2 51  - 29 18 25  1 43 36 53 12 58 55 59 54 20 15  4 57 37  6 22  8  5  - 10  - 49 45  - 17  - 16 40  7 24 21 30 46  9 44  -  - 35 41  - 50  -  3 48  -  - 32 39  - 13 38  - 26
  - 12 55  -  - 20 27  6 52 16  5 45  2 50  7 40 41 24 53 19 38  4 26 33 46  - 17  - 10 15 35 49 18  3  - 29 48  - 56 43 44  - 39 57  - 42  - 32 23 47  9  - 22 25  - 51 34 11 54 21
  - 25  7 27 32  - 42 21  5  - 29 30  - 47 58 16 15  6 11  -  - 48 52 22 17 41  2 60  8  - 55 43  4 39  3 28 57 37  - 35 26 24 36 50 20 12 46 44 59 40  - 14 45 10 18 19 31 13 53 49
 15 24  - 49 14 48 53  7  6 21  2 31  -  5 18 47 43  9 35 12 33 44 27  3 29 59 57 50  - 32 52 45 42 37 46  - 41 39 16 34 36  - 38 55 26 54 56  - 13  1  - 30  8 60  4 28  - 40  -  -
  6  - 48 36 57 41 35 32  - 49 28 43 20 40 12  - 25 27 34 11 56  5 23  - 58 44 50 45 21 42 39  2 54  - 30 33  - 24 37  7  -  4 10  8 47 16  - 38 17  -  - 55 29  - 19  1 51  - 14  9
  4 40 43 54 49  -  6 12  - 20  - 48  8  -  - 59  -  5  -  - 45 11  - 16 10 58 31 18 36  1  9 23 55 26 27 30 47  - 35  - 14  3 51 52 46 57 29  7  2 41  -  - 37 33 42 15 50 53 25  -
  - 42 13 21 20  1 41  - 25 18 40 49  - 11 23 51 24  8 31 22 29 54  - 35  9 15 28  - 50  5 26 60 58 45 16 12 53  7  4 30 34 36 48  3 55 39 43 57 14 19 38 33 17 37 56  - 46  - 32 52
 31  9 44 33 42 51 10 16 35 56 47  - 59 18 53  -  8  - 15  - 13  - 60  - 32 43 39 29  - 34 27 36  - 12  2  - 22 38  6 54  -  - 41 49  1 11 20 46 26 14  - 48 21 19 57  - 58 50 23  7
  2  -  - 14 60 28 51  -  1  -  - 46  - 53 13 49 18  3 26  9  - 57  6 55 45 36 56 35 17 19 50  - 10 32 37 59 15  - 52 39 24 42 29 22 25 33  7 40  - 54 44 20  5 31 47 11  - 21  - 12
 44  3 36  1  - 56  2 25  - 55  6 13 10  -  - 53  - 21 54 37 47 33 41  - 52  4 27 32  - 30 49 34  -  9  - 58 51 31 28 38 35 40  - 45 22 15 48 16  8  7  - 26 14  - 11  - 20 59 50 42
 32 45 26 56  - 22  3 29  2  6 43 41 30  - 37  4 33 25  - 23 18 60 36 27 16 42 20  7 39 54 34 53 13  -  - 47 55 10 44 40 52 57  -  9 14 51 17 12 24  - 31  1 11 50 35  8 28 58  -  -
  9 14 32 46 53 12  - 28 15 60 54 33 50 31  -  5  -  - 17 16 39 55 43 41 44 21  -  - 45 37  - 38 30 27 42  8 20  4 58 49 59 51  -  1 13  7 22 35 52 25  - 56 48 29  - 10 18  3  - 47
 52 22 17  - 48 34  - 55 10 15 20  6 43  -  -  1 27 54  - 35 26 18 49 31  2 23 24 46 32  -  4 51  -  - 11 53 13 60 33  -  -  - 19 14  - 50 12  3 37 56  - 16  -  7 40 44  -  9 42 30
 24 51  5 25 47 35 39  -  - 57  - 55 12 27 10 38  6 31 37 43  -  7 46 30  - 19 54 59 23  - 33 40  8 42 22 45  - 11 17 21 48 41 26 13  - 28 49 36  1 53 15  -  9  3  - 18 60 34 20 44
  - 49 45 22 27  - 31 41 53 19  3  - 39  1  - 20  -  -  7 36 59 35 54 23  6 11  5 40 55 29 58 12 47 51 13 32 33 48 60 26 57 37  - 38  2 30 25 10  -  9  8 15  - 42  -  - 14  4 44 17
 39 50 23 20  -  -  - 49  - 41  8 44 33 14  - 34 52 38  - 21 40 31 32 43 35 25  - 16 56  - 48 13 51 30  6  - 45 28  5 53 55  2 27 60 12 10 11 37 46 22  1  7 54 18 36 17 59 29 15 58
 60  -  - 23 10  - 21 11 47 24 58 57 46 25 43 37  -  - 30 45  2 52 16 53 33 38 32 48  - 31  5  - 34 19 41 54 35 26 59 27  -  -  1  - 49 55  -  4 20 29 42 28  -  -  3 39 44 17  - 56
  7 60 24 43 40 39 36 19 12 27 25 37 13  - 47  - 35 44 21 34 49 20 30  - 41  - 52 38  6  - 23  4  -  8 29  - 17 58 11 32  - 55  - 59 15 46  5 42 33 18  3 57 10 45  - 56 54  - 22  -
 10 36 12 50  - 32  7 24 13  9 48  8 51 37  - 35 47 43 44 31  -  - 14  -  - 56 42 20 34 60 19 18 52 17 55  - 28 59 27  6 41 58 30  -  -  - 33  2 22 23 46 39 53 21 26  4 29  -  3 57
