2880
 40 11 34  - 21  -  -  -  - 23  - 18  -  - 57 22 37 60 28 51  - 32 58 59 30 53 38 47  2  8  - 29  -  -  -  - 19  - 50 44  -  1  - 45 49  -  - 26 33 41 12 36  9  - 42  6 14 20 35 43
  6 16  5 18  -  -  - 17 29 37  - 28  8 32 30 56  3 50 13 35 14  - 47 46  4 31 22 39 34 42  - 48 20 26 58 38  2 33  - 43 36  - 53  - 21 51  7  - 25  - 60 41  - 54 10 23 49 59 40  -
  -  -  -  8 19  - 13  - 37 48 28  - 50 36 49 55 59  - 25  6 35 42  4  - 47 20  -  3 32 17  - 39 53  - 38 33  - 54  -  7 34 10 12 23 11  -  1 57  -  - 29 18 51 27 21 40 31  -  -  -
 37 27 18 24 26 51  - 47 56  -  - 23 13 22 14  3 10  5 42  4 30 52 11 53  - 50 20 17 38 58  1 36 39 40 29 46 57  - 48 33 45  - 34 49 43 60 54  - 16  9 55  -  - 15 19 12 59 31 21 32
 29 54  - 33  -  1 37 57 58  - 45  - 59 43  - 27 47 56 60 11 25 49 51 31 34  - 50  -  6 40 28 32 13  -  2  - 48  7 16 15 52 24  4 14 18 26  9 55 17 19 21 46  - 30 41  8 22 38 10 39
 56  4  - 44 55 16  7  - 45  - 30 24  -  5 34 38 15  - 51  9 21 46 54 48 37 26 33 12  -  - 50  - 31 42  - 19 41  - 60 20 11 25  3  1 17 52 23 49  - 18  - 57 28  - 32 36  -  -  - 13
 50 20 54 10 13 21 16 22  1  - 31  4 52 35 19 18 28 34 41 43 47  8 23 58 53 33 51  2 49  - 12  6  3 56  - 11 38 48 45 59 37  - 42 26 44 55 32  - 24 25  9  -  7 17 39 46 60  5 36 14
 53 42 40 11 34 47 32 48 46  8  9 56 45  - 39 52  2  - 38 55 43 26 28 30 54 59  -  - 60 57 10  5 50 33 25  - 36 19 23 17 44  7 27  - 41  -  - 31 58  -  - 22  -  3  6 14 15 12  - 29
  -  - 57 47 28 15 29 31 19 20  4 55 16  3 50 11 12  -  -  - 42 56 26 18 59 21  2 10 40 39  -  - 35 13 14 54 30  -  -  - 51  -  - 44  6 34 52 22  9  - 36  8 38 24 37 33 17 43  - 41
  2  6 31 28 49  -  -  - 51  - 48 27  -  - 42 53 60  - 26 46 23 39 19  5 45 32  1  -  3 41 56 15 16  - 40 21 24  - 37 55 59 58 57 30  -  - 44  -  -  7 17  - 22 35 50 10 29  - 11 25
 60  - 14  4 22  -  - 32 31 38 27 54 10 34 43 24 41 57 15  5 18 29  - 49 39 55  7 36 25 13 37 53 46  - 47  - 33  -  - 48  6 44 50  8 35 23 26 40 19 11 58  9  1 59 52 17 12  2  - 51
  -  -  - 17 54  - 56 34 22 59  - 13  1  -  6 15 29 55  - 31 36 57 32 19  - 45 21  7 20  - 25 51 60  - 37 10  - 46 38 27  - 14 58  5  3 18  8 16 40 42  - 26 11 47  - 49  - 24  - 50
 23 12 21  - 45 11 44 25 20 31  - 32 18 56 47 10  -  - 17 38 49 54 48  6  - 46 19  -  - 27 51  1  -  7 59 22  8 37  -  -  - 28  -  - 15 58 13 30 60 29  3  -  5 34 24 42 26 16  - 57
  1 14  6 59 25 39 12  - 34 51  -  -  - 48 41 47 55  - 18  - 15 43  2 36 50 37  - 31  - 35 53  7 19 23 28 29 49  4 40 57  - 54  - 22 60  8 24  -  - 38 46 32 52  9 45 44  -  - 13 33
 30 37 47  -  8  4 33  - 15  - 17 42 25 13 58 54 44 41  -  2 32 36  5 16 24 34  -  - 55 18 11  -  - 57  -  - 28 26 27 19 12 29 43 56  - 59 45 51 38 35 22  3 48 10 31  - 52 53  - 40
  8 57 10 23 56 31 51  2 44 14 18 25 47  -  - 16 52  - 32 48  - 24  3 42 20  -  - 26 30 28 46  9 34 39  - 36 22 41  5 45 55 12 11 54 40 37 43  - 13 53 27 29  - 58 38  - 35 60 49 17
 36 26 27 39 23 33 19 28 57 22 20 11  - 52 31 60 46 40 16 30 58 10 13  - 18 41 14  - 37 45 17 21  - 12  3 15  - 32 55 25 50  8 59 34  5  1 42 24 44  2 51 53 43  4  7 38 56 48  9 35
  -  9 33 25 42 48  - 37 14 53  -  7 15 10  - 32 40 31 29  -  - 23 24 45  - 27  3  - 50 11  6  -  8  -  - 43  5 28 17 35  -  - 46 58 57 21  -  - 30 13 26 54 49 36 47  - 44  - 52 16
 16 41 20  - 39 26  5  - 13 46 34 30 55  - 12  2  -  6  - 10 52  1  8  4 44 54 57 19  - 51  - 40 58  - 23 50 15 14  9 47 49 32  7 42 27 38 35 45 43  - 48 21 25 33 28 56 36  - 18  -
 32 29 23  5  -  8 25  1  -  - 44 15 24 51 59 19 56  4 21 26  - 55 31 17  - 10 49  - 28  -  2 16 38 37  - 57 60  6  3 53 58 18 35  - 45  9 39  -  - 47 41  -  - 43 14  - 20 34 27 52
 35  -  - 49 24  5 26 50  7 18 43 60 58 29 38 25  -  - 22  8  9  - 10  1 46 52 39 53  - 19  -  - 36  - 27 48 23  - 47 41  - 30 15 16 14 28  -  6  4 55  -  -  - 40 59  - 51 44 56 31
  - 47 26  1 15 27 31 21 28 12 60 17 56 45 54 44 48 30  4 34 38 35 53 23 32 24  5 46  -  - 43  -  - 14 42  9  -  - 41 58 57 39 52  3 25  - 19  - 29 10 20 33 36 22  -  -  -  -  6  7
 34 56  - 37  1  - 27  -  - 54 41 43 23  4 10  - 36 14 49 50  5  3  6 57 31 39 52  - 17 48 29  -  - 35  -  - 55  9  - 26 16 42 24  -  8  2  - 44 18 46 33  - 47  - 25 58 28 30 45 11
 14 33  - 54 10 60  4  - 38 24 26 49 42  - 53 58 43 22  - 12 50 45 16  7 40  -  -  - 31  -  - 18  - 47  5 39 13 17  6  8  1 46 32 36 20 44 34 28 35 59 23 15 55 25  -  - 21 27 30  -
 26 53 51  -  - 34 20 45 10 47 59 22 44 27  1 46  9  -  - 41  6 50 18  - 35 40  -  - 14  7 38  3 21 15 48 13 54 12  -  4  2 16 36 25 28 43 56 58 31  - 24 23 19 52 55 57 39  -  - 60
  5 22  8  - 41 14 18  - 43  6 50 45 54  2 56 39  1 38  3  - 37  - 55 29 11  7  4  -  - 60 35  - 23 17 51 24  - 20 53 13 46 47  9 15 59  - 21 10  - 12 52 48 40 44 36 19  - 49  - 27
 12 15 38  -  - 45 43 42 23 44  7 51 27  - 18 36 33 11 10 20  - 17  -  2 25 60  - 54 35 46 47 49 32 24 21 58  6 50 39 37  - 59  1  - 13 19 41  5  - 16 31 30  8 53 56  - 40  9  - 22
 55 40 49 51 20 57  - 59 12 42  3  1 36 54  - 33 31 45 23  7 22 27 14 34  9 16 32 29 21  6 52  4 10 44 15  - 46 18 35  - 24 48  - 60  - 11 28  2 41  5 37 58 26  - 30 53 50  8 25 56
 15 19 29 26 44 17  9  5 49  - 42 47 32  6 21  7 38  - 30 45 54 48 35 20 14 56 55 43 57 52 16 10 33 36 13 60 58 31  -  3  - 11 41 28 12 24 37  - 27 50  -  - 34  2 51  - 23 25 46 53
  - 43 11  6 53  3  1  - 32 60  8 10 28 50 51  9  7 37 39 14 44 30  - 33 48 42  - 55 27  - 59 17 29 38  - 35 16 56  2  -  5 57 49  - 46  - 36 52 22 20 25  4 15  - 12 41  - 13 34 23
  3 39 43 22 46 50  2 49  9  - 36 35 20  - 37 12  -  -  -  1 17  4 33 52 15 58  - 21 45 34 57 56 25  -  7 51 32 30 24 40 53 13  - 59 38 14  - 47 48 31  -  5 10 41 29 18 42 19 44 55
 38 55 58 14  6 28 24  -  5 29  1 21 60 44  -  - 26 18  2  - 31 34 12  -  - 19  -  9 54  -  - 37 11 48 35  -  - 36  -  -  3 43 45  - 56 39 25 20  - 22 59 40 32  8 33  - 46 15  -  4
 51 24 52 38 35  - 60 30 48 32 11  2  3 19 46 14  - 17  - 57 56 40  - 21  1 29 28 33 47 15  9 58  - 43 49 41  -  8 25  5 20 34 10 53  7 12  - 13  - 39  6 27 44 42  4 55 16 18 54  -
  - 52 50 12 29 37 40 20  - 41  -  3  - 16 32  -  - 25 36  - 39 21  -  - 10 28 27 56 18 59 26  8 14 55  1  - 31 60 13 30 54 33  2 38  9 48 53 42  6 58  - 44 45 46 35 34  4  7 47  -
  - 32 39 57  - 13 47 26  - 36  - 31  6  8 27  - 34 10 55  - 19  7 22  3 17 11 25  5 29 43 21  -  2 52  -  - 45  - 49 42 28  9 18 41 24 20 30 12 46 51 50  1  4 60 40 37 53 14 15  -
 44 45 46  - 16 10  8  6 39 50 38 48 53 15 60 26 32 23 43 28 12  2 42 41 13  5 29  1 19  - 24 59  -  - 11 20  - 22 36 34 47  3 14 55 33 27  - 17  - 21  7  - 35  - 54  -  - 52 51 58
  -  -  - 42 33 53 35 58 55  7 19  -  - 23  3 28  -  1 54 37  -  - 49 39 16  -  - 18 56  4 34  - 48 22  9 32  - 57 26  - 30  - 20 50  -  - 29  8 59 15 45 60 14  6 44  - 11 47 43  -
  9 36 24  - 57 58 52 14 30 15  5  6  -  -  -  1 19 27 56 59  8 25 44 43 49  2 37 28  - 21 18 47  - 50 33  - 35 38  7 11  - 17 60 12 55 46  - 41 51 23 16  - 54 13  -  4 45  3 39 10
 18 23 53  - 50  - 36  -  - 49  - 26 21  7 45  4 17 16 46  - 24 19  - 38 58 48 59 42 15  9  8 54 41 28 30  - 51  5 44  6 35 31 56 52 29  3  -  - 34 43 13 39  - 20  1 25  -  - 12  2
 10 49 25 31  7 41 23 33 36 30 58  - 35 57 44 20 50  -  -  - 40 47 21 55  - 13 18  - 53 12 15 27  5 51  - 52  9 16  - 24 17  2 37  - 19  -  - 59  8 48  1 42  3 26 22 60 38  4 29 28
  - 30 28  2 36 23 55  7 50 43 25 16 26 58 13  - 20 42 14 27 60 59 37  -  3  4  9 57 46 31  -  -  -  -  8 34 39 29 21 38 56 15  -  6 22 54 47  1 49 44 40 10 33 32 53 35  5 17 24 48
 25  3 19 43 11 20 48 36 16  1  -  -  9 18 40  5 58 26 31 52 41 53 46 44 51  -  -  - 12 55  - 60 54  4 57  -  - 35  - 50 14 21  8 37 32 13  6 39  - 56 34 49 30 45 27 29  - 33 23 15
 24 59 30  3  5  7 39 12  2  -  - 36 11 41  8 35 57 33 40  - 28 31 17 14 21  - 47 48  4 53 58 52  - 45  - 23 27 15 46 22 29 56 25 32 42  - 10 60  1 54  - 13  6 50 34 20 18 37 55 38
 45 38 55 36 59 19 15 53 41 57 13  - 12 24  7 29  5 52 11 18 10 51  - 28 26 14 46 30 22  3 49  2  6 27  4 47 17 42 34 60 33 20 23 39  - 32 40 21  -  8 43 50 58  1  - 31 48 54 16  -
 49  7 15  - 27  6 53 44 54 39 52  - 22  9 36  8 11 51 37  - 45 33 38 32 55 23  - 60 41 16 40 42  - 30  -  4 56 24 29 14  -  -  - 35 34 50 20 43  -  -  2 25  - 28 26 59 13 21 57 47
 46 17 60 30  9 32  -  - 26 19 12 14  5 38  - 59 13 54 58 15 29 28 50 37 52 22 41  6 42 47 48 45 24 11 44  8 34 27  4 56 25 55 40  - 16 35 49 53 36 57  - 31 39  -  3 21  1 10  - 18
  - 35  2  - 58 29 30 10  -  - 33 37 40  - 25 34  - 53 50 42 13 15 43 56 28  9 26 41  -  - 32 19  - 46 17 44 52 39 18 16  -  4  6  - 31  - 55 54  5 36 38 12 20 21 11 22 27 51  3  -
  4  8 45 58 48  9  6 29  - 26 46  - 17  - 20  - 27  - 19 24  2 18 30 15 36 25 10 35 44  5  - 33  7  - 60 59 43 51 31  1  - 37 28 11 47 16 38  - 56  - 53 55  - 14 57  3 54 39 41  -
 28 31 36 45 37 55 46 60 47 52 35 58  - 39  - 50 16 20 24 33 48  6 40  -  5  - 12 11 10  -  - 23 43 21 41 14  1 25  -  -  7 53 22  9 26 17 51 15  - 30 44  2 18 57 49 27  3 56  -  -
 31 25  1 55 47 44 59  8  - 33 15 34  - 37  4 43  6 24  - 22 20 38  7 27 29 12  - 49  - 23  3 13  9 41 45 26 50 40 14 18 21 52  -  - 48 30 16 11  2 32 56 35 53 19 58  -  -  - 42  -
 54 50  3 20 30 36 11 24 21  9 16 53 33 17 15 57 39  - 47 29  -  - 45 40 23 35 48 44  5 25  4 46 28  -  - 55  -  - 12  -  - 19 31  - 52 10  2  - 14  - 49  - 56 18  8  7 34 41 22 59
  -  2 32  - 12 56 28  - 18  - 54 29 41 42 11 49  - 46 33  - 55 20  9 50 22  3 60 25  -  1  -  - 27  - 24 17 21 47 52 10  - 45 48  - 53  6  - 38  - 14  4 19 59 39  5 30 58 36  -  8
 48 46 37  -  4 59 50 11 53 40  6 52  -  - 23  -  - 58 12 49  - 41 60  9 56  1 13  - 51  2 39 57 26 29 16  - 10 34  - 54 32 22  - 27 30 33  3  - 20 17 35 28 42 55  - 47  - 45 31 44
 13  -  - 35 51 30 38 39  - 28  - 46  - 31 29 42 45 43 48 21 27 58 34 25  2 44 23 20  - 49 22 50 47 18 56 16 59 52 32  - 10 41 17 40 36  4 11  - 57  6 15 24 12 37  9  5  -  1 53  -
 20  1  9  7  -  - 49  3 40 58 10 59 57 53 17 37 42  -  5 44 11  - 25 12  8 47 45 23 13 36  - 26  -  - 52  6  4 43 22 32 27 38  - 51 50 15  -  - 55 28 18 56 31 16  2  - 19 29  - 54
 19  -  -  - 14 35 57  9  -  5 49 20 29 47  -  -  - 21 53 13  7 60  1 11  6 36  - 45 23 56 31 25 22  - 34 12  - 44 43 39  8 51  - 10  - 42 46  4 28 27 54 52 41 38  - 48 30 50  - 24
 42 28 16 53 40 22 41 15 35 10  - 50 39 11 33  6 24 48  9  3 46 13 20  -  7 18  - 58  8 32 23 14 55  1 43  -  - 59 56 12  -  5  - 47  - 25  - 34  -  -  -  - 29 51 17  2 57 26  4 21
 41 10 13 32 38  - 45 27 25  2  - 19 30 59 48 40 21  7  8 54  -  9  - 26  - 51 16 15 39 22 60 34 12  3 55  5  - 49 42 31  4 36  - 18 23  - 14 35 53 37 57 17 50 29  - 28 43  - 20 46
 57 21  -  - 52 42  - 55 60 27 32 41 51  -  - 17 25  -  - 23  - 12 29 24 43  8  6 34 58 26 36 28 44  - 53  7 14 10 20 46 48 40 38 19 37 47 18  9 39  3 30 45 16 11 13 54 33 22  5 49
 58 48  - 16  - 52 42  -  3  - 40  9 14 26 55 21  -  2  - 56 34  5 36 35 57 15 31  4 43 30 44 38 17 19 12 37 53  - 59 29 22  -  -  - 54  -  - 27 32  1  8  7 46 49  - 39 47  6 33 20
