2880
 17 34 11 39 25 28 60 49 24 58 29 52  - 20 51 31 26 45  -  5 14 22  - 41 56 44  - 37 33  - 55  7  -  -  - 35 54 18 40 43 21 36 42  -  6 23 53  2 13 38 59 12  -  - 19 30 50  - 27  4
  4 31 53  - 50  - 12 57 47  - 34  - 33 23  -  7  2 18  9  - 46  1 30 35 17 51  - 25  5  -  6  - 27 16 14  - 11 52  - 39  - 56 36 40 22 37 38  - 28 13 15  - 20 48  8 60 21 58  - 24
 52 40  - 42 11 38 44 58 16  -  -  - 14 46  - 18 10  - 54 41  - 27 37 15 29 28 21 56 12  8  - 51 43  -  5 47 26  - 13 49 55  -  - 36  7  - 19 45  3 60 34 48 33  6 22 50  9 30 39  1
  - 10 58 11 16 34 21 37  8  7 30 13 59  - 31 40 46 51 53 52 39  - 23  - 60 42 19 15  -  3 17 14 54  - 41 38 22 47 32 50 18  1  -  6 29 20 36 12 55 49 44 45 56  4 24  5 43 25  9  2
 43 17 51  8 34 14 55 50 30  3 11 45  4 21 44 13  - 53  - 59  - 23 39  - 24 47 54 27 15  1 56 25 57  6 49 19 31 12 52 32 58  - 48 29 42  5  - 18 22 36 60 20 26  - 46 10  2 38 35  -
 22  8 54 57 14 48 37  -  2 19  -  - 47  7  1 23 40 41  4 58 56  3  - 24  6 11  -  - 32 52 59  - 26 18 15 20 49  -  - 25 36 29 38  9 53 30 55 60 31 27 51 44  - 10  - 13 33 42 28  -
  - 35 30  - 10  -  9 11 27  - 58  5  - 44 60 42 55 49 48 14 34  - 32  2 15  -  - 57 21 25 31 26 28 54 38 37 29  - 46 41  1  6 56  7 23  - 40 36  - 59  4 47 24 45 53  3 17 43  - 19
 59 24 33 49 48 41  - 38 42  - 36  - 30 28  - 52 14  - 57  -  - 26  -  9  - 23  2 18  - 13 19  5  - 50 54 39 45 16  -  3 32  -  - 37  - 47 43 53 40  4 35  8 21 46  6 17  - 10  - 34
  - 30 40 10 39  3 48  - 56 37 49 14 57  - 52 51 45 47 46  2  -  6 12 59 50 38 43 31  - 32 36  - 22  - 17 60  - 33 19 13  - 42 34 23 18 58 25 55 53  7 27  -  5 28 11  9 29  1  - 16
 28 49 35 29 51 55  -  - 34  2  9 50 13 24 19 53  -  - 25 17  -  5  8  4 36 21  -  - 31 26 48 10 20  - 60 30 32 15 37 40 12  - 52 57  1 54 18  -  - 56 58 27 14 33  3 59 23 22  -  7
 57 36 42 25 56 32  - 60 48  5 21 33  -  - 34 26 37  1  6  -  - 46 10  - 51 17 28  2 11 29  4 23 49 20 18  - 39  3 45  8  - 22  - 44 55 38 58 15  -  - 41 53 13 31 27  - 40 59  - 47
 41 23 38  -  7 58 25  2 39 26 28 54 17  - 47 33 20 12  3  -  - 34 19 42  - 35 52  8 50 36 44 15  -  -  - 22 18 24 21  - 31 13  -  5 27  - 16 40 56 45  9  4 48 57 30 53 59 11 37  -
  -  - 47  -  - 59  2 23 10 13  7 56  6 25 40 57 27 52 37  -  8 50 31 20 21 16  - 58 38  - 33  - 17 43 30 29  4 39 26 44  -  -  5 15  - 34 51 42  -  - 54  -  3 14  - 46  - 55 60 45
 24  -  - 36 54  5 47 46  9 28 17  3 35 57  7  - 43 33 45 50 58 16  2 22  1  4 12 13 26 40  -  - 11 29 44  - 15 10  - 23  8 60  - 31 30 53  -  6 48 25 21 42 37 39 38 55 32 20 34 18
  - 26 32 19  -  -  -  - 22  - 14 21 50 53  8 59  4 24 43 10  5 37 33  6 45  - 30 46 49 12 29  3 18 60 13 16 25 54 55  9  7 20 31  1 40 56 48  - 27 17 28 34 23 41 36 35 38 51  2 42
 15 51 46 44 59 23 18 33 60  1  - 10 58  3 41 36 52 17 22  -  7  4 49 30 42 14 37  - 29 45 24 32 31 13 16 50  -  9 28 20  5  -  8  2 39 48 11 47 25 19 53  - 12 34 35 38 56 26 57 54
 29 12  1  4  -  - 27  6 58 45 38  - 56 13  - 47  -  -  - 48 16  - 26 50 41 18  - 43 34  -  3 21  - 46  9  5 42  7  - 52  - 32 15 54 24 11 35 25 59 57 31  - 28 19  - 36 22 39 40 10
 38 15  5 21  - 57 20 39 17 12 56 40 24 42 26 55 50  - 35 32 33  -  4 31 46  - 47  - 25  - 34 45 48 14 27  - 23 28 60 22 44 52  2  - 59 16  -  -  8 37 19 36  1 54 51  7 11 49 30  9
 47 21  - 34  - 52 41 18 20 54 48 17  1 59 28 32 39 26 29 46  -  - 45 37  - 19 24 30  3 42 43 35  5 51 36  8  - 40 53  4  - 55  7 49 38 60  - 14  -  9 23 58 11 16 13 33 31 57  - 27
 10 22 50 28 47 49 16  - 37  - 52  -  2  8  9  - 56  - 13  3 59 42  7  1 20 33 45 48 39  - 23 30 19 40  6 21  - 35 57 24  - 58 60 25  - 31 44 41 34  - 36 11 18  - 26 32 54 46  -  -
 16 28  - 27 36 60 13 51 15  - 32 53  -  5 30 25  - 11 31  -  -  - 46 55 57 34 26 47  4  9 12 39  1  - 23 40 52  - 10 58  6 17 24  - 14 41  - 49 54  2 56 50 35 29 42  - 20  - 19 59
  2  -  4  -  - 10 56  1  -  - 27 24 55  - 46  - 13 34 39  - 20 28 22 19  7 57 49 33 17 37 40  - 25 23  -  - 51 42 59 29 54 45 41 43 48 44 47 50  5 11 12 38 60 26 52 15 58  8 36 14
 31 59 43 53 13  - 29  - 52 50 24 22 40 45  - 27 18 20 36 57 26 39 38 47  -  - 14 23  - 54  -  9  2 11  1  4 19  - 44 21 17 37 35 16  -  - 46 58  -  -  3 41  8 25  -  - 48  5  - 12
 19 33  8 15  2 35 24  - 44 43 51  9 10 30  - 45 49 25  5 37 50 36  -  - 32  - 42 21 46 17 38  4 53 47  - 27 55 59 16 57 56  - 39 28  -  3 13 31 60 48  -  - 52 58  - 20 34  6 18  -
 18 16 27 45 12 30  1 35 50 31 10 47  - 11 53 39 29 21  - 49 37 59 24 32 34 20  6 14 58 43 26 19 52 33 56 15  -  4 54 17  -  -  - 13  8 25  5 46 38  -  2 55 51 36 23 57 44  7  - 40
 26  -  2 60 18 53  8 28  -  - 33 19  -  - 39 43 47  -  - 51 17  - 36 44 59 22  -  9  - 15 41  - 58 37 52  - 14  - 23 35 27  - 10 32 13 50  -  - 16 54 25  5  7 21 49 40 30 12  -  3
 60  - 55 26  - 20  - 24  - 53 42 11 41  -  -  - 17 31 33 19 32 45  -  - 48 59  -  6 18  7 51 54  - 28 12 36 30 23  8  - 38 57 58  - 49  9 50 35  1 21 39 43 40 37 44 56 27 16  5 15
 14  9 52  7 60 39  6 55  4  -  - 26  - 15 50 11  - 46  -  - 27 51  1 21 54  8 31 10 53 59 22 20  -  3  2 13  -  - 29 34 45 41  -  - 58 49  - 48 12 44 16  - 47 32  -  - 42 19 17 36
 30  - 25 18  - 27 35  -  - 48  4 57 36  1 16 60  -  -  - 40 12 21 11  -  3 45  9 22  - 44 10 31  - 49 28 17 33 14 39  -  -  8 29 51  - 43  - 34 50 15 42 26 41 59 54  - 24 23 38 58
  3 43  - 24  - 50 19  - 40 17  - 48  9 51 23 49 59 36 16 42 35 29  6 28  - 27 57  - 22  - 60 53 41 21  4 10 58 20 56 46  - 34 26 45 25  8  2 11  7  1  5 32 30 13 33  - 15 18 47 31
 39 52 13  5  - 22 10  - 32  - 57 34 54 19  4 56 48 29 24 23  - 20  - 53 47  9 51  7 14  -  - 43 60 27  - 46  - 11 35  - 42 33  1 30 12 55  - 21  -  - 50 40 44  3  - 31 16 37  6  -
  -  -  -  - 23  - 17  5 25 49 20 43 26 31 11  - 34  - 18 27 41 15 35  8 52  1 13 45  2 56  - 57 14 36  3  - 60 32  -  - 29 59 37 58 47 33  6 22 42  - 38 10  4 44  7  - 19 54 50 21
 36 47 23 54  -  2 45  -  - 60  5 38  -  - 18 35  -  4 12  - 49 58 41  - 26  - 32 52  7  - 42  - 39 15 51 11 13  - 22 48 40  9 30 27 28 21 24 44 19  6 10 56 46 53 20  -  -  - 29 50
 49 37 44 56 45 17 38 19 36 29 12 25 52 50 10 15  -  - 51 60 40  -  9  5 23 31 48 42 35 18 54 11 33  4 47 58 34 41 24 59 22 39  6 55  -  7  - 26 57 20 43 28 27  8 16 21  3 14 32  -
 25 44  3 40  -  - 52  - 59 33  8 32 51 56 12  5 24 55 19 18  -  - 60 49 14 50 22 28  -  - 30  2 45 48 10  - 27  - 31 15 16 35  9  -  -  1 42 54 58  - 17  6  - 20 34  -  - 29 43  -
 50  -  6 41  5 16 40 45 38  - 59 42 48 58 20 28  1 32 11 55 47 19 15  7 10 53 23 49  - 46 57 22 24 44  - 33 21  2  - 12 14 54 13 35  9  -  3 30 52  - 29 37 25 27 43 18  8 31 56 60
  1 25 15 22  - 31 42  - 29 44 16 60  - 10 35 34  - 28 14 45  9 17  3 48 37  6  - 59 40  - 52 36  7 55  8 56 20 53  - 27 33 47  -  4 54 13 32 19 18 23 49 21 39 43 41 26  5 24 51 38
  5 18  9  6 17 12 34 25  - 30 43 51  - 49  - 44  3 39 56 15 54  -  - 11 33  7 29 60 42 38 37 16 55 41 32 59  - 21 36  - 52 50  - 19  4  -  1 28 24 58 26 22  - 35 10 45 47  2 46 13
 13 48 18  - 32 11  -  7 45 15 39 44  -  - 27  9 54 59 47 33 19 57 28 12 40 10  - 34 51 16  -  -  - 35  -  -  - 31  -  2 26 43 17 50 20 14  -  5 37  8  1 30 49 56 55 29 25 60  3  -
 27  7 41  3 38 26 15  - 21 18 54  8 44 35 49 10 32  6 58  -  1 43 13 60  - 37 33 16  9  4  5 17 29 39 25 53 36 22 51  -  -  - 28 12 57 19 45 56 20 40  - 59 50 11  2 23 14  -  - 55
  8  5 14 20 42 43 58 15 55 23  3  - 60 16 33  4 11  - 10 28 57 25 40  - 27 56 50 32 48 49  -  - 30 59  -  - 12 37  6  - 51 31 53 47 45  -  7 24 29 46 18 54  9 38 39 52 35 17 22 26
  6 57 17 31 22 46  3 53 33 25  - 15 27 54 42  2 38  - 44  - 13  -  -  - 28 55  -  -  -  - 35  8 32 24  -  -  5 30  -  - 49  - 59 11 26 52 39 20  - 18 48  1  - 51 40 14 41 45 58  -
 32  - 16  - 49 37  4 40 18 22  - 41  - 34 14 50 30 43  2 21 60  - 25 52 11  - 46 53  -  - 45 38 12 42  7 55 56 17  -  - 15  - 47  -  3  -  - 39  - 29 20 13  -  9  1  8 36 33 54 28
 58  - 39 32  1 25 11  - 14  - 18 49  - 22  -  - 12 42 38 53  - 24  5 36 44 48 40 35 45 41 47 60  9 57  - 52  8  6  - 28 20 46 21 56 43  -  - 10  - 26 30  3 31  - 50 19 13  4  7 37
  -  - 20 52 27 15  - 32 13 41 44 58  - 40 57  - 60  5 42 43  - 56 55 25  8  - 18  - 10  - 49  6 59  1 24  - 47 51  7 33  3 14 45 17 34  -  4 16 46 12 11  9 19 30 31  - 28 48 23  -
 34  3 12  1 28  - 46 14  - 35  -  6  8 47  5 41 19  2 20  - 29 38 48 17 43 58 55 39 13 33 18  - 16  - 37 42 24 45 50  7  - 40  - 10  -  - 30 51 15  -  -  - 54  - 59  - 57 53  - 25
 48 29 57 35 20 24  - 17  -  9 25 27 23 37  3 54 58 22 60 16 36 47  - 13 49 40 53 26 55 11 21 46 44 38 42 14  -  - 33  1 43  2  - 18 31 51 15 52 45 10  8  -  6 12 56 28 39 34 59 30
 42 14  - 38 52 54  7  -  5 10  - 46 25  - 32  - 51  8 30  1 28 60  - 57 16  3 35 36 23  - 39  - 15  9 34 45 43  -  - 56 48  4 18 24 21  - 29  -  2 47 22 49 55  -  -  -  - 50 20 53
 40 45  7  9  - 56 26 16  - 39 31  4 11 52 21 19  6  - 27 25 48 49 58 54 22  -  -  - 20  2 13  1 46  - 59 51 53  8 17 18 34 12 50 41 35 42 23  - 47 28 57  - 38 15 14  - 37 44 33 32
 56  1 21 43 57 33 51 36 35 47 40 59  5 32  - 48 22  -  8 38  - 55 34 26 30 15 27 17 41 14  - 28 23 58 50  9  2 29  - 19 37  - 46  3  -  6 54  - 10 24  -  7 16  - 18  4 53 52 11 39
 46  - 24 23  -  9 59  -  7 21 22  1 49 36  -  - 57  -  - 20  - 12 17 18 53 26 25 54 16  -  -  - 13 19  - 43 35 27  -  -  2 38  -  8 15 28  - 33  4 55  6 52 10 60  - 47 45 56  - 48
 37 58 31 48 55 13  - 30 49 51 15  - 21 18 25 38 42  - 32  4 45 54 56 46  5 29  - 50  8 22  9 52  -  2 20  3 28 26  - 16 39  - 23 60 36 10 33 57 17  - 40 14 53 24 12 41  1 35 44 43
  9 53 48 37 40  -  - 56  -  6  1 18  -  - 29  - 25 27 15 34  4 32 44 14 31 60 17 11 19 35  2 49 36  5 43 41 57 58 47 51 59  -  - 20 33 46  -  7 26  -  - 39 45  - 28 24 52 13 10 23
  -  - 28 12  - 47  5 26 53 11 19 16 38 29 45 22  7 58 23 56  - 33 52 40 39 49  - 24  - 20  - 44 37  - 57 18  -  -  - 55 25  -  - 34 50 27 10  9 36  - 46  - 17  2 48  - 60 41 31  8
 33 55 56  - 15  - 43 59  - 38  -  7 22 17  6 12 53  9 21  8  2 18 16 29 25 41 44  -  - 30 28 13 10 34 26 54  -  - 11  -  -  3 14  - 60 35  -  - 39  - 32  - 42 47 45 58 51  -  4  -
 21 32 10 33  9 42 54 12 26  4 47 23 45 38 22  1 44 37 40 36 53  -  - 58  -  2  - 29  -  5  - 34  6 25 19 57  - 46 15 60 30  -  3 39 11 59 20  8 35 50 14  -  - 55  - 48  7 28 24 17
  - 38 34 14 26 29 23  4 57 46 41  - 20 43 59  -  - 15  7 12  3 30 53  - 55 32 56 19 28 39  -  -  - 17 31  -  9 13  1 42 11 49 51 48 44 45 60  -  - 35 33 24 58 22 25 54  - 40  -  6
 20 56 26 30  -  6 49 29 28 27 35 55 12  - 54 17  8 10 59  9 11  7 18 51 19  5 38  3 43 23 53 37  - 31 45  - 50 44 14 47 60 25  4  -  - 22 52 13 33 41 24 16 34 40 58 39 46  -  1  -
 35 13 36 46 30 21 50 48 19 24 55  - 29  6 38  8 28 40 49 39 15  - 20  - 12  - 58  5  1 10 16 41 56  - 53  -  7 34  4 31 57  - 25 42 17  - 22  3 32 33 45 60 43  - 37 27 18  9 52  -
  7 27 59 50 53  8 39 22 41  - 13 12 16 60 43 20 33 23  -  - 31 48  - 34  9 52 10  - 37 24  1 58 38 30 40  2 44 49 18 26 28 51 11  - 46 32 57 17  6  3 47 19 36 42 21  - 55 15 14  5
