2880
 15 14 37 19 53 27 16 35 11  -  -  -  3 10 43  6 40  8 38 55 50  1 51  - 41 47 21  - 60  5 32 30 39 17 42 34  -  2 45 23  - 20 46  4 52 22 57  -  7 24  -  - 31 36 18 13 44  - 58 25
  2 45  - 34 12  -  - 37 46  - 39  7 41 30 20 13 33  1 58 44 57 59 15  - 18 53 27 26 52  9 29 36 56  -  4 31 60 14 40 32 17 21 49  -  5 38 43 22  - 50  8  - 25 24 23 55  -  -  - 35
 43 17 46 44 48  - 41  9  6  8 32 23  - 18  - 39 49 34 27 52 12 58  - 21 15 28 25 59  -  1 42 26  - 14  7 60 33 56  - 40  3 45 20 11 37 50 22 55  -  2  4  -  - 19 35 24 30  - 10 47
 17 56 38 29 44  5 35 16  - 28 24  6  2 58 41 14  -  -  - 31  8 54 32 36 50 33 39 12 49 10 53  - 55 25 22 19 59 23 11  -  4 27  1 26 30 34  - 37  - 18  - 45 40 51  3 48 47  - 60 13
  - 27 18  4  1 58 59 39 26 55  - 12  - 11 51 30  - 47  - 50 15 56 31 40  7 36 13 43 16 28  - 23 22  - 37  -  - 10 29  - 32  -  - 46 44  - 48  -  3 52 45 34  - 60  5  - 17 49 54 33
  - 41  - 30  2  6 22 54 17 32 44 56 29 21  - 23 52 27  - 59 51 43 49 45 31  4 38 48  -  - 58 53 60  1 16 50 14  8  -  -  9 12  - 19  - 13 42 35 11 40 18 24 20  7 10 46 36 37 39 57
 46 10 60 11 45  9 51 15 54  - 14 41 32  6 38 58 42 35 19 24 59  -  2  4 37 44  - 17 26  -  -  5 52 57 18  7 31 53 13 33 12 39 43 20  3  - 25  1 34 28 40  - 50 23  -  -  - 21 29 30
 23 24 52 15  5 21 19 55  8 14  3 47  1 32 56  - 20  9 44  -  7  - 60 22 39 34 48 30 59 53 43  - 33 28  - 11 38 29 31  - 54 35 51 13 26 58  6 12 17  - 27 46 42 57  - 40  4 10 37  -
 42 16 51 56 23 30  4  - 32  9 28 11  - 49 59 35  -  - 43 36 45  - 55 29  - 60 50 57  3  8  1  - 46  - 10 17 12 58 14  - 22 24  - 53 31 48  - 19 27  -  -  7 47 15 54 52 38 39 33 21
 40 55 33  -  -  - 28 59  4 20 13  - 44 16  - 26 14  -  -  3  -  - 12 11 19 22  -  8 57  -  9 48  - 37 34 47 36  -  - 43 35 52 41 30 29 25  -  2 38  5 21 10  6  - 15 58 45 31 24 49
  - 32 53  - 41  - 26 23 47  5  -  - 51 14 48 60  - 58 37 17 44 42 11 33 30 12  7  2 31 35 59 50 21 29  - 28 52 18  - 13 25 57  3 10 38 43  4 46 19 15 34  9 24  6  -  - 16  - 49 22
 14  - 35 51 43 20 21 36 60 13 12  9 40 50 45 37 56 29  - 23 16 34  - 55 49 57 32 33  - 52 24  6 44  3 54 18  - 28 15  8 19  5  - 39 22  - 10  -  - 58 47  2  1 48  - 41 25 17 31 27
 49 30  - 48 35 36 14 58 51 19 56 54 25 26  -  1  9 15  - 10 27  4 29  7 11 37  - 21 33  - 52 42 53 47  - 23  8 12 28 44 16 50 59  2 41 46 13 40 24  3 20 18  5 17 55 43  - 60 34  -
  4 20 56 28 47 52  - 38 42  6 35  - 18  - 17 11 30 31 15  2 37 55 50 48 22  7 10  5 43 27 19 13  - 26 12  3 53  -  1 51 21 36 23 16 32 45 58 41  8 34 29 49 60 14 57  -  - 25 40 46
 28 60 59 45 51 24 56  -  2 36 31  - 13  -  - 57  3 42 48 27  6  -  - 17 10 19  1 47 34  -  -  4 49 22 25 41  -  -  -  - 30 32  - 50  -  5 26 33 53 29  -  -  - 44  8 18  -  9  - 15
 52  - 15  3 28 50 47 51 34  7 26 49 30  - 25  - 10 32  - 58  2 22  - 31 20 18  - 38 13  4 40  -  1  - 60 35 55  - 23 54 43 19 53 41 14  6  -  - 48 42  5 29  - 12  - 39  9 45 46 11
 27  - 14 35 20 25  5 50  - 46 23 52  - 51 13 15  1 43 21 48 30 11 18 38 56 59 47  4 29 33  6  -  7 58  2  - 10 40 26 28 49  - 16  9 54  -  -  3  - 44 19  - 34 55 39 37 22 12 32  -
 30 53  6 33 55 15 54 21 31  - 58  -  7  -  - 47  -  - 57 13 24 46 16 60 59 17 36  3 28  -  - 52  - 50 38 45  - 27 25 22  2  1 35 56 51 39  - 26 40  -  - 37 29  -  - 11 10 34  -  9
  9 34 17 39  -  - 40 18 57 27  -  - 14  -  - 54 55  3 36  -  - 31  - 26 51 52  5 24 15 20 13 60 42 11  -  - 48 16 59 41 47 44 25  -  2 29  - 10 46  -  6 21 53 22 33 45 58 32  - 12
  -  - 47  8 26  -  - 31 58  -  - 35  5 12  - 34 48 56  2 20 17  - 40 46 55 41 42  - 23  - 27  - 29  - 19 25  6  7 21 52 24 15 13 45  4 37 38 59  - 57 32 43 54 16 60 22  1  - 18  -
  - 46  - 24 21 13 52 27 20  - 15 19 43  3  - 41  -  - 42 54 48 10 39 58 17 51 16 29  5 59 28 45 50 36 11 33  9 35 37  2  - 34  - 60 12 40  - 32 18  - 26 23 22 31 14 47  6  1  - 56
  -  4  - 54  - 53  -  3 25 23 30  - 11  - 14 44 59  7  8  - 60 45 42  5 52 46  2 37  - 31  - 19  - 21 13  9 24  - 12 38  - 29  6 15 18  - 49  - 10 27  - 47 16 28 40 50  - 20 57 48
  - 25 48 49 54  - 57 13 45 56 55  - 33  4 34  - 53  6 51 32 31  - 37 47 23 38 59  1 27  -  -  3 41 19 30 20  2 60 35 12 29  7  5  -  - 44  9 24  - 21 50 17 26  -  -  - 28 52 42  8
 11  - 32 59  -  - 53 12 23 15 10 16 22 54 24 28  -  2 47 41  - 33 13  9 38  6  4 49  8 17  - 27 43  - 39 57 40 20  5 55  - 26  - 44 56 31 45 58  - 14 36 51 48 34 30  3  - 42 52 18
 10  -  4 14  - 42 58 45 29 31 50 48 35 33 11  7 24 28 32 38 49 52 41  - 16 13 56 39 30 18 25 17 19  9 44 40  - 54 36 37  5 59 34  1 60 57  -  - 22 55 15  6 46 27 20 26 51 43 23 53
 59  8  -  7 52 49 45 56 30 34  -  - 50  -  3 18  - 20 53  -  -  9 54 25 58 35  - 46 47 40 23 33 24 13 28  6 57 44  - 29 39 43 31 22  1 60 27 21  -  4  - 38 10 26 16 51 12  2 17 42
 51 57 26  -  - 37 25 20  -  3  - 28 60  7  1 50 58 49 22  -  - 24 35 54  8  - 52  - 55 12 38 16 27 59 40  5 11 19 34 30  - 23 21 47 53 17  -  - 42 10  - 41 56 32  6 15 33 29  -  -
  -  3 31  - 42 22 60  -  - 51  6 24  -  9 54 38 47 33  7 26 23 29 56 16  2  8 34  - 18  - 44 11 30 20 49 12  - 48 50 25  -  - 40 58  - 59  5  4 37  1 55 14 57 35  - 32  -  -  - 17
 48 29 13 20 38 45  3 53  5 26  -  8 55 35  -  - 43  - 56  - 33 17 44  - 34 42 15 51  - 21 18 37 54  -  9 10 50 36 24 58 59 40 52 31 46  -  - 28  2 39 14 22 32  -  - 57  7 23 41 19
 13 22 44  - 36  - 15 52 28 16 27  -  4 60 10 21 17 48 20 34 18 39 33 57  - 55 31 41 45 24  2 49  -  -  8 29 54  5 53  - 14 51 32 12  6 26 19 23  9 30  - 50 58 25 46  1 56 38  - 59
 19 52 10 38 56 26 17 49 15 11 42 25 16 22 32 33  - 50  4  - 55 37  -  -  - 29 35  - 41  - 46 31  -  5  3 13 27 47  - 14  6  8  7  -  - 23  -  -  - 48  9 57  - 21  - 36 43 53  - 39
 26  - 54  - 31 11  -  6 24 35 21  5 19  - 27 22 13 44 33 40 38  2  - 30 29  - 49 53 14 60 36 18  -  7 52 59 20 17  -  4  1 41  - 48 50 16  - 57 39  8 25  - 45 37 56 12 46  - 47  -
 25 42  1 57 33  - 44 41  7 40 43 45 48 46 23 12 11  5  6  - 52  - 58 27 36 39 30 14 37  - 56 22  -  -  - 16 35 31 47  3 53 10  - 59 28  -  - 13 51 20  - 32 21 38 34 17 15 26  - 54
  3 47  - 13  - 38 48  8 41  - 59  - 31  1 18 55  -  -  - 19 39 50  6  - 32  - 28 15  - 25 10 43 37 35  - 56 58 42 33 17 45 54 26 34 24 53 14 51  4  - 30 52  -  9 11 44 23 57 16 29
  - 37 34  1 49 10 36  - 59 47  2 40 52 43  - 45 26 21  5 11 32 48 24 23 35 25 41 13 17  3  - 54 16 60 53  8 30  - 19 31 27  6 22 38  9 20 44 50 55 51 57 12 15 58  4 42 29  7 56 14
 38 21  2 41  - 60 29 47  3  - 51 32 15 39  - 36 54  4  - 28 10  7  - 56  1 30 55  - 25  - 37 57 12 31  - 58  - 59  - 24 18  -  9 40 17  - 34 16 45 23 11  - 43 49 22  8 13 33 19  -
  8 49 19  - 11  2  -  7  - 43 52  - 34 20 57 25  - 12 59  -  - 38  5 53  9 10 46 45 58 15 51  - 14 54  6  1  - 30 55 27 56  4 37 36 47 42 33 39  - 13 22 28 17  -  - 31 48 18 26 24
 39 36 42  6 29 17  -  - 14  -  -  - 46  - 33 49  - 10  1  - 21  -  - 59 57 56  - 16  -  - 48 51  - 52 26 54 44  - 41 45 60 28 30  - 13  8 40  7 12  9  2 35  -  5 58 23 50 55  -  4
  - 23 20  2  - 46  1 30 48 42 34 38  - 45 47 27 32 39 31 53 25 13  - 41 12 54 24 40  9 44 14 59  - 18 57 55 16  - 60 35 36 17 58  - 21  4  - 29 15 43 51 26 37  3 28 10 11  - 50  -
 32  5  - 60 19 31 43  - 36 10 33 21 20 25  - 46 29 24 45  6  - 15 26 18 42  9 17 50  - 57 54 38  -  2 59  -  -  1 48 34 28 49 27  -  7  -  8  - 14  - 58 16 13  4 47 53 41 30 44 52
 50 28  - 12  - 29 11 34 49 24  -  -  9 55 16 42 19 17 18 30  - 44 27  -  6  - 40 32  2 47 31 41  - 39 35 26 37  - 22  - 52  3 36 43 48  -  - 20  - 45 46  8 23  -  -  - 14 13  7  5
 60 59  -  - 14 32 38  2  - 17  4 26 53 41  - 20 45 23 54 42 34 21 22 15 47  5 12 36 10 19 49 39  8 55  - 24 25 33 44  7 48 56 50  6 16  9  3 11 28 37  - 31 18 30  -  - 52  -  - 51
 24 48 50  - 15 40 55 25  - 60  7 10 39 29  -  - 41 51 26 46 35  - 47 13  3 31  8 27 21 54 16  2  6  -  - 44 23  - 18 59 34 53 12 14 43 19  -  -  - 32 56  5 52 42  9 38 57  -  1 36
  7  6  - 55  -  3 27 33 52 41 36  4 12 59 53 31 60 13 49 16 22 35  - 37 21 32 29 58  - 42  - 14 40 30 50 15 46 51  8 19 26  9 38 57 10 47  -  - 56 17  - 39 28 11 48 34 24 44 25 43
 35 11 21 31  3 39 30 14 55 52 46  - 56 23 12 40  -  - 13 57 28 49 25 34 48 27  - 18  4 32 47 15 59 45 41 53 19 22 38  - 50 33 17  7 42  -  2 43  1 36 16 54 51  8  - 29 60 24  - 20
 41  7  -  - 24  - 39  - 12 21 57 44 23  2 19  3 18 60 50 33 26 28 34  -  4 11 22 42 35 16 30  8  -  - 58 43 47 15 17 10 46 25 14 37 55  -  1  9 20 54 13 53 27 56 45  5 49 36  - 40
  -  - 41  -  - 28 49  -  1 30 18 39  - 53 37  9 38  - 14 25 56  -  - 43 27 21 58 54 42  - 33 40  - 48 20 36 29 46  2 16 23 55  4 51 11  - 17  5  -  - 12  -  - 59 32  7 19  -  8  -
 53 50 24 43 34 33 20  - 37  - 29 22 47 13 26 19 12 40 17  4 36 60 10  6  - 58 14 44 56 23 55 25 45 49 51 46  - 41  - 57 42  -  - 27 35  7  -  - 59  - 38  - 39 54  -  9  8  3 30  2
  - 43  9 21  - 57  - 60  - 37 53 55  - 47 30 24 16 19  - 35  -  5  8 52 13  - 45 56 38  - 50 34  3 40 15  4 39  6  -  - 44 14 10 29 36  2 12 54 25 11  -  - 49 41 17 28 31 51 27 23
 22 31  - 37 57  - 50 43  -  - 17 46 45 44 58  8 23 36 25 15 13 53  1  3  - 20 19  - 48 29  5  7  - 38 32  - 34 24 51 21 11  - 47 55 39 33 59  6 52 12 60  4 35 18  2 54  - 16 14 28
 56 19 40 50  -  - 18  1 22 33 16 43 21 15 35 52  5 55 24  - 14  -  - 49 28  2 37 10  -  - 17  - 13 23 27 51  4 25  -  9 41 31 48  3 20  - 39 36  6 59 42  - 30 47 26 60 32  - 45  -
 34 51 36  5  7 12 42 46  -  - 47 33 59 19  - 10  2  - 52  - 20 25 30 50 44 43 60  -  - 41  8 28 18  - 14 27  - 13 32  -  - 38  - 21 57 49 15 48 23 53 39  1 11 45 31 16 55 40  3  -
 33 40 55 16 30 51  8 22 19 12 49  2 37  - 28  5  - 53  - 43 58  - 17  - 14 15  9 60 54  - 11  1  - 46 24 48 13 39  4 50 10  - 45 23 25 35 29  - 41 31 44 42  7 52 59 27 18  - 21 26
 21 13 45 52 37 43  2 29 35  -  8 36 26 24 50  - 46 38 11 14 19  -  7 39  5  1  - 20  - 22 60 32  - 33 17  -  -  3 27 49 58 42 57 18 23  - 53 30 44 16  - 40  4 10 25  6  - 56  - 31
 45  - 28 46 40 41  - 48 16 22 20 58 49 57  -  2  6 25 29 51 54 36 14  8 53 24  -  -  -  7 15 56  4 32  - 30 18  - 39  - 38 13 55  5 34 10 47 60  - 26 52 44  3 50 19 35 37 11 12  -
  -  -  - 26 50 59 13 44 53 45 41 18 28  - 22  - 21 54 40  7 11 23  3 32 25  - 43 52  1 48  4 24 58 56 36  2  5 34 46 39 31 30  8  - 33 27 51 14  - 38  -  - 55 20 37 49 42  6 35 16
 55 58 27 47  4 44  - 57 13 18 38  - 54  -  5 16 36 30 10 29 46 20 43  -  - 40 26 23  6 50 35  - 11 12 56 39  - 32  - 48 51 60 33  8 59 24 31 49  -  7  3  -  9 53  1 14 21 15 22 45
  - 12 25 10 39  1 46  - 38 29 40 34  8 48  6  -  4 37 28 60  - 19  -  - 24 26 23  7 44 45  - 47 15 53  - 14 32 57 52 42 55 22 11 54 49 30 18 27 50 56 33 58  - 13 36  - 35 41 51  3
 31  2 30 40  - 16  - 32  9 38 60  -  -  5 15 43  8 26 35  - 42 18  - 10 45 49 57 25 51 11  - 12 36  - 48 21 22 55 56  - 20 37  - 17 27 14 52  - 54 19 28  - 41  - 29 33  3 59  -  1
  6  -  3 25  - 18 31  - 10  - 11 27 57 38 42 29  - 46 23  - 47 14  9  2 60 45  - 22 24 55  - 20 28  4  - 32  1 43  7 53 40 58 19 49 15 12 30  -  - 35 17 48 33  -  - 21 39  - 36 34
