2880
  - 43 60 27  - 54 15 12 20 19 34 57 18  8  3 10 36 52  2  6 46 55  - 56  - 17 41 16 39 53  5 51 30  - 31 59  - 38 37  -  - 22 42 21 50 28 26 47 40  9  - 14  4 33 29  - 58 35 48 11
 49  9 55 44 41 35 58 21 37 38  - 36 59  1 50  - 18 15 16 51 27  2 24  7 46 30 26 56 17 28 39  4  - 60 10  - 12 22 29 57 20 32  8 40 31 23 13 25  6 34 53  -  5 54 48  3 43  - 42 33
  9 41 22  2  -  - 17 49 46 52 26  -  - 58 43  -  -  7 28 19 33 30 21 47 55  - 48  - 16 42  3  -  1  -  4 53  - 40 45  - 10  5 37  - 39 29  -  8  - 32 25 12 14 56 57 36 23 60 11  -
  -  - 57 14  5 49 13 53 24  - 40 47 30 54 20 38 58 22  7 17 41 42 59  9  4  - 55 37 21 60 28  8 32  - 46 34 52 31 10  2  - 51 25 45 43 15  - 36 12 18 39 35 50  - 33  - 16  3 29 23
 26 32 45 31 29  2 48 10  8 58 11  4  1  - 52  - 49  - 12 46  5 53 15  -  - 22 24 47 42 36 40 13  9 55 44 30 17 21 27 43 25  -  - 18 34 60 38  3 33 14 23 54 35 20 56 19  - 39  - 57
  - 11  - 42 16 57 30 14 26 28  - 38 41  - 54 55 17 60 18 53  4 51  - 20 10 50 22 52  2 49 23 48  - 44  5 46 19 24 31  1 32 43 13  3 45 35  - 12 56 58 37 29 39  6 27  -  - 33 21 15
 58  3 43 48 30  5  1 19 39  -  - 33 36 31 41 12 47 11  -  -  -  - 55 50 42 10 17 18 57 56 54 35 20  - 25  -  -  - 44 59 13 21 28 23 14 49  2  - 24 29 22 45  8 32  - 34  -  -  -  -
 19  -  - 26 45 60  - 54 30  - 31 55 52  7  4 16  - 21  5 15  - 39  -  6  8  - 50  - 22 51 56 49  - 48 34 25 18 36 43 23 24  -  2 14 17 27  - 32 44 37 57  9 53 59 40  - 47 29 10 38
 32 36 13 20 56 18  8 51 52 31  - 22 58 16 49  - 25  -  4  2 57 38 33 26 53  7  3  5 11 23 43 34 41  - 29 50 35  - 15  - 59 24 40 12 60  - 39 46 19  6 30  1 42  - 55 17 44 45  9  -
 56 58  - 18  -  - 27 48 55 23  6 39 54 38  - 47  3 43  9  - 28 59 22 29 25 11 12 31  7 10  - 15  8 42 16 40 21 32 60 17 52  2  -  -  - 41 37 13 53  1 34  - 30  - 46 24  - 14  - 20
  -  - 54 57  4  - 43 13  -  - 29 20 32  2  - 52 15 37  - 47  6 46  - 39  5  - 56 59 60 34  -  - 58  - 42  9  - 45 33  - 17 36  - 25 44 50  - 35  - 30  - 38 27  -  - 49  - 10 19 18
 47  8 14 28 33  - 10  -  - 17 24 19  - 44  - 39 42 12 35 40 34 50  - 22 11  2 31 60 55  4 20  - 15 18 26  7 51 43 48 54 41  -  6 57 13  -  5  - 58 27 29  - 36  9  -  1 45 23 30 52
  - 57  1 10 20 26 32  6 34  9 54 30 47 60 27 44 16 24 37 22 42 36  - 13 29 33 39 38  5 25  - 23 17  7 41 21 59 51 28 40 45  3 19  4 35  8 58  -  - 55 49  -  - 46  - 11 50 56  -  -
  - 51 47 46 52  - 33  - 41  - 20  - 34 57 15  - 38 53 22 31  -  -  6 37 13  -  - 40  -  2  -  - 56  -  -  -  5 49 30  9  -  4 11 24  1 16 48 18 26 23  7 42 54 27 12  - 35 43 39 36
 21 31 59 33 35 50  2 17  -  6  -  1 15 24 53  - 52 40 11 37 19  8  -  3 28 18 44  - 32 27 14  - 16 26 36  5  - 12 54 48  -  9 10 46 47 34 55  - 20 51 45 43  -  -  -  - 29 22  - 13
 42 48  -  -  - 58 28  - 31  - 46 43 24  - 39  - 59  - 29 30  - 10 37 11  7  9  5  - 18  -  - 21 47 22 35 52  3  - 19  4 54 53 44 36 56  - 49 57 34 60  - 41 26  2  1 25 32 13 38 12
  6 54 26  - 24  9  - 20 23 49  7 28 42 40 51  1 46 33 30 25  2 52  4 44 14 47 57  3 35 55 12 18 50 56 53  -  8  5  - 36 60 37 32 34 27 21 16 39  - 10 11 13 22 43 31 45 38 17 15 19
 17  -  7 36  - 47 22 41 59 48  - 29 13 33 35  9 54 14  -  - 15 56  - 25  -  8  4 32 52 46  - 27 38 21  - 31 44 60 23 53 30 40 16 58 28 51  - 50 37 11 20  2 19  5 39  -  6 49 55  1
 11 28  -  - 49 39 44 43 58 54 21  6  - 14  - 20 22 50 17  - 24  - 27 38  2  - 33 34  9 40 51 47  4  - 32 45  - 29 57  - 42  1 18 56 26 59  8 31 48 25 46 23 13 16 41 10  7 12 52 35
 50  - 17 29  - 46 16 55 56  - 27 34 38  - 28 60  - 10  -  - 49  - 47 32 39 51  -  4 30  - 31 57  - 37  -  -  - 52  - 19 21 15 53 59  -  -  1 20 23  - 44 22 24 48 58 35  - 36 14 25
 46 49 18 40 17 20 52 15 21 59 19 48 56 51 29  - 39  9  -  5 14 41 35  - 58 27 54 33  3 43 22 28 36 31 45  -  - 11 16 30  6 60 26  8 23  1  -  4  7 53 32 44  -  -  - 50  - 55 13  2
 27 21 19 54 48  - 40 56 25 44  -  - 46 42 34 22  - 18  - 59 38  3 52 41 50 23 60  - 53 14  - 26  6  2  -  4 45 33 11  8  5 29 49 31 57 58 12 43 39 35 51  7  -  - 30 47 36  1 16 37
 38  - 20  - 22 42 53 31  -  -  9  -  6 12 57 58 40 47 60  -  -  4  -  -  - 52 34 48  8  - 13  -  -  - 15  3 46  - 55 56  - 19 39 26 25  7 29 49 17  5 10 28  - 18 24 33 30  - 35  -
 33 47  - 22 34 32 20 37 11 15  - 24 51  -  1 48  - 38 45 36 21 19 14 43  3 59 30  - 10 29  -  -  - 58 12 17 42 54  9 26  - 27 35 49  2 39 28 52 25 57 56  - 55 60  8  -  -  7 31  -
 45 55 27  -  - 56  -  5 40 25 48 54 23 41 21  3 30 29 46  7  9 37  -  - 24 44 13 22  - 11 47 39 18  - 52  - 36 34 12  -  -  - 51  2  4 57 50 38 16 49 31 20  1 15 19 59 14  8 33 53
 44 40  - 30  - 28 49 34 27 35  - 17 60 11  6 37  -  8 21 42 43  -  -  - 41 13  - 58 46  9 10 14  7  -  - 56 25 47 53 12  - 20  1 52  3 36  - 16 32  2 33 59  - 31  - 23  5 15 45 22
 13 17  5  3 47 45 14 42  - 29 28 37 27  -  - 35  - 56 51 57  - 54 50 53 32 16  - 39 40 26  8 22 11 34 24  - 23 30 36  -  -  - 59 38 33  - 41  2  1 15  - 46  9  - 10 12 25 21 58 49
 37  2 36 47 38 17  - 26 12 56  1 41 14 39 40  5  -  -  - 16 31 13  8  - 57  -  7 54  - 59 50 55 53 49 18 10  - 48 32 46  - 34  - 22 11  3 42 29  4 45 43 51 21 19 60 27 24 58 44  -
 59 16 33 50  - 40 11 38 28 42 58  5 21 56  - 34 26  -  -  - 13 14  - 24 15  -  8 43 36 19 27 37  2 12  -  -  9 55 49 35  - 17 31  - 48 47 20 23 10 39 52 32 44 41  7 46 18 53 25  3
 35 45  - 51  - 53 31 57 50  -  -  - 10 37 11  6 41 34 23  3  - 32 54  4  -  - 21 24  -  7 30  - 22 20 48  -  - 28 38 39  - 25 14 16 18 19  - 15 49 33 36 56  - 42 59  2 60 47 26  -
 41 34 40  -  7  - 47 18 45 16 12 11 55 49  - 54 57 36  - 39 17 29 58  8 23  - 15 30 31 32  - 38 60 50  - 37 53 59 13 27 35  6 33  9 19 48 51  -  3 56  - 52  -  - 43 26 21  2  - 10
  -  -  8  - 51 30 54 39  3  2  5 31 53 52 58 15  - 16 10 56  -  - 45  - 22 14 18 57  6 24 55 19 35 40  7 20  - 46 21 33 38 13  - 50  -  4  - 11 27 59 42  - 28 25 32  - 37 44 47  -
 15 59 39 24  -  - 38 22 49  -  - 60  7  - 18  8 14 17 31  1 20 25  -  5 12 35 32 46 13  6  9 54 29  3  - 26 47  - 40 44 33  - 41 53 42 30 56 51 43 16  4  - 52  - 34 55 11 50 23 21
 55 33  - 13 19  3  - 24 47 36 25 21 44 50 22  -  - 35 52  - 39 57 31 12 17 54 23 27 26 15 60 16 14  -  1 49 34  6 18  7 53 10 56 41  9  - 46 30 11 28 48 40 43  - 37  8  - 51  2  4
  -  - 24 25 28  6 46 11 57 47  2  - 26  -  8 32 10 58 38 35 37  - 13 31 34  5 59 42 15 41  - 60 44  4  - 36 55  -  3 51  9 50 54 43 20 22  -  7 14 12 19 27 45 49  - 16 33 40  - 30
 54 44 34  -  - 21 37 45 53 27 57 49  4  - 31 14 35 48  - 55 32 15 42 36 40  3 43  - 29  - 58  5 28 30 60 23 11 41 56 20 39 12 50 51 46  -  6  1 59 19  - 24  2 26 13 18 17  9  7  8
 52 30  - 43 18  8 23  -  - 51 37 25 40 46 33 49  7  1 27  - 45  - 53  - 19 36 16 12 20 17  6 32  - 24  3  -  4  -  - 31  - 28  - 39 29 42 22 44  5  - 15 34 47 58 54 38 10 26 57 41
 57  - 21  - 31 11 45  1  2  -  -  7  9 23  -  - 44 25  - 10  - 22  -  - 16 12 51 50  -  - 24 17 43 14 28 35 39 20 58  - 34  - 60  -  5  -  4  - 38 13 40 26 18  8 15  6  - 19 53 59
  - 53 42 37  3  7  4 27 18 41 15  - 19 13 12 36  1  - 24  - 16 20  2 58 60 25 28 44  - 39 59  6  - 57 49 38 14  - 34 21 31 56 22 32 55 33 45 17 51  8 47  -  - 40 23 52  -  5 54 50
  -  7 31 39 55 52 24  8 29 33 49 40 50  - 14 57  -  5 32 44 36 17  - 46 59 34 11  -  1 35 41  9  - 53  -  - 30 10  6 16  4 38 47 13 15 26 43 22 45  -  - 37  3 23 25 48 12 27 28 58
  2  - 12 55  9 13  - 40  1 18 42 10 48 26 17 21 23 51 58  - 52 45  - 49 56 57 29 35 44 20 19  7  3 27 50 22 41 37 25  6 11 47  5 60 54 31 34  - 15 24 14 33 59 53  - 30 39  4 36 28
 23  6 49 59 44 31 18 30  - 57 10  3 43  - 47  4  2 13 41 28 60 58 48 17 45  -  - 15  - 50 29 33 12  -  - 32 22 39  - 24 46  7  9 19 36 53  - 27 42 38 35 25 11 55 16  - 56 37  1 40
 14 27  - 58 11 12  9 28 36  4 39  - 37  - 60  - 48 44 34 13  -  - 16 45 43 49  6 25  -  - 17 53 23 47  -  - 20  1  5 41 19 31 52 15  - 40 35 10 18 22  - 57  7 38 51 56 46 30  -  -
  -  5  - 15 50 51  -  - 22  8 32  -  3 53 42 56 28 55 47  - 18 24 46  -  -  -  -  9 43 16 48 45 39 10 20 44  - 14  7  - 57 23 30 35 41 54  - 40 13 52  - 49 25 12 21  4 34  - 59 31
 30 35 53  1  8 48  6 47 16 37 52  -  - 34  - 11  -  - 44 32 50 23 36 40  - 55 14  - 27 38 21 20 59  - 54 29 31  - 41 58  2 18 45 10  7 13 33 42  -  -  -  5 51 17  9 15 19 28  4 39
 34  -  4  -  - 19  3  - 60 45 59 12  - 10 32 28 51  6 49 52  1 27 26 55 47 38  2 11 41  - 25  - 21 46 40  - 16 57 14 42  7  - 48 30 24 44 15 37  8 43 50 36 33 13 20 31 54  -  -  -
 31 10 30 21  1 27 34 25 14 39 22  - 11  4  -  - 50  3 40 43 44 16  5 23 38  - 19  -  - 52 45 46 33 35 13 51 48 15 20 60 12 54 55 37  8  -  - 56 28 36 59  - 32  7  -  9  - 41  6 29
 20 14 11 16  - 29 25 52 54 55  -  - 45  - 23 26  5 39 36  - 47  -  3 35 51  -  1 10  - 58 57  - 34  9 33  -  2 56 59 13 15  -  - 27 49 32 53 48 50  7 18 31  6  - 17 22 41  - 40 42
 16 42 52 34 54 10 57 58 51  7 53 13 20 19 44 46 27 49 43  9 40  5 41 33 21 31 35  - 12 18 38  -  - 11 37  8 24 23  1 22 56 26 29 28 59 14 30 60 47 48  3 50 17 45 36 39 15  - 32 55
 24 13 15 17 23 43 26 59  7 32 60 44  -  9 16  - 11 30  -  -  - 35 39  -  1 53 45 29 48 22 37  3  5 52 27  - 10  -  4 28  - 49 34 54  - 56  -  - 21  - 12  6 46 57  - 20 51  -  8  -
  8 18  6  - 59  - 39 16  4 22 47 32 49 25 13 51 43 20  - 26  7 33 19  - 30 46  9 36  - 12 11 50 31 17 21 54 56  - 42 37  - 55 58 29 40 38  3 41  2  -  -  - 48 44 45 53  1  - 24 34
  7 20 35 32  - 44  -  4 38 53 50  8 39  3  - 59 19  2 56 49 55  -  - 42 31  1  - 45  - 21 33 29 46 13 47 16  - 25  -  - 40 30 17 48  6 43 27 14  - 26 54 18 37 36 11 58 28 34  -  -
 48 25  - 38  - 15 60 36 35 26 41  2 16 55 24  -  8 19 54  4  3  7 29 30 18 58 47  - 23 37 44 56 13  5 39 33 49 42 50 14  - 11 43 17  - 20  -  6 22 21  9 10 57  - 52  - 59 46 27 45
 29  4 32 45 42 38  - 44 33  -  - 23  - 48 25  - 13  - 59 18 26 31 11 19  9 21 10 41 24 57  -  1 55 15 43 14  -  -  - 52 36 35  -  6 51  -  7 54 60 46  -  8 56  3  5 37  - 20 34  -
 12  - 29 11 53 23 50  2  6  - 16 14  -  - 38 31  - 45  - 34  8 60 56 21 33 39 49  - 51 44  -  - 48  -  - 43 27  - 26  5 37 59 36  7 52 25 47 19 46 54 55 15 58  -  -  -  9 42 22 32
 40 15 10 19 21 36 12 33 42 50 23 56  - 47  - 17  - 31 53  8  -  6 51 18 48  4  -  7 34  1 46 30 24  - 14 55 37 58  - 45  - 39 57 20 16  - 59  5 35  3  - 11  - 28 22 29 52 38 49  9
 60 52  2  - 39 34  - 23 17 46 38 50 28 22  5 13  4 54 48  -  - 21  - 59 35 40 58 19 56 47  - 24 10 43 51 27  1 18  - 29 14 45  7  - 12  9 11 53 30  - 26 16  - 37  3 42 31 32 41 44
 25 38  - 41 58  - 56 50 44 10 14 46  -  -  - 30 21 27  - 24 51  1  - 28  - 45 52 53 49 54  7 42  - 39 23 12 60  8  2 18  - 33  - 11  - 37 40  - 36 31 13  - 15 35 47 57 26 59 43 48
  - 12 44  7 37  4 42 60  - 34  3  - 35 29 10  -  - 59  - 54 56 49 20  -  - 43 40  1 14 13  2 36  - 23 22 19 15 26  8 50 48 52 27 33 38 46 32 55  - 47 24 58 31 30 53 21  - 25  5  6
 39 60 38  4 15 14 59  - 19 20  8 51  - 30 48 29 32 42  3 12 35  - 18 34 36 56 53 17 25  5  -  2 37  6  - 11 26 44 46 10 43 58 24  1 21 52 57 45 41 40 16  -  - 50 28 54 49 31  - 27
