2880
 26  9 57 52 47  6  -  - 27  - 36  7 56 51 21  - 17  -  - 25 35  -  1  -  - 15 58  4 59  -  - 39 34 22  -  5 40 24  - 38 33  2 29 48  - 19 30 49 12 16 11 54 46  - 32  - 13 41 43 14
  1 12  7 27 57  - 53 42 33 28  3 38 31 39  -  - 58  - 18 56 48  -  8  2 36 59  - 30 23  4  - 15 14 49  - 34 10  - 21 26 37 45 25 35  - 51 11 22  -  - 44 13 32 54 17 46 47  5  9 50
  5 18 44  -  - 26  -  - 46 13 52 48  - 43  -  -  -  8 54  -  - 33 39 21 30 28  -  - 22 14 11  -  -  - 20 40  4 25  7  - 24 37 59  9 31 12  6 55 42 29 23 32 53 56 34 41  -  - 58 35
 12 47 21  -  1 17 51 60 26 15 59 18  - 34  - 25  7  - 48 24 32  -  - 53 14 31 43  9  - 58 54 22 29 42 44  8 16 40  -  - 46 35 20 30  2  - 13  4 41 55 36  5 56 27  -  6  - 33  - 39
 27  -  1 59 17 10 24 12  - 29 56  - 26  - 35 36  2 60 37  - 53  - 43 28  - 46  3 13 25 38  -  - 54 58 42 21 41  - 30 32  7 40 57 34 16 15 55 31  4 49 39 23  8 20  9 44 48 50 52 45
 24 53  8 10  - 36  -  - 47  -  4 49 13 15 18 21 29 28 14 22 17  9 34 45 48  6 19  - 11  1 56 27 55  3 30  2 32  -  5 50 35 12 52 41 59  - 43 38  - 54 46 25 16 23 39 40  - 42 31 60
 49 55 28 22 40 46 11 14 39 43 13 36  9 12 19  2 53 24 60 10 21  - 18 27 33 37 32 48 41  - 31 44  -  - 51 23 29  -  -  -  - 59 17 26 57 54 16  - 52  8 56 38  1  -  - 35 50 15  5 30
 40 39  5 24 37  4  1 58 51 41 23 12 38 22 50 18 42  - 43 48 46 53 13  - 52 19 36 56 30  3 45 10 16 47 54  6 26 44  -  -  - 49  -  2 60  8  - 32 27 14 28 29 57  - 11 59 21 34 17 20
 11 34 35  - 44  8  7 40 15  - 55 26 48 37 57 38  - 16  - 45  - 50 30 24 21  -  - 47 60 59 10 52 56 18 49  1 51 13 42 39 14  - 46 25 12 43 29  -  5 27 53 41 22 33 54 23 31  3 36 19
  - 19  -  9 12 58 26 34 21 35 49 16 29 20  - 48 44 38 46 33 39 23 24 59 55  8  7  -  -  -  6 54 18 45 15 25 30 31  - 47  - 50  - 51  - 27 22 13  -  4 52 60 11 32  5 10 57 36  3 53
  - 35  - 21 39  - 54 26  -  - 58  8 17  - 29 10  4 43 22  3 55 20 19 34  - 50 14 45 31  - 59 41  - 11 24 12  - 60 15  - 53 52 40  - 27  -  2  -  7 47 48  1  9  -  - 49 23 44 37 13
  - 17 60  - 29  - 59 32 43  - 35 50 57  - 49 40 18 15 21 36 38  -  -  5 28 22 12  - 27 53 47  - 58 30  2 33  - 11 34  - 44 31 56 20  9  - 42 19 46 13 25  - 52 14  1  7 51 54 41 55
 52 10  - 16  5  -  4 48 19 27 15 33 34 44 11 55 45  - 36 37  6 38 31 14 13  - 20 53 56 22  8 23 43  - 60 46 50  - 17  -  - 26  2 21 29 42 54  - 28  3  -  - 40 47  7 24 25 30  -  -
 21 22  - 42 35 49 47 51  - 60 41 56 24 31 40  -  -  - 13 17  7  - 10 52  3 53  6 29  - 43 57 33  9 38 32 16 27 50 45  4 55 25  1 58  -  -  -  - 48  - 12  -  2 28 46 37 14 26 54  5
 16 49 18  -  - 13  -  -  - 45 34 10  3 19  4 29 23 36 24 51 31 26 44 33 60  7 47  -  -  8 40 28 39 15 12 57 43 14 11  6 38  9 35  - 41  - 48 37  1 59  - 58  5  2 22  - 54 55 56  -
  -  6 13 56  - 25 29  -  - 50  -  3 16 48  5  - 55  - 20 38 57 42  4 51 12  2 33 24  9 44  -  - 30  - 11 27  8  - 39  - 60 34 54 37 19  - 45 26 47 32 18  -  7 36 43  - 28 14 15  -
  4 11  - 12 18 23 17 59  3  - 46  5 49 28 38  - 20  -  - 41 16 14 35 39 40  - 27  - 52 15 50 53  - 26  -  - 24 10 33 31  -  6  7 13 47 60  - 25  9 43 21 30  - 48 36 29 58  1  - 56
 17 28 26  - 20 38  5 36 31 23  - 25 54 56 12 57 37  1 40 13 47  3  - 19 49 21 59 33 58 41 34 24 53 48 27 32  -  - 52 60 30 15  -  - 18  -  4 51 44  7 50  6 29  -  - 42  8 43  -  -
 48  - 47 51 36  -  -  - 24  2 40 46 37  - 41  - 16 11  - 27 26  4 56 42  5  - 39 22  - 57 60  -  -  - 59  9  7  - 31 33 20  - 45 19 32 17 14 58 13  1 34 52 55 49 53 54 30  -  -  -
  7  - 56 34 59 35  -  - 16 49 11  9  - 32 30 20 57 26  -  4 10 27 29 40  2  - 52 51 17 28 37 13  - 43 22 41 19 58 44 18  8 54  -  3  - 39  -  - 23  - 24  - 14  6 12 45  - 46 21  -
  -  2 55 11 38  - 52 20  -  - 16 14 27 13 25 23 41  6  4 15 30 39 21 32  9 49 60 36 51  -  - 56  7 24  8 54 22 46 47  1  - 58 18 43 45  5 19 17 33 28 10 31 35 12  3 57 34 40 26 48
 54 56  - 36 13 57 46  4 55  -  - 39  - 45 33 59 21  -  1  9 42 24 28 43  8 41 22 16 34 32  5 31 10  7 19 11 17 38  -  - 51  - 58 29 25 35 60  - 49 50 20 44  6  3 23 48 53  - 18  -
 53 52  3 29 30 48 50 45  - 33 57  6 22 25  - 14  -  - 34 49 41 37 51  -  - 42 31  5 20  7  4 32 46 55 39 24 44 56 35  - 43 23 38 11 54  - 36 12 10 58  - 19  - 15  - 28  - 59  2 17
 47 23 34  - 22 31  - 25  -  3 19 21  8  - 51 52 15 53  9 40  - 57 27 17 11 32  - 54 24  5 33 14 59  - 48 56 12 29  2 49 39 43  - 16  4 30  - 46 60 18  - 20 45 50 44  -  - 28  -  -
 30 27  - 35  9 51  - 11  -  - 37 29 58  2  - 53 48 18 57 50 56 32 16 47  - 44 45 46 12 39  1 26 22  8 43 42  5 41  6 40 25 13 19 10  7 49 17 23 55 21 60 36  3 31 59 15 20 24 34 52
 31  - 42 23  -  -  - 37  6 51 38 11 60  - 54 46  - 48 27 47 49 29 20 15  - 33 44 10  3 34 36  - 28 32  4  - 53  5  -  - 12  7  - 56 39 18  8 30 50  - 14 57 41 40 35  -  - 52 59  1
 58 42 59 47 33  - 32 54 12 34  - 37 41 10  1  - 26 49  -  - 25 56 55 22 18 43  - 21 28 19  7 16 44 39  -  - 11 17 27 20 23  - 50  - 40  4 15 52  - 53  - 46 31  - 38  2  - 51  6 29
 42  -  - 32 53 14 55 22 60  4  7  2 20 54  8  - 36 10 41  5 29 31  - 18  - 30 23 40 48  -  - 58  - 37 28 35 49 57 12 43  - 44 51 59  3 13  -  -  - 52 15  - 33  - 47 56  - 38 50  6
 22  5 40 18 34  -  - 15  - 48 42  - 43  1  9 32  - 57 45  - 52 36 14 31  - 13 21 25 38 46  3 30 26 33 50 29 59 55 23 41 19 51  8 27 17  - 20 24 39  6 16 11 60  -  -  - 12 58 47 28
 19  - 33 25  - 40 15  -  1 22 14  - 35 18 42 28 38 56 32  - 27 49  3  9  7 60 17 37 47 51  - 59 21 10  - 53 36 39 50  -  - 11 23 46 52 20 24  - 54 57  2 43 30  - 45 12  6  -  4 16
  6 21 49 43 50 41  - 18 57 38 30  -  -  - 10  - 35 58 39  - 14 46 17 56 59 26 28 20 37 45 42  3  - 34  1  4  9 16 60 51  - 48  5 53 13 44 52 15 19 24 40 47 12 25  - 27  -  2  8 31
 51  7 25  4 31 42 30  8  - 21 39 22 44 59 53 58 43  5 15 60 36  1 48  - 19 45 13 49  2 52 29 46 17  6 14 20 34 32  -  - 10 47 26 50  - 40 27 56 37 23 41  -  - 35 24 38 18 57 11  9
  - 30  - 31  7 37  9 13 10  -  5  - 47 38  - 15  - 29  - 35 54  - 57 49 20 55 25 52  6 23 32 36 60  2 58 17 46 45  - 12  - 24 27  1  - 28 44 39 21  - 33 34 48 26 42 16 59 18  -  -
 41 33 36  -  2  -  6 28 32 58 53 52 18 40  -  5  1  -  -  - 50 25 46 26 47 57 10  8 21 20 51 45 27 12 23 14 54 15  -  3  - 42 49 44 56  - 31 34 16 17 35 48  -  4 30 13 37 60 19 11
 57 60 11 45  4  - 25 16 36  - 26 28 15 55  - 50 56  - 19  - 12 30  6 46 23 38  1 34 35 21 58 37 52  -  9  3 18 51  8 59 54 39  -  -  -  - 47  2 14  5 42 17 49  -  -  -  -  7 20 40
 37 15 10 41  - 21 16 56  - 59  8 47 32 35  - 60 50 46  -  6 58  7  - 13 57 11 34 17 19 27  9 18 23 28 31 51 25 22 38 30 48 33 42 39  1 52 53 40  3 36 43  - 20 24  -  4 55 29 45 49
 59 38 43 44 58 50 49  7 18 40  6 60  -  5 20 54 32 12 10  2 15 55 41  8  4 47 26 42 45 31 16 57  -  - 36 28 48 19 29 13  - 56 22 24 11  -  -  - 25 33 17 35 21 30 27 51 39 37 46 23
  - 31 22 14  -  9  - 21 58  6 10 15 25  -  2  8 28  -  - 19 45  - 23 50 46 40 51  -  - 18 27 17 24 44 47  -  - 12  1  - 52 60 34 42 20 53 33  - 32 48 13 37 38 16 55  5 26  4 29 43
  -  - 45 17 25  3  2 53 13 24 47 54  -  9 26 11  8 27 12  - 18  - 38 48 50  -  5 39 15 16 14 34  - 56 33 10 55 20 58 35 28 46 44  7 21 22  -  - 43 37  -  - 59 60  4 36 29 31 32 51
 28 51  - 30 15 44 38  - 20 47 45 55 53  3 17  9 31 39 35 46  - 54 12  -  -  5 42 27  - 49 13  -  2 14  -  - 56  6 36 16 50 21 33 18 22  1 26 48  - 60 57 40  4 59 29 25 32 23 10 34
  -  4 37 50  - 29 43  - 25 20  -  - 36  - 24 26 14 52  - 53  - 15  2  - 31 23 48 58  1 35 28 40  - 13  -  -  - 27 54 34 11  - 41 17  8  -  -  - 18 30 38  - 51  - 16 22 33 32 12 10
  8  3  2 28 56  - 19  6 49  - 21 34 39 33 60 27  - 13  - 59  4 48 11 23 25 35 16  - 29 12 22 50 20 54 38 30 52 53 51 24 31 14 10 15  - 47 41 44  -  - 37 55 43  1  - 32 40 45  - 58
  - 44 17 33  6  -  -  -  - 14 31  1 50 29  3 13 27 45 47 21  - 43 36 10 42 58 11 59  - 54 55  7 48 19 26 60 38 52 57 25 40 18 37  5  -  2 46  - 24  9 22  8  -  - 20 30 49 12 39 15
 46 16 24 60 19 39 28 55 48  - 54 45 51  4 27 35 40 37  - 52  9 13 53  6 22 14  2  - 33 42 17 49 31  - 41 15  3  - 10  -  - 29  -  8 43 57 59 11  - 25  - 26 36 34 56  - 44  - 30 32
 32  -  9 48 14  - 36  - 11 55  2 31  - 57  - 19 54 51 52  1 33 28  -  - 58  - 49  3  - 47  - 60  5 41 25 50 15  4  - 53  -  8 13 40 24 37  - 29 26 35  6  - 18  - 21 43 27 16 38 42
  - 14 27 49  - 53 22 43  - 12 24  -  - 41  - 37  - 25  -  7  - 58 33 16  -  4 29 57 40 11  -  8  1  -  6 48  - 34 19  -  3 36 31 28 42  - 18 45 15 38  9 39 47 21  2 55  -  - 51 44
  2  - 53 55  8 47 39 31 50 57 43 32 23  - 44  4 11 21 38  - 37  - 49 30 24 34 56 15  5  9 18 19 33 36 35 13 14 42 28 10 45  1 12 54 46 26  - 27 17 51 29 22  -  - 60 20 41  6 48 25
  - 57 51 15 32  -  -  1 45 25 27 40  5 21 14  - 33  2  6 44 28 34 37  - 54 20 46 26  7 36  - 42  -  4  - 19 35 59 43  - 18 16  -  - 38 56 58 41  - 39 47 24 13 22  - 11 10 48 60  8
 10 58  -  - 23 34 42 38 22 39 29 44 52 14 45  - 24 31 33 28 40  -  9 20 17  - 50 60  - 37 30 47 41 51  7 55  6 48  3 46 27 32 11 36 49 25  - 18 35  - 59 56 26  8  -  1  5 19  -  4
 44  - 38  5 16 18  - 24  4  - 25 53 40  - 34 49  - 23 31 43 19  - 60 35  -  9  -  7 36 17  -  -  - 27  - 22  2 33 55 54 42 57  - 12  - 29 32 10 58  -  - 15 28 52 26  - 56 11  - 46
 15 24 41 39  -  7 10 23 54  5 60  4 45  - 31 42 22 32 51 29 59 52  -  3 38 36  9  6 57 56  2 12 11 35 16 18 20  - 25 48  -  - 43 49 14 46 37  1  - 26 27 50 58  - 33  8  - 53 40 47
 60 29  - 26  - 59 34 44 52 46 20 23 10 27 32  -  -  - 16 31 13  - 47 58  - 17  8 38  -  6 12  1 51 21  -  - 42  9 56  - 41  - 24 22 36 55  - 35 45  - 49 18 15  5 48 19  3 39 28 57
 34 54 12 37 49  - 13 27 14 18  -  -  6  8 15  3  -  - 44 30  -  -  - 11 26  -  - 23 42 48 35 43 38 40 53  - 28  1  - 57  5 19 36 32 51 33 39 50 59 56  7 16 10 45  - 58 46 21 22  -
 56 40 32  - 51 11 48 10  2  1 22 42  7  6  - 30 60  - 29 20  3 17 45 12 43 52 57 18 26  - 19 35 13 25  - 39 21  8 49 58  - 27 16 14  5  9  -  - 38  - 55 59 50 37 28 34 24  - 44 33
 50 20 39  2  -  - 57 29  9 52 28 30  -  7  6 24 34 47 25  -  - 12 22 55  - 48  4 11  - 13 26 21 35 16 45  - 37 43 41  8  -  5 32 23 58 14 49 59 51 46  3 42 44 38 31  - 60 17 53  -
  - 48 19 13 42 43 60 30 56  9  - 58  4 49 52 33 46  - 11 32 23 10 15 37 41 24 55  - 14  2 21  6 45  - 18  -  -  - 16 29 57 53 28 47 44 34  5 54 36 20 51  7 17 39 50 26 35  8 25  3
 18 37  - 54 27  - 45  -  5 36 17 43 59 24 46 56 13 44 58 34 11 51 52 29  -  3 41 35  8 60 39 25 15 20 40  -  - 21  4 14  1 55  -  6 30 32 28 47 53 19 31  2  -  9 57  -  7 10 16 22
  -  -  -  3 43 55 27 47 53 42 50 19 46 26 56  1 52  -  2 58 51 60 25 54 29 10 18 44  4 33 20 11  8 31 21 38 39 49 13 15 16 30  - 57 37 41  -  6 22 40  5  9 23  - 14 17 45  - 24 36
 36 26 48 38 54 30 31 33 34  -  1 59  -  -  - 17  5 14  - 11  - 21  7  - 16  - 40 32 50  - 53 29  4 57 37  -  -  3 46  -  6  - 55 60 10 58 35 43 20 15  - 27 24 18 19 39 52 49  -  2
  3 50 58 40 45 15 56  - 44 32 12  - 42 60 47 51 39 35 28  8 24 22 26  7 34 27 53 19  - 55 52  - 36  1 10 31  -  -  -  2 29 38 30  -  - 11 25  5  -  - 54  - 37 17 18 33 16 13 14 21
