2880
 44 37 41 49 24 53 42 16 48  -  1  4 51 43  5  - 15  6 13  -  3 33  - 22  - 14 50 21  -  -  -  - 23 55 46  -  - 29 36  -  - 45  - 27  2 38 32  - 40 35 57 59 28 47 58  - 31  9  7 52
 46  - 53 31 45 52 14 23  - 42 35  3 13 59 26 43 33  5 58  - 60  - 15  - 29 25 10 48  - 38  4 11 40  9  6 36  -  - 39 22  - 12 55 51 32 54 27 47 49  1  - 19 16 18 56 44 21  -  2 24
  - 12 43 42  - 38 31 34 16  - 19 15 59 33 32 46 29  - 21 48 40  5 14 37 52  3 51  -  - 28  -  2 24 30 22  1 55  6  - 56 54  7 39 50 44 41  9 35  - 20  - 17  8 27  - 49 18 23 57  -
 16  -  -  9 10 49 46 31  -  - 15 51 47  - 38  - 28 40 35 14  - 59 57 53  -  5  -  -  - 33 55  - 48  8 18  - 52  - 25 23 13 32 50  - 30  7 44 11 12 45 60 22  - 42 29 41 26 37 36 54
 17 46 60  7  - 18  2 14 23 48 49  -  - 21 20 59 38 31 30 32 47 35  -  -  -  9 42 45 33  - 24 54 16 22 36  - 25 12  3 15  -  - 43 28 51 55 52  8 19 53 40  -  5 29 10 34 41 27 37 57
 27 59 52 16 41 42 39 49 25 14 24  1 36  2 47 44 11  3 40 30 31 45 32  -  4  - 33 53 55 22 13 58 43 50 38 12 46 18  -  - 37 17  6 10  7 29  5 23  8 34  - 48 35 57 21  - 54 20 15 28
  - 57  6 55 48  - 22 51  5  -  -  9  2  1  - 26  - 16 41 23 35 50 59 11 25 45 32  - 54 18 46  -  -  - 12 52 37  -  - 47 10 19 56  7 21  - 29 13 31  - 30 43 24 53 33  - 14 15  - 44
 20  -  9 19  - 28 55  5 17 15 33 45  - 26  - 21  - 13  -  - 54  -  - 18 36 11 27 12 10 52 38 60 49 42 59  - 30 43 58  -  6  1 22  - 24 23 41 14 44  2  - 56 40 32 48  - 50  -  - 47
  5 58 11 60 28 13 41 52 37  - 20  - 32  4  -  - 19 14 22 50 48  - 18 16  - 42  1 27 23 21 47 59 29  -  -  - 26 51  8  - 46 10  -  - 57 24  6  7 17  3 15 31 56  -  -  -  - 35 38 36
 58 34 56 59  -  -  - 21  -  8  - 18  1  - 46 12 43  - 20 13 42  -  7  6 57  - 60 52 28 32 15  - 26 11  - 24 41 47 50  - 55 27 45 44 17 33 30 29  - 40  9 16 19 35 14 53  - 38 51  2
 12 16 51  - 33  8 27 56 35 58 10 20  7 54  - 24 52 17 18 40  2  - 44 31  -  - 38  - 41  - 22 23  - 48  4 32  - 37  -  - 49 55 15 30 53 13 25 36 47 21 26 11 39  5 50  - 19 46  3  9
 35  - 38 43  - 21  - 11 42  - 55 28  - 14 54 33 12 15 27 31  -  - 56 30 32 44  9 19  - 10 25  - 53  2 17 16  3 26 20 45  1 48 52  - 29  - 37  6  4 13 39 46  - 58  - 18  - 51 24  8
  - 36 31 24  2 39 25 60 44 17  - 59 37 15 48 29 26  -  -  - 16 42  - 28 33 30 58 34 53  9  5 45 47 12 51  3  - 54 11  - 56 14 20 46  4 49 18 32 27  7 10  -  6  - 43 35  8 52  - 41
  2 10 20  - 11 51 37 28 58 41 17 55  - 49 18  -  1 46 45 27 44  7  -  -  8 53 54  -  3 34 33 22 57 25  - 30 21 60  4 35 47 23 48  9 19 56 31 15  6  - 42  5 43 59 32  - 39 40 14 13
 45  - 14 56 25  9  5  3  1 36 11  - 60  - 10 49  2 38 59 57 17 18 51  8 24  - 41 20 46 43  - 47 33 27  7  -  4 22 34 39 12  - 32 19 40 58 42  - 28 50  - 21 13 16  - 31 44  - 55 35
 51 42  - 53 55  -  3  - 52 23 22 19 21 56  -  5 16 36 17  7  - 41 13 33 14 48  8 50 44  4 39  - 35 57 27 47 58  1 40  - 25 46 54  - 12  - 43 10 34 11 49 32 38 37  6 28  -  - 26  -
 47  8 21 34 46 12  - 32  9 53  6  5 22 48 28 54 44  4 43  -  - 56 19 59  - 40 14 51 36 15 37 57 31  1 13 27 23 16 30 55  7  - 38 39 25 26 11 45 33 18 20 41 58  - 35 50  2 42 10 60
 42 55 22 48 49 54  8 50 60  3 39  -  6 46 53 17 51 32 10 21 14 29 45 34 44 13 43 59  -  - 58 26 11  - 19 28 33 41 35 18 40 36  1 23  - 15 16 20  7 38 56  -  - 52  - 25 27 12  - 37
 11 19 28  4  - 59 60  1 31  7 41 13 20 40 55 37 53  -  -  -  8 21 49 14 30  -  - 44 50  - 32  6 42 38 58  - 17 57 43  - 15  - 36 26 54 47 39  -  9 56 24 23 27 51 45 52 10 22  - 16
  - 49  - 47 36  -  9  2  3 28 32 60 54 18 15 10 37 59 26 24 30  - 16 23 20 57  - 46  -  8 31 52 50  - 55 53  - 27 17  6 39  -  - 45  - 44 38 43  1 29  7 35 51  - 41 40  - 58 34 21
 54 28  2 22 38 43 32 33 30  - 13 53  - 41 29  -  - 52 19  9 34 49 47 58  - 27  - 18  -  - 16  5 17  4 26 40 35 23 15  - 60 51 24  -  8 36 21 50 45 39  - 55 57  6  -  7  3 11 56 14
 26  6  3 54  - 10 33 44 53 40 14  - 17  - 30  -  7 25 36  - 59 46 21  -  -  - 56 55 35 45  - 18 12 23 32 49 15  - 57  -  -  8  4 20 13 60  - 28  2 31 16  9  -  - 24 48  - 34 27 43
 36 23 17 30 42 37  -  9 24 32  -  6 19 55  - 47 50  8  3 26 18 31  -  - 10 39 12 49  - 14 41 53 54 28 60 38 13  2 46  - 58 52 44  4 35 25 15 56 29  - 59  -  -  -  - 45 48 16  5 33
 14  - 36 50  - 16  1 26  -  2  - 42  9 35 25 18 39 29 52  - 32  6 53  4 56 20 49 37  - 24  - 48 38 54  8 43 22 19 59 57 33  - 27 31  - 17 13 55 15  -  - 40 10 30  -  - 47  - 41 23
  9 26 30 37  -  4 48 15  6  -  - 43 28 13 11 23  - 39  - 10 52 36 35 24 58  - 17 32 19 29 53  - 51 60 20 21 45 25 55 54  3  5 33  - 41 59 47 31 42 27 46 44  7 56 34  - 16 57  1 49
 56  - 54 35 16 48 28 37  7 31 27  -  -  - 59  -  - 34  2  1 24 51  - 60  3 23 45 39 58 40  8  9  - 52  - 55 53 17  5 21 29 47  - 32  6 50  4  - 14 25 11 33 49 43 36 38 57  -  - 46
 48 32  8  - 35 31 11 13 54  4 59 50 14 53 34 45  - 51 49  - 43 25  - 39  - 60 44 24  2  5 12 42 21 18  -  - 19 56 41 26 22  6  -  - 52 16 58  -  - 15  -  1  - 38  - 46 23  -  - 29
 15 13 49 40 32  -  -  -  - 11  4 23 25  5 57 36  3 53 16 54 22  2 20 38  9 33  -  7 52  - 30  -  - 19 31 46 27 14 26 59  8 43 58 47 48 21  - 51  - 60 50  - 12  -  - 37  6  1 44 45
  - 53 12  5  -  1 21  7  - 55 23 57  - 47  - 27 35 24 31 46 49  4 33  2 34 52 19 17 25  - 42 43  - 36 40 29 16 50 13  -  - 28 11 38 20 22  -  9  - 32 51 26  -  - 59 15 56 39  - 10
 40 43 26  -  -  - 45  - 19 13  8 58  - 38  6  - 24 55  - 35 28 16  4 54 41  -  - 33 59  - 11 12 25  5 39 60  - 30 48 44  - 29 18 36 14  9 51 52 50 22 27  - 47  3  7  1  - 56 23 34
 59 20 24  -  4 58 30 17 56 46 53 16  - 36 23  -  - 27 29  - 38 34  - 51 47 32 21  - 22 25  - 19  -  7 43  8 18 39  - 42  -  - 57 13  5  2  - 48 54 12 45 10 41 11  9  - 28  - 31  -
 37  3  4  - 43 40 17 30 38 44 46 24 53  9 21 50 10 35  7 29 25 12 42  -  6 55  -  - 20 31  1  - 19 58 41 39 60 33 47 49  - 26  2 34  - 48 56  - 36 54 52  8 15 22 27 51 45  5  - 11
  -  -  7 28 14 41 18  -  - 59  - 52 42 19 12 39 17 57 47  6 37 55  - 46 40  1 20  8  4 51 50  3 56 10 15 23  -  - 49 25 34 11 35  - 60  -  - 27  - 36 58 30 48 44  5 33 13  2 43 38
  7  -  - 32 59  -  - 19  - 10 16  -  - 34  - 11  8  - 50 44  - 39 25 20 55 26  - 40 49  -  3 51  1  - 21 22 57 45  - 17  -  - 12 24 15 27  2  - 41  -  5  -  -  - 42 56 36 60  - 30
 43 24 37 20  6  2 56 45 49 19 50 36 15 29 17  - 41  - 32  - 53 23  5 42 16 58 59  4 30  - 27 13 46 34  1 18 12 38 10 14 44 22 31  8 11  -  7 21 55 52  3 28 60 33 25 57  - 54 35 40
  3 25 16 39  -  7  4 43 46 27  -  - 12 52  2  8  9 20 37 15  6 17 30 48 23 38 26 60 40 56  - 33 28 45  - 50 49 44 24 10 35  - 21 22 18 11 36 34  - 51 32 13 59 19  -  - 58 55  - 42
  -  5 25  - 31 27 47 58  - 29 28 37 49 57 51  - 60  - 39  -  9 19  - 36 22 34 23 13 17  - 18 55  4 33 56 10  -  - 45 43  - 50  8  -  - 42 59 30 20  - 54 12 44  1 16 32 40  -  6 26
  8 22 10 46  1  6 26 39 47 37  - 17 52 51 36 20 45 33  5 59 11 32 31  9 54 24 35 25 15 23 60 29  - 14  2 57  - 34 18  7 38 41 19 53  -  - 50 16 56 58 21 42  4  - 44 43 12 48 28  3
 18  - 34 21 53 11  6 41 57 43 45 47  5  - 40 42 27 48 56 12 15 44 29 13 60 50 36  1 37 59 35 17 55 49 14  7  8 58 51 52 30  4 25  - 16 31 26  - 38 46 28 24 20  2  - 22  -  -  -  -
  - 41 18  1 21 35 54  4 26 20 52 44  -  -  - 56 22  - 38 19 58  - 40 27 13 59 48  - 34 37 49  - 39 51  - 31 28  8  6 46  - 53  3 14 10 30 23 24 32 57 47  - 36 17 11  -  - 29 50 55
 10  2 46 36 52 15 16 57  -  5 54 25 24  - 44 53 32 18  -  - 45  -  -  - 59 35 31  -  - 27 17 21  6 47 50 26  7  4 56 11 42 49 13  - 28 39 48  - 30 43  8 20 33  -  1 12 51  3 29  -
 31  -  -  2  7  - 59 54 21 24 47 38  - 58 19 16 23 42  1  - 50 43 41 55  - 49 28  3 57 39 10 44 22 56 45 25 11 20 52  - 27  - 46  6 36 12 14 40 18  - 48 29  9 60 17  4 30  - 13  5
  6  - 50  -  - 33 58  - 22  - 42 41  - 17  - 13  -  -  - 37 56  - 12  - 26 15  -  2 47  1 28 14 59 31 24 51 36 48 60  9  - 54 40  -  - 57 34 18 10  4  - 27 21  - 30 11  7 19 16  -
 34  - 35 27 60 46  7 47 55 51 26 32 44 20 14  -  6  - 15  5 13  -  3 50 43 22 18 31 38 41 57 28 30 21  - 11 48  9 23  2 45 39 10 49  1 40  8 59 24 37 36 58 29 12  - 19 52 53 17  4
  - 35 19  -  3 50  -  8 39 45 31 22 34 30 27 15 56 58  -  4 41 38  -  - 46 21 57  -  9 53 43 36  - 44 16 42  2 11 12 20 52 25  - 37  -  5 24 33 60 10 23 51 14 26 47  - 55 13 54 32
 38 56  -  3 58  - 19 18 59 39 48 33  -  6  1  7 21  - 28 22 46 10 24  - 50 54 11  5 27 60 29 40  - 35 37 44 32 13 14  - 57 31  - 12 23  - 20  - 52 49 55 15 34  8  4 36 42 25 47  -
 57  - 27 58  - 60 40 22 33  - 37 11  - 31 49  - 36 30 14 42  -  -  - 41 45  8 55 16  - 20 56 34 18 59 53 19  5 24 54  1  4 21 23 29 38 35 12  2 13 26  6 52  3  9 28 10 46 32  - 51
  -  7 45  - 18  - 50  6 15 49 25 27 26 60 43 38 20 21 42  2 55 57  - 29  5 12  - 23  1 11 19 32  - 16  9  - 54 10 28 41 17 58 47 48  -  3 35  4 51 24 44 53 37 31 52 14 34 30 39 59
 50 48 57 15 37  - 10 38  -  -  -  8 55 42 16  -  - 45 33  - 20 26  9 17  - 46  - 14  -  6 23  7 34  - 49 59  - 31  - 36 51 24 29 56 27 32 40  1 25 41 53  - 22  - 54 39 35  4 30 58
 13 21 32 17  8 29 34 24 14  - 43  -  - 10 35 48 30 54 57 56 39 52 36  -  7  6 15  - 11  -  -  -  2 26 33 45 42  - 37 51 16  - 60  5 58  -  1 46 23 47 18 25 55 49 31  -  - 28 53 50
 24 29 42 13 39  - 53 12 50 52 51 56 38 16 41  2 58 22 23  - 57 27 55 40  1 47  7 11 48  - 59  8  -  3 35  6 44 15  9  - 21 30 17  - 31 18 54  5 46 19 33 34 45 20 37 26 32 14 49  -
 19 27 40  - 17 23 12 59 43 47 18 31  - 11 22 14 54 37  - 34  4 60 58 49  2 56 29  6  7 16  -  - 41 13  - 15 10 36 32  - 50  3  -  -  9 51 28 25 48 55 38  - 26 24  - 21  1  8 42 53
 41 38 13 12  -  5 23 36  - 35 56 29  - 25  -  - 34 50  9  3  - 47 22 32 28  -  - 26  - 30 44 31  - 24 11 48 43  - 27 58 14 20 53 17  - 46 19 57 16  -  4 54  1  -  2 55 60 18 40 39
 29 31  5 57 20  - 35 55  4 16  9 30  -  - 60 28  - 11 12  - 36 53 43 44 18  2 40  - 39 50 54 15 27 46 23 17 51  -  7 33  - 59 37 21 26 10 49  -  3 42  - 38  -  - 22 24 25  6 58 19
 53  1 55 26 15 25  -  - 41 21 12 48 40  -  - 31 57 44 60  -  5 58 52 10  -  - 39 36 45  7  6 38 13  - 28 54 56  - 19 50 20 33  - 11 43 14 22  3 35 16  -  4  2  -  8 23 24 49 59 17
 28 50 33 23  - 19 29 10 27 60 38 49  4 22 13 34 25  -  8 36 26 54 46 21  - 17  6 47 51 44 20 24  7 53  - 56  9 35  2 30  5 40 16 57 55 43 45 39 11  - 14 37 42  - 18  3  -  - 52 12
 55 40 48 52  -  - 51 46 11 50 30 34  8  3  7 32 13 47  - 49 19 14 38 43 15 31 24 28 29 42 21 35 10 20  - 58  - 59 22 16  9 37  - 54 45  4 53 44 26  6 25  -  - 39  -  2  - 17 18  -
 39 14 29  -  -  3 20 35 40 18 44  - 27 50 52  9  - 10 55 11  - 48 60 26 51 41  4 42  8 49  7  - 32  -  5 33  6  - 53 12  2 13 30  -  - 34 17 22 57  -  1  - 54 45  - 59  -  - 46 15
 21 47 39  -  9  - 15 27  8 56  - 40  - 32 50  4 49 23 46 58 51  1  2 12 35 16 52 38 24  3  -  - 20 41  - 34 14 55 42 29 36 57  5 43 37  6 10 60 22 48 17  - 53  7 13 54 59  -  - 25
 60 51 23  6 47 45 36  - 34 22  -  - 56 28 58 57 40  9 48  - 27  3 26 35 11  - 25 10 16 13  2 20  5  - 54 14 29  7 44 31 32 18  - 33 42 53 46 17  - 30 37 39 52  4  -  8 43 24 19  -
