2880
 58 28  -  4  9 29  - 19  -  6  3 16 49 56 12 15  5 11  -  - 22 38 46 30  - 14 45 18  -  - 32  - 13 55 23 37 17 60 34  7 35 51 52 21 39  1  2 25  - 41 40 43 20  - 26 31 48 42 50 54
  3 35 20 14  7 19 54 34 17 32 10 27 46 37 56  - 48 42 29  -  - 50  5 51 23  9 22 52 38  - 13 55 40 11 18 24  - 45  - 43 59 36  - 39 16  6  -  -  -  - 26 31  - 57 58  - 21  -  2 30
 27 12 10 42  -  1 37  - 58  - 25 20 44 31 35 47 57 13  - 30 17  - 22 18 52  - 21  - 34 43 49 46 48 15 14 23 40 56  - 19 36 50  5 11 55 29  -  3  -  6 45  9 28  7  -  4  8  - 59  -
 57  4  - 45  - 51  - 18  - 10 56 39  1  - 24 37 54 21 41 59 48 42 58 23 11  -  -  - 36  - 34 15  7 33 27 46 43  - 16  - 20 30 38 35 29 19  - 47  6  3 53  -  - 60  -  - 26 52 44 31
  4 41 18 16 38 14 58  -  - 57  1 60 54 28 44 46 59 37  2  - 56 53 52 43 50 31 35 23  - 11 45 17 25  - 13  - 19 10 47  - 34 39 27  -  - 20 24 26  - 42  3 32 22  - 15 51  6 49  7 21
 11  5 32 21  -  - 23 46  - 18 13 35 59 29  -  6 42  - 54 39 16 15 50 57  9  8  7 45 33 22  4 12 58  - 26 48  -  - 56 27 37  1 28 55 30 44 40  -  - 47  2 20  -  - 38 36 43  -  - 53
 48 59 49 52  -  9 25  -  - 47  5  -  7 11 55 19 56 22 34 33 46  6  2 32 57 43 31 50  - 24 14 20 36 51 28 39  -  3 58  - 15  - 41  4 21 35 17 30 26 18 16 23 60 42  - 13  - 45 40 38
 19 32 46 44 15 59  - 53  1 51 47 21 42 48  -  3  -  2 28 45  -  - 20 40 16  4 56 49 57 31 55 23 26 24 12 34  8 38 33  -  5 43  7 25  - 58  - 22  - 30  9 13  - 11 10 14 17 39 35 60
 12 34 57  - 31  -  -  -  -  2 14 55 15 46 60 16  - 54 43  4  - 52 24 29  3 59  - 40 19 25 26 33 39 13 20  6 50 23 30  -  1 27 21  -  7 18 45 44 48  -  8  - 41 51 36 53 28 10 11  -
  7 39  - 58 36 15 21 48 53 52 20 32 13 35  - 17 22  - 26  3 25 57  - 19 29 28  6 10  - 27 43 54 18  -  2 11 12  4  - 34 47  8 44  - 60 45  1 14 55 59  - 56 33 16  - 46  - 41  -  5
 45  -  3  5  8 47  -  7 42 60 24 12 36 40  - 58 46 26 25 48 54 28  - 44  -  - 23 16  6 30  1 41 29 53 21  - 31 19 11  -  -  -  2 38 14  - 59 50 33 51 13 57 52 55 34 27 56 18  - 17
 37 47 19 56  -  -  8 35 46 16 52  - 45  9 49  - 30  - 60  - 29  4 11 39 55  1 28  - 54 15  6 26 59 22  - 17  7 33 13 50  -  - 31  3 42 53  - 21 44 40 20 48 10 36  - 25 32  - 18  2
 29  8 33 55 25  6 18  - 34 41  -  3 32 50 47  - 17 15  9 14  - 10 31 37 54 12  2 53  -  -  5  - 30 49  7 13  4 35 59 21  - 11 60 43 20  -  - 19 40 57  - 27 39 44 46 38  -  1 45 36
 26 30  -  7 54 43 46  - 40 35 18 19  - 47  - 42 53 34 20 10 49 24 28 38 22  - 59 29 32 60 27  5 44  - 33 58 11 36  - 17 39  4  6 23 57  3 14 52 15  -  -  2  -  9 25 16  - 56 13 37
 35 18  - 49 53 33 57  - 52 43  2 26 31 58 21 14  1 12 16 11 24  -  -  4 15  -  - 38  - 41 23  6  -  - 48  - 59  -  - 36 51 32 47 34 13 42 30  - 28 54 17 50 19 25  -  3 10  8 46 40
 36 17 15 23  4  - 14 28 55 44  9  1 51 38  3 21 58 31 32  -  - 34 29  -  -  - 57 25 27  - 50 18 45 42  - 52 60  8  -  2  6  - 20  - 33 13  - 12 16  - 41 40 30 19 56 59 39  7 24 11
 25  - 11 38 34 24  5 21 10 55 59  2  6  - 54 23 32 53 46  -  8 47  1 45  - 16 26 28 49 13  -  - 27 19  - 15 14 51 18 33  -  9 56 20 58  -  - 57 22 43 52  - 12 41 48 35 44 36  3 39
 60  - 28 34 57 49 41  8 48  9 51 29 20 53 52 54 14  - 42 58 47 25  - 21  4 27 36 46 59  - 39 56 11  1  - 40 37 16  -  - 12  6 35 24  2 38 44 17 31 15 50 26  7  3 13 45 33 43  - 19
 47 56 42 35 32 13  - 55 24 28  - 46  8 23 26  2 11 27  - 54  - 41 18  - 53 44 37 19 45  -  7  - 60 29 52 33 48 57 15 49  4 59 17 14 50  -  - 51 58 38 34  5 43  6 22 40  3 21 25  -
 54  - 60 53 14 39 12 20 21 49 17 30  5  - 27 56 31  - 35 47 23  - 10  7 13 19 25  6 26 29 44 37 41 36 15  - 34  -  3 58  - 48 45  -  - 52 42 43 51  - 18 28 57 59 40 22  - 11  -  1
  - 24  1  2 13 11  - 25  - 34  4 53 38  - 18 30 50 43 12 27  7 48  3  - 10 52 17 20 41 32  - 60 47 39 49 36 16 22 37 56 40  -  9  8 31 14 15 46 59 35  - 29  - 21 45  -  5  6 57 51
 34 14 30 19 12 32 29 11 57  8 58 56 55  - 15 52 49 16 40 25  2  - 42 60 27 18  4  -  7 47 36 45 35 21 51 44 10  1 20 38 48 33 39 26 22 46 37 31 50  -  5 53 17 54  3 43 23  -  9  -
 40 44  5 18 43  - 53 32 29  4  -  9 52 30  7 13 37 33 14 20 15 27 23 49 36 45 11 51 25 35 59 22  - 60 56 26  2 58  - 41 57 28 54 12 48 55 16  1  3  -  6  -  - 46 21 42 24 31 34  -
 59 40  - 47 48  - 49  -  - 26 15  - 30  6 39 35 13 44  - 24 60 55  - 50  -  5 46 27 43 10 19  -  -  3 31 51 52 34 12 11 28 21 53  - 56  2 41  4 18 58 42  -  8 20 14 57 36 23  1  9
 17  1 52 12 50 55 28 30  4  - 39 24 33 14 51 27 16 40 18 56 19  5 43 11 44 35  -  - 48 23 10  3 54 26  - 31 41 20  6  - 42 37 25 45 38 49 36 58 32  - 29 60 15 53  2  7  9  -  - 22
  - 15 17 22 60 12 13  3 41  -  -  - 43 39 57 44 47  - 58 34  - 45  - 25  -  -  -  4 52 54  -  7 53 30  -  - 24  - 42  9 33  5 18 49  - 11 10 37 23 28 32  - 27 29 16  1 59 38 31 46
 51  -  2 54  5  - 27 38  - 23  - 28 35 42  - 29 15 36 31 49 12 33  6  - 37 48 58 44  9 55 57  1  3 47 34 20  - 14 22 45 30 41  -  - 11 10 32  8 52  7 19 59  4 43 53 50  - 46 60 16
 30 25  6 39 45  5 33  1  - 50 23 57 53 52 10 36 40  7 59 51 31  - 35  9 34 42 19  - 47 14 38  4  - 12  -  3 26 32 41 55  - 54  - 27 15 56 20 24 60 37 43  - 49 17  - 11 46 44 29 18
  - 29 56 59 27 18  6 15 14 31 12 37 21 43 11 48 24  3  - 57 30 54 41  2 40 22 10 32  - 33 20 38 42 17 16  4  9 49 50 23 19 47 58 13 45 60 46 39 53 36 55 44  - 28  -  -  - 51  8 35
 39 42 24  -  - 27  - 14  - 54 60 13 16  -  6  1 36 51  -  - 45  - 59 33  - 34 52 57 40 44 22 48 38  -  - 10  - 46  5  8 50  - 26 58 53 17  9 23 37 19 15 25 31 12 49 41 11 32  4  -
  2  - 43  -  - 56 34 42 19 38 37 58 24  7 13  - 20  - 53 17  - 29 32 48 30  - 50  -  - 57 21  -  - 18  - 47  6  -  - 10 46 16  3 59 40 26  5 35 12  8 49 22  -  4 28 33  -  9 39  -
 28 58 50  - 39 16 56 44 15 46 49 52  - 55  8 22 43 19  7  - 34 31 47 26 33 25  1 42 51  6 29  2 12  - 32 14 53 11 21 60  - 45 30 48 27 41  -  - 54 20 35 36 13  -  - 37  -  3 23  4
 50 54 51 36 22 52 47  - 12  1 21 44 40  3 45 55  9 29 11 19 14 39 16 59 18 24 60 48  -  - 33 58 37 10  4  8 56  5 26 28 25 13  - 32 41 31 34 49  -  -  - 35  - 38 42  - 30 20  - 43
 55 20 41 26 10  4 52 57  3 14 29 54 25 21  - 51  6 24 15  - 28 46  - 36 17 39 13 22 12 50 56 35  5  2 58 30 45 42 44  - 16  -  -  7  9 48 47 60  1 33 23 49 38  8 59 18 31 19 27 34
 23  6 31  -  - 21 10  9  - 13  - 51 29  2  - 41  3 28  8 42 59 18 56  -  - 20 48 54  -  7 58 50 17 35  -  - 32 27  - 24 53 40 43  1 52 39  - 45 11 26 46 33 34  5 30  - 16 22 55 44
 31 21 45  -  -  3  -  6 20 36  - 59 26  1 25  9  7 50  - 60 37  -  - 10 56 53  -  5 22 28  2 16  8 27 17 18 33  - 32 39 41  - 40  -  -  - 35 34 29  - 47  4  - 30 55  - 13 12  - 57
 42  - 48  - 30 46  1 41 36 22 54  - 39 13 31 20 60 18 10 21 38 40  7 35 43  -  3 34  8 16  - 29 51 37 57 12 23 17 27 59 55 44 24 56  -  5 28  -  - 53  - 52  2 26 32  -  - 58  6  -
 46  - 47 28  - 44 42  2  - 11  - 22 17 10  - 53  -  -  5 55 43 13 25  8 58  - 40 26 31  - 60  - 20 16  9 45 54 15  7  - 14  - 32 30  - 24 50  - 38  -  - 19 23 35  - 56 12 29 37 59
 16 37 59 48 28 10 17 29 30 19 43  7  - 57 23  4  -  - 13  9 32 49  -  - 47 51 18  - 60  3 31 53 15  5 55  - 38 24 35 40 27 52  1 50 36 54 25 41 20 44 39 11 21 45 12 26 22 34  - 33
  6 13 55 40 19  - 39 47 11 53 44  8 41 20  2 50  4  5 45 23  9  - 27 42  -  - 38  3 17 21 48 36 34 43 30 60 25 37  - 54  - 35 22  - 24 33 49 10 46 32  1 51  - 58 18 12 14 26 56 29
 44 16  - 31 55 22 40 43 25  - 36 47  - 17  - 11 18 32 19 41  - 59 13 24  8  7  - 39  5  -  9 21  - 28  - 49  - 54 52 37  - 56 33 42 23 27 53  6 10  4  - 14 50 34  1 29 60 48  - 58
 21  2 37  - 16  -  7 24 26 58 40 50 11  -  - 45  -  9  1 31 42 35  - 15  - 55 51  - 13 34 54 43 33  8 47  - 30  - 57  - 56  - 10 17  5 28  6 36  - 22  - 18 44 23 20 60  4  - 41  -
 10 33  - 27 59 20 60 39  - 12 34 42 48 22 30  7 45 52 17  -  - 56 54  - 25 13 47 55 14  5 18 32 28 38 40  9 36  - 49 46 24  - 29 41  - 23 57 11 43  1 51 21  3  2 35  8 50 16  -  -
  5 51 29 57 26  2 43 17 33  - 41 23 19 25 22  - 34 56  6 50 52  -  - 46 20 38 14 13 35 40  3 10 21 32 45  - 49 55 36 31 44 18 11  - 37 47 39 28 42  -  7 16 24 48 27  9 54  - 58  -
 43 52  -  9 33  - 48 37 47 15  - 10 34 59 42 32 25  1  - 16 57 17 36  - 46 29  8 56  3 51 40 27 24  7  6  - 35 26  - 20 22 31 49  -  4 50 58 38 21 23 60 12 55  - 11  - 19 13 14 41
  -  7  8  -  3 48 26  - 28 42 45 15 56 18 46 10 12 25  - 36  4  - 39 31 14 54  9 41 50 17 11 49  -  - 37 53 47 59  -  5  - 38 57 40  6  - 19 27 13  -  - 30 16 24 29  -  2  - 43 23
 33 60 40 51  6 53 19 10  -  - 42  - 12 34 59  5  - 49  -  8  1 30  - 22 39 11  - 36 16 45 35  -  9 31 29  - 18 48 24  -  7  3 37 52 46  -  - 56  4 27  - 54 58 47 44 21  -  2 20  -
 22 11 23 30  2 60 31 58 59 39 50  -  -  - 32 12 26  - 56  1 21  9 51  - 24 33 27 35 53 20 16 52 14 44 38 54  3  6 28 48 13 57  - 10 43 36 18  5 45  - 25  8  - 49 17  - 37  -  - 55
  8 43  - 11 58 45 51 26 37 30  - 41 27 54 14 31  - 55 57  - 35 23 17 20  -  - 44  -  - 48 42 39 46 34 36 19  1 13 38  -  - 12 16  9  -  - 52 29 25  -  - 15  - 56 47  -  - 33 10 50
 52 53 36 33 51 40 59 54  - 27  7 43 14  4 34 49  -  6 21  2  -  3 45 17 28 15 24  9 10 56 25 57 50  - 41 38 44  -  - 26  - 46 13 22 32 30  - 55  - 60  -  - 47 31  8 20 42  5 19 48
 15  -  - 13 56 23 11 50  2  -  6 36 58 51  4 28  - 10 52 32 41 20  8  1  -  - 49 33 44 19  - 31  - 59 60 35 39  -  - 42 29  -  - 37 25 12 38 53 24  - 27 55  - 22  -  - 45 14 30  7
 41  - 53  - 35 50  - 16 56 59 55 34 57  - 37 18 21 30 38 26 11  - 14  3 32  -  5 47  -  4 17  - 10 40 39 27 15 29 43  - 23  - 12 31 19 22 54 33 36  - 44  -  9  1  7 48 58 28 52 24
 38 31  4 20  - 25  - 52  - 21 27  -  - 44  - 24 35 47 33  6  5  1 60 41 45 26 16 11  - 59  -  - 32  -  - 57 46 18  -  -  3  7 14 54 49  -  - 48  9 55 37 58 36 39 51 23 15  -  - 28
 49 55 25 41 44 37 35 12  6 45 53 18  2 60 33 34 23 58 36 52 10 16 21  -  -  - 54 17  - 42  -  8 43  -  3  -  - 50 48 22 31 14 59 57  -  9 13 15  7 24 38 39 46  - 19 47  -  -  5 20
  1  - 44  - 20 26  9 27 38  - 30 49 37 41 50 25 28 46 55 15 40 43  - 12 48 36 42 31  -  - 24 19  - 45 11 59 51 53  -  - 17 58  -  2 34 32  8  -  -  -  4  3 29 10  6 39 52 54 16 47
 32  3 14 17  - 57 45 51 60 25  - 33 47 36 41 59 44  - 30 43 20 37 38  6  1  - 12 21  - 39  8 24 49 54  - 22 55  -  4  - 11 10 46 28 26 15  7  9 19 56 31 34  5 18 23 58 40 35 48 13
  - 23  7 37  -  8 30  - 31 33 22  4  9 45 28 57 41  - 39  - 58  - 34 27  - 56 15  - 20 46 53 47 16 50  - 29  -  2 25  3 26 55 19 60 10 51  -  -  - 12  -  - 42 52  5  - 49  - 17  -
 24  9 27  - 37 35 55 49 54  - 48 25  -  - 38  8 10 57 22 12  -  -  -  -  5  - 39  2  -  1  - 13  6 14  - 21  - 41 23  - 45 20 15  - 28  - 43 59 56  -  -  7 40 50  4 44  - 60  -  3
  - 46 13 50  - 42 38 59  7 37  8 45 23 12 43 39 27 60  3 28 18  -  4 14 31 49 55 58 15  9 41 44  - 20  -  - 22 21 53 29  - 26 48  6 51  - 33 16 17 52  - 24  1 40 54 32 35 30  - 56
 14 26 34 24 21 28  2  -  -  7 16 17 50  - 20 40 33  8 47  5  -  - 19 13 41 23 53 43 39 36 15 25 22 56 35  1 29 31 51  4  -  - 55 46 12 57  - 18 30 11 58 38  - 37 60 52 27  - 54 49
