2880
 39  - 11 34 55 50  - 42  -  1  - 44 20 30  - 27 47 28 21 43 56 23 19 18  -  2 35 14 22 12  -  - 38  -  3 17 52 10 54 51 29 33 58 59  4  -  - 37 26 15  -  8  - 45 24  9 31 40 48 60
 20 22 21 52 31  7 60 43  4 47 53 19 23  9 27 26  - 29 25 37  5 57 30 50 56 11 28 51 10 40 13 59  -  1 54 15 48 36  -  -  8  -  6 16  - 24 14 32 58 49  3 41  - 39  - 18  - 38 55 44
 52 50 44  -  -  9 58 41  -  -  6  - 48 16  -  - 33  8  - 47 32 22  7 29 24 43 14 23 42 53 35  - 19 15  - 39 56  - 51 45 17  3 28 31 25 49 34 46  - 59 38  - 60 57  2 20  - 12 10 13
 27 36  -  -  4 32 40  -  - 28 18 33  - 50  3  9 30 58 22 48  1 38 11 59  - 15 37 34 24 23 52  - 51 10 21  8  7 17  - 46 13  - 19 49 39 25 43  5 45  - 60 47 26 44 35 54 55 29  2 42
 30  3 58 48 15 33 54  - 52 13 12 11  -  - 36 35  - 39 26  - 10  4 41 32  -  7  - 60 57 31 24  - 44 42 23 46 37  5  -  -  - 43 49  - 53 59  - 45 22 28 14 55  -  2  9 56 19  - 40 27
 14 59  4 39 26 42 19  - 43 22 30 25 45 21 60 24  9  -  1 27 54 46  - 36 13  - 49 50 58 15  - 51 35 34 18 10 55 16  -  -  - 41  - 48  -  7 12 17  -  -  -  2  - 23 52 38  - 57  -  3
 51 28  - 27  3 11  4 37 46 17  2  -  - 57  1 40 44 14  7 41  -  9 59 60 22 32 15 13 43 36 29 21 24 50  8 31 10  - 30 18  - 49 16 35 19 58  - 54 20 47  -  - 48  - 45 39  - 26 52 12
  - 32 25  - 24 30 44 52  - 34  -  2  6  - 23  7  -  4 35  - 36 16 37 48  -  - 46 29 12 22 47 26 15 21 38 58  3 27 31 50 49 57 60 17 10 53  - 13 41 33  9 11 18 51 56  - 20  1 43 28
  -  - 29 35  9  - 50 44 37  8 20 18 21  - 10 39  3 13 40 19 52  -  - 24 46 59  6 47  - 48 45 34 41  - 60 27 54 42  4 43 58 38  - 51  - 56 32 23  -  - 17 36 57 31  - 15  -  5 25 26
 59  4  - 21  2 52  - 24 30 58  1 17  5 60 48 23  - 47  8 31  -  6 32 15 55 50 19 37  - 45 57  - 28 54  - 13 14 51 46  - 33 34 53 29  - 44 41  - 42  9 39 27 16 56 25  -  - 22 11  -
  9 38 41  6 20 48 21 18 35  - 34 30 54  - 53 13 15 16  4 39 19 25  3 14 49  -  5 17 11 43  - 55 40  - 36 23  2 58 10  - 57  - 27 47 24 42  7 56  8 51 12  - 44 33 46 29 45 50 59 31
  - 21  8 11 30 27 24  5 59 44 50 47 56 46  -  2 20  - 17  - 13 32  -  4  -  -  - 25  7 54  1 12  - 49 45 14 18 38 36 58 48 28 51  - 16 37 23  -  3 55 22 39 40 52 15 41 53 43  9  6
 12 48  1 14 10 46 53 23 33  - 17  - 50  - 59  - 43 41  -  - 27 20 15 57 47  - 18  - 31 35  8  7 32  5 44 26 45  3 21 52 56  -  - 24 42  9  - 36 34 38 28 25 19 49 16 37 40 39 29 22
 47  1 48  - 40 21  -  -  - 20  3  7  -  5 22 43 31 15 54 12  - 10  - 28 23 55 27 35 17  - 30  -  6 44 11  -  - 18 29 33 38 14  2 41  - 57 52  - 39 37  - 49  4 59 32 45 56  9  8 24
 38  6 60 51 32  1 56 31 15  -  - 54  - 10  -  - 58  -  - 17  -  7 48 49 50 20 30 45 47 57 42  3  -  9 26  4  5 23 43  - 39 25 52 40 28 36 59 22 35 18 44 12 33  - 37 53  2 21 24 34
  - 45 16 50 33 51 32 48 20 37 24  3  7 55  -  -  5 25 23  8 60 41  -  2  - 12 22 44 29  - 15  6  - 18 39 34 19 28 53 36  - 56 42 30  9  1  -  - 43  - 35 10  - 47 40 13 21 17 58 49
 44 39 14 59 25 18 47  9  - 41 60 55  - 17  - 36 34 10 56 21  - 30 45 20 31  3  4  - 16 38  2  5  - 43  -  - 26 52 37 48 15 19  - 57 13 28  -  - 23 54  -  - 22  - 29 24  - 58 42  1
  -  2 31 55 17  6 20  - 18 21  5 27  - 24 54 37 51 36  - 44  8  - 50 56  - 16 34 12 40  3 41 25 52 45 48 22 28 32  - 23  7  - 47 19 33 26  - 53 11  - 58 57  - 35 38 42  - 46  4 39
  -  - 42  2 47  -  - 59 11  6  - 58  - 44 50  4  - 33  - 13 40 35 22 52  8  -  9  7 21 16 56 39 57 32  1 25 46 29 15 53 43 17 18 54 20 31  - 28 38 10 55  3  - 60 14 34 12  - 49 41
  - 13 49  - 48  -  - 27 40  - 47 51 22  6 29  8  - 52 12 25 18 43 16 41 19 37  2 31  - 28  - 32 33 24 10  9 42 34 45 60 26 55 57 50 14  4  - 38  1  - 59 23 46 11 20 35  5  7 56 30
 23 46 37  8  6  - 25  - 54  2  -  - 34  - 15  - 18 55 24  3 12 14 27  -  - 31 50 49 59 26 39 42 47 11  - 40 44 19 20 17 22 29  - 13 57 48 58 16 51 52  - 21  1 32 43 36  -  4  -  -
  4 35 34 19 49 40  -  - 10 51 31 60 25 36  - 47  -  7 59 24 43  5 26 53  - 28  - 21  -  9  6 38 29  3 13 16  1 54 14 22  - 32 23 20  - 17 30 11 44 27 48 52  8 42 12 57 58 55 45 50
 35  - 10 29 23 26 55  2 44 18 15 21  8  4 28 59 48 42 58  5  - 53 51 47 33  6 56  - 60 27 25  9 54  - 12 11 36 49 32 19  -  - 39  - 50 22 40 20 57  1 30 45  -  3  - 14  7 37 16 46
 15  - 35 16  -  2  -  - 21  - 58  - 31 47 39 22  - 44 43 38  6 45 49 10  -  - 13 19  - 18 48 23 36 59  7 53 57 41 11 34  -  - 26 28 12 54 55 33 25  4  - 32 17  9  - 51 14 27 30 56
 46 41 52  9 44 59 14 15  5 39  4  - 36 18  2  6 27  1  - 16  - 31 60 26 53 33 12 20 19  -  7 11  -  - 24 42 21 40 57 28 37 22 25 34 45 55 51  - 56 23  8 38 30  - 58 47 10  - 32  -
 58 42 57 24 39  5 30 53 14  7 23 26 52 22 47 16  - 32 49 20 35 44  -  8 36 51 54 56  - 55 46 41 25 31  -  -  - 60 33  4 45 18 21  6 17  -  1 34 37  - 40 59  3 38 27 19  - 13  - 15
 48  -  - 15 56 37 27 17 12  4  - 31 19 52  - 38 46  9 57 28 22  1 20 43  - 45 39 55  5 50 16  - 60  2 34 59 30  -  8 11  6 21 13  -  - 33 53  - 40  3 36 35 25 18  - 26 49 10 14  -
  - 60 55 13  -  - 33 12 24 38  -  6  3 41 51  - 42  - 19 59 39 37 23 21 34  8 43 54  - 47  4 28 11 40 30 36 49  - 16 29 27 10 48  9 22  - 46  2  5  7 25 44 35  - 17  - 18 56 31 45
  - 20 38  - 28 56  - 25  -  3 54 59  1 31 12  -  7 23 51  2 34 11 29  - 21  5  - 15 26  - 32 46 13  6  - 24 33 53 42 35 47 16  9 52 55  8  -  - 60 14  - 50 49 30 48 44 57  - 19  -
 50 10  - 58 18  -  9 55  - 16 44 35  - 26 42 14  -  6 28 40  - 33 57 39 45 24 59 38 13  - 20  -  - 53  - 12 60 31 56  2  -  - 11  -  -  - 29 52 19  8 41  1 47  7 54  4 43  3 17 36
 28 57 17  - 51 36  8  - 13  9 45 23 33 53  - 42 38 48  -  - 16 56 55  - 26 14 29 58 25 46 31  - 10 19 27  3 35 12  -  - 50 44 15 37  -  -  -  - 24  5 20  4 39 21  -  - 11  6 54  -
  6 55  - 36  - 44 28 32  9 48 40 53 41 25 16 20 26 30 11  - 21 58  - 51 38 29 33  - 45  1  3 22 31  - 37 43 27  -  7  5  -  4 46  - 56 10 24 42 14 50 49 17 54 12  8 59 23 35  -  2
 43 29 47  -  - 57 48 51 27 54  -  - 39  - 31 15  1 38  5 53 49  - 40 22 30 18 17 59 44  - 50 16  2 35 28  6 11  7 19 55  - 45 32  -  - 52  4  -  - 34 21 26 42  8  -  3  - 23 36  9
 29 54 45 18 52 43  -  -  -  - 27 41 38 58  - 57 60 49 10 42 25 17  5  - 20 21 26  - 35  6 55  2 23  - 59 50 32 37 34  8  4 47 36  1  3 16 56 39 15 44 53 28  7  - 11 30  -  - 13  -
 22 51 40  - 59 29  - 39 55 11 49 12 30 32 44 60 50 19 18  - 14  3  - 54 16  - 52 42 56  -  9  8 45 17 57  7  - 24  - 26 53 35 20 27 34  -  6 31 21 13  4  - 28 48 36  5 46 25 38 33
 11 16  -  -  8 20  3 54 29 33 41 57 58 19 17  - 36 18 50 51  - 21 13 46  6  - 53 26 49 30 60 56 59  - 43  -  -  - 24 47 14  1  4 10 31  - 39  -  9 42 52  - 32  - 23  - 15 28 12 37
  2  5 33  7 19 55 34 50 39 57 13 16  - 14 58 17 21 60  -  -  - 49 54 35 27  - 42 11 36 52  -  - 53 46  - 37  - 56  - 59 12 24  -  3 43 23 45  -  4 41 29  - 10 28  -  8 30 32 26 48
 56 14 28  - 37  - 12  -  - 55 48 29 11 42 46 31 49 43 15 33 17  8  -  9  7 57  3 16 50 19 59 47 58 38 51 54 39 44  1  - 18 36  5 53 40 35 20 10  6 22 34 24 23 41 60  - 13 45 21 52
  5 40  7 12 27 35 18  - 56  -  - 42 51  - 11 50 14 24 53 22 29 59 39  -  4 49  - 46 38 60  -  -  - 25 55 33  9 48  6 44  - 23 34  -  2 41  - 15 30 43  -  - 45  - 21  1 16 31 37  -
 37 56 18 20 35  -  - 16 28 14  9 46 57 51 13  - 32  - 29 23 38 48 34 27  -  - 25 43  3  - 10 54 30 12 33 45  6  2 17 31 59 52  7 11 41 19  - 44 49 36 47 40  - 26  4  - 24 53  5 55
 17 52 43 28 21  3 22  1 16 53 14 20 37  - 19 51  2  5 48 26 45 24 36 31 58 42  -  - 55 34 11 15 12 33 40 38 41 13 35 56  -  - 44 25 29 27 18 60  - 46 54 30 50  - 10  7 32  - 57 47
 16 27 56 45 13  4  - 26 50  - 11 32 49 40 37  - 54  - 46 60 42 36 17  - 12 47 38  -  6  7  - 57 22 55  5  1 58 43 28 21 51 39 29 14 35 15  9  - 10 24  - 33 52  -  - 25 34 44 23 53
 31 12  - 10 34 47  -  3 38 60 57 14 18 35  4 25  - 46  2  1 37 52  - 11  - 58 51 24 32 56 49 43  - 28 17  -  8 45  - 41 44 48 50 23  - 20  5 55  - 40 13  7 21  6 42 22 33  - 15 19
  - 18 13  - 45 23 38 28 26  - 56 43 44  3 30 55  8  -  -  9 46 29  2 12 10 40 32  -  1 20 36 24  4 37 42 41 51 47  - 25 19 58 33  5  - 39  -  - 50 31 11 14 27 34 57 17 52 15 60  7
 53 23  - 44  - 14  - 38 22  - 19  5  -  1 18 56 40  - 41 34  -  2  4 37 17 52  - 36  -  - 51 50  -  - 49  - 20 46 39  6 25 31  8  7  - 11 54  3 12 16 24 29 43 15  - 10 35  - 33 58
  1 33 36 43 14 39 29  - 41 45 35 56 24 12 55 18  - 26  - 58  - 50 28  5 57 25  - 52 23 49 22  4  - 48 19 44 31  - 38 54 11 30 10 60 59 21  -  7 32  2 15 53 51 17  - 27 37  8 46 40
 45 11  5 56 41  -  - 22  8 49 59 15 28 23 14 10 39 17 60  - 30 42 47  6  3  - 16 33 53 44  - 31 43 26 20 48 29 57 18 12  9  7 24  2 51 40 37  - 54  -  - 34 13 36 50 32  - 52 35 38
 13 15 19 31 38 10  - 33 49 12 51 39 42 29 45 34  - 11 44 56 20 28 25  - 35 48 41 32  - 21  - 37 18  7  -  5 40  6  3 30 46 53  1  8 52 14 26 27  2 60 16 58  - 54 55 23  4 24 50 59
 36  - 20 47 46  8 45 58 32 30 10 52  - 48  7 19 11 59 39 55 33 40 18  - 44 22 60  1 15 25 43  -  - 51 16 57  4 14 23 49 35 37 38 56 27  - 31  - 13  6 50 42 12 29  -  -  3 54 53  5
 41  8 50  - 54 22 17  6  - 25  7 28 29 37 26  - 19 35 34  -  - 55 10  -  - 23 45  -  4  -  - 48  - 57  - 56 38 20  - 42 21 11 59 36  -  2 44 58 46 32  - 15 14 27 30  - 60  - 51 16
 55 49 27 40 60 53 46  -  - 31 16 37  2 38 43 58 17  3 47 35 26 51 52 13 59  - 23  5 54 14 12 45  1 29  - 30 22 21 25  -  -  9 56  4 15  6 19  -  - 20  -  - 41 10  -  - 28 48 39 11
  - 30  - 49 58 13 36 19  6  - 38  1 17 54 41  - 59 12 33 15  7 26 24  - 39 10  -  9  - 42 28 18 56  - 29 47 25  8 50  - 52  5 43 45 46 32  2  4 55 48  - 16 34 53  -  - 27 11 22 51
 54 37 22  - 43 58 57  7  - 35 55 36 59 28  9 33  - 56 27 14  - 18 31 42 52 30 47 40 48  -  5 17 39 60  - 19 15  4 44  - 41 13  - 32 26 12  3  6 29 53 51 46 24  -  1 50  - 16 34 20
 49  -  2 41  5  - 10  -  - 26 43 40  - 27  - 28  - 54  - 46  - 60  - 30 37 44  8 57  - 32 38 29 55  -  - 51 24 22 59  7  - 15 35 58 18 13  -  9 52 19  - 56 11 25  3 33  1  - 20 23
 10  - 26 30  - 34 37 60 45 42 33  - 40  8 57 54 23 27 36  6 11  - 58 16 28  - 48 39 41 24 19 53 20 56  9 49  -  -  5 38  3 46  - 21 44  - 47 59 17  - 18 51 15 43  7  2  -  -  - 25
 25 58 59  1  - 45  5 47 42 27 21  8 35 11 52 46 56  - 38 10  - 19 12  3 54 39 55  -  - 17 53 40 14 23  -  2 34 33  9 20 30  - 22 18 49  - 36 51 31  -  - 43 37 24 13 48 50 41  6 29
 18 17 54  -  - 38  2 40  - 59 22 24 46 20 56 32  - 50 52 11 31 27  9  7 15  - 57  4 39  - 23 30 49 36 47 60 43  - 41  -  -  - 37  -  8  5 42 21 48  -  1  -  6 58 19 12 26 14  3 10
 19  -  3 17 57 41 23 21  - 43 32 49 12 33 38 44  - 40 42 36 51  -  - 25  5  1 20  8 27  2 18 52 37  - 22 29  - 50  - 13 34 59 14 15 58  - 48 47 16 30 26  9 56 55 28 46 54 60  7  4
 24  -  -  4 11 15  - 14  - 36 52 13 43 39 35 12 29 45  6  7 50 54 44 38 60  9 40 10 51 33 34  - 42 27  2 20 53  -  -  -  5  8  - 46 30  -  - 25 59 26  -  -  - 22  - 21 47  - 28 18
  7 19  - 53 29 28 16  - 23  -  8 38  -  -  -  3 41 57 32 30 48 13 56 45  9  - 21 22 33 58  - 36 26  -  -  - 50 59 52 15 20 27 54 12 60 47  - 43  -  - 42  -  2  4  -  -  6 18  - 35
