2880
 34  - 30 41 54 47 56 42 25  6 12 13  - 46  4 48 35 43 24 36 52  2 15 29 31  -  3  1 57  -  -  8  5 37 32  - 58 19  - 26 53 22 40 59  - 44 38  - 39 50 14  - 17 45 49  -  7  - 33 11
 15 48 53 54  3  -  2  - 22 57 25  - 45 36 55 23  7 24 31 44 34  - 35  - 30 49  - 27 43 32 33  - 37 20 50  - 59  4 42 60 21 58  5 26 47 41  - 51 52 14  1 13  9 10 56 29  - 17 38  -
 52 58  - 10 26  9  8 15 30  - 22  6  - 59 56 44 57  -  - 35 19 51 11  4  - 29 25 43 36 18 55 60 39 50 16  -  - 14 28  -  -  5 45 13 21  7 31  - 12 32 48  - 33 46  3 17  - 40 24  1
  5 21 58 42  - 24 44  4  1 38 59 56 26 48  -  - 11 40 13  8 60 43 37 50 34 22 18 20 12 36 16 39 57 27  7 19  -  6  2 41 32 23 49 29  - 45 25 46 31 17 33 14 10  3  - 15 54  -  - 35
 13 33 27 18 38 46  6 50 17 40  4 53 10 15 34 54 44 30 21 14 32 16 57 23  9 39 29  8  3  -  - 25 59  - 26 48 24 37  - 45 11  - 20  - 58  5  - 41 19 31  7 56 35  2 60 49 47 12 52 42
  6 45 41  - 10  - 12 16 51  - 19  3  - 13  -  -  -  - 35 55 48 26 52 53 38 20 56 47 42  - 24  4  -  - 29 60  - 54 30 27  -  9 21 58 37 49  - 32  -  2 17 40 43  5 22  8  1 57 23 46
 30 53 12 23  -  - 18 51 56 59  -  -  9 14  8 57 16 36 45  -  6 24 34 38 11 55 10 37 26 13 49 50  2 28  - 39  - 17 33 19 25 54 43 22 15  3  5  - 60 42 52 35 27 41  - 21  - 29 32 40
  -  6 35 20  -  -  -  2 11 28  - 22  - 49 44 32 52 18 60  7 46  - 43 10 29 38  -  -  -  -  - 30 41 40 14 56  - 36  - 23 26  1  8 24  -  - 45 42  4  - 39  - 12 34 31 51  - 47 17 15
  -  1 39  - 49 18 29 11 45  -  - 20 31 19 59 52  2  4  - 34 38  - 55 58 14 36  - 54 17 30 40  - 21 60  8  3 16 26 50 48  -  7 10  9 43 46 57 12 37 47 42 53  - 25  - 24 32  - 22  -
 49  -  - 45 34 58 20  -  - 14 40  1  -  7 18 11 47 22  - 33 25 21 13 26 48 12 38 29 35  -  3 44  - 19 36 32 41  -  5 16 59 52 37 56 27 31 55 53  - 15 46 60 30  - 24  - 42 28 57  9
 59  - 42 40  9 45 11 44  - 52 46 60 53 12 58  -  -  5 39 19  - 13 10 30 50  - 31  -  1 28 26  -  - 15 54 37 27 41 47 14 56  - 24 55 33 32 22 17  - 16  -  - 21  -  - 48  2  - 18  -
 44 35  5  7  -  - 23 55 47 11 56 14 18  - 40 22 51 19  8  3 39  - 48 20  -  - 34  - 45 37  -  -  - 41 25 10  - 21 12  - 50  -  9  4 42  - 52 28  - 57 60 30 31 49 17 13  - 53 26 36
  - 37  - 21  - 41 57 52  5 31 26 46 50  2 47  3 36 32 27 23  8 19 16 60 20  - 45 25  - 35 39  -  4 14 58  1 42 59 44  -  7 10 55 12 17 34 24 15 48 13 49 29  - 30 54  - 33 43 51  -
  - 19  6 51 46 59 47 18  - 15  - 33  1 10  5  - 45 52  - 48 20 25 22  - 49  8  -  -  - 55 21 12  -  3 27 29 39 13 58 37 41 30 11  7  - 38 23  9 53  4 28 32 26 24  2  - 44 56 50 54
  - 13 14 24 52 44  9 41  6  - 42  2  4 45 28 29 31 35 48 27 16 20 46 36 37 50 60 17  - 15  - 47 34 56 30 12  7  - 11 54 55 43 38 23 26  1  -  - 51 33  8 18 59 39  - 32 57  3 53 10
 29  7  - 58  - 15  - 39 37  2 20 35 32 52  - 27  - 54 25 12 22 45 41 17  -  -  - 34 23 38  1  5  - 59 60  -  -  8 46 56 44 26 14  -  4 24 36 50 30 53 19 10 13 57  6  - 21 49 31  -
  3 54 19 14 44  4 58 10  7 13 16 34  - 29  9 26 56 45  - 37 43 17 38 35 12 33  -  - 20  5 53 24 50 49 31 21 36 47 27 40 23 46 51 32  2 28  - 18  -  - 15 57  - 60 42 25  8 30  - 59
 35  8 51  3 40  - 36 56 48  -  - 39 37  - 60  - 18 31 58 46 49 41 33 43 17  - 59 16  7 10 13 28 14  - 20 42 45  -  6  -  - 32 25 50 44 22 27 38 21 55 26 19  4 47 29 34  -  2 15 30
 32 31 25 26 20 19 54 40  -  -  - 44 17 11 13 60 39 59 37  4 21 42 50 49  6 28  - 36 51  - 14 22 43 10 57 45 18 16 35 53 58 29 27 47 52 56 30  3  8 38 34  9 46  -  7  1  5 48 12 23
  2  -  - 43 48 50  5 12 14  3 29  - 19  - 42 21  - 60 23 41 47 34 28 15  -  -  - 30  -  -  -  6 22 45 44 33 51  - 52 35  - 49 46  - 59  -  - 13 11 18  9  - 56 16 27 57 37 54 39 24
  4 38 59 32 35  - 10  - 24 60 15 27 47 42  -  - 54 29  -  - 18  3  -  1 55 58  -  - 19 34 22 14  - 39 41  - 44  5 45  - 33 40 12 43 57 52 17 49  9 20 50 21 51  - 30 28  - 31 16 37
 48  - 57 13 24  3 21 59 12 34 38 15 55  - 54 51  8 49 18  - 33 53 60 11 26 32  - 19 31 56 28 46  - 43  9  - 23  7 22  -  - 39 16  -  6  - 58  - 29 10  -  - 37  - 25 41 50  -  -  -
 50  9 49 36  - 28 34  5  -  - 17 16  - 25 31 15 43 20 29  - 27 44 59  - 52  -  1 57  -  3 47 37 30 11 13  - 60  2 32  -  - 18 58 45 40 51 48  - 33 39 22  4 53 55 12 10 19 21 14 56
  - 51  4 28 17 39 15  9 26 54 41 25 22  - 16 59 37  6  2 57 53 31  8 32  3  - 44 49 27 11 12 38 35 34 23 13  1  - 18 36 42 47 48  - 56 33 20 55  - 52 24  - 14  -  -  -  - 45 29 21
 54 10 44 37 41 35  - 47 60 29 21 42 34  - 22  5 24  7 20 18 31 28 40 25 53 46 17 12 38 59  - 43 56  - 33 14 15 27  4  - 51  -  6  - 23 57 32 36  -  9 45  1 50  -  - 55 30 26  8 49
  - 26 22 53 59 21 17 29 54 20 52  8  3 55  6 14 23 47  - 40 45 57  - 31 24 35  4 11 37  7 50 56 19 30  -  9 46 38  -  - 27 13  2 48 34 43 49  - 15 28 10 36  -  -  - 58 25  - 41 32
 20 12  - 33  - 30 35  1  - 21 39 17 36 43 11 53 15 50 51 24 28  4 14  -  - 10  7 26  5 27 34  3 54 44  2 18 13 56 29  -  - 38 41 46 25 40 59  - 47  - 58 37 48  - 23 60 22  9 55 16
 47  -  3  - 39 57  -  - 55 12 45 41 59 38  1 46 10 15 36 20 51  9  7  -  2  - 50  5 24 17 35 49 44 33  - 30  6 23 60 28 54 25 32  - 19 37 42  8  - 48 13 27 34 14 43 26  4  - 40  -
  7 60 48 12 56 36 55 21 57 27 32 50 40  1  - 35  6 10  - 52  -  -  -  3 47 19 15  2 44 29 43  -  - 22 11  5 26  - 41 13 14  -  - 33 49 42 53 31 23  -  - 25 18  - 46 39  9 38 28 58
  - 30 43 19  - 32 60 57 59 25  2  4  - 54 37  9  - 58 38 15 17 55  -  - 56 16 13 46 33 49  -  - 20 31  - 11 52  -  - 47  -  - 26  - 51 35 50  - 22 21  -  7 29 44  8 23 14 10  1 27
  - 20  8 57  - 16  - 54 18 45  -  - 41 22 27 50 17 42  -  - 11  7  5 40 28 13 52  3 46 33 44 21 47  6 48  - 35 43 49 25  9  - 34 51 38 23 60 14 10 56  - 15  2 36  1  4 53 24 59 26
 14  -  - 52 37  6  - 32 58 36  1 18  8 31 24 30 59 44 49 53 23 33 20 46  -  2 27 10 39 50 15  -  - 17 51 34 56 48  3  9 29 21 13 38  5  - 41  - 43 40 25 47  - 26 28 22 35  7 60  -
  - 24 28 60  -  - 48 30 43 23 49 40 44 21 53 47 19 33 50  2 13 46 18 57  - 42 51 45 15 31  5 55 12  - 56  8  -  9 39 38 37  -  - 27 35 14  6 10 17 29  - 26 32 58  -  3 20 34 36  -
 21 47 15 44 32 11  3  - 31  - 18 30 20 58  -  - 27 57 40 50 12  - 49 37 39  -  9  6 48 14 36  - 45  - 28  7  4 25 23  - 22 34 17  8 29 60  -  -  - 24  2 16  5 53 51 46 43 19 10 55
 60 55 10  - 11  - 59 26 29 53 48 45  -  - 50 41 58 25 33 13  7 52 39 24 35  5 21 40  - 51  - 17 28  2 18 16  8 44 31  3 34  4 42  - 22 27  - 37 54  - 20  -  - 23  9 12  - 15 46 43
  - 56 45  - 25  -  -  - 20 35 55 26  -  4 23 34 50 14 41 17 42  - 29 16  - 60 22 15  - 57 38 59  7  -  1 49 40 30 24 44 47  - 31 52 54 48  3  - 58 27 37  - 19 21  - 33  -  8 13 39
  -  2 56 11 45  - 43  - 13 39  9 49 57 26 10  - 21  1 59 28 44 29  - 51 58 54  - 22 50 52 18 36  -  8  6  - 47 33 20 31 19  - 60 25 53 30 15 34 46  7  4 41 16 48 32 14  -  -  - 12
 24 18  -  - 27 40  1 43  4 46 35 23 54 44 14  - 41  3 26 21 37 58  -  - 51 11 36 32 52 22 19 31 60 29  -  - 33 42 16 17  2  - 47  -  9 15 12  5 38 30 57 50  - 56  -  6 48 55 20  -
 37 28 50 47  7  -  4  - 39 26 58 19 35  - 49 38  - 16  3  - 41 40 25  9 32 21 33  - 22 24 46  - 51  5  - 53 11 57 54 10 15 55  - 34  1 17 44 59 13 45 23 48  - 12 14  2 18  6  - 52
 42 46 33  6 21 17 40 19 34 55 60  5 48 16 32 24 49  -  - 38 59 22 58  2 13  3 39  9 28 25 31 52 26 18  -  - 54  - 57  -  1 51  4 10 50 12 35  7 56 43  - 45  - 29 15 44 11 37 30  -
  - 34 60 22 29 53 42 14  - 43 11 51  6 30  -  7 38 13 44 49 40  -  3 12 45  9 32  -  -  4 10  - 15 57 35  - 28  -  -  -  - 50  -  - 39  -  1  2 59 36 41 55 24 54 37  - 58 16 47 17
 26 42 24 49 28 56 31 35  - 10 34 59 52 53 57 40 20 23 46 32  - 39  1  - 18 37 30 48  - 19 11 27 16  7  - 15  9  - 38 50  -  - 29  6  3  8 33  - 55  -  - 44 41 13 21  5  -  4 54  2
 19  - 34  9  2 27 32 24 44 18 28  -  -  -  3  - 26  - 42  5  1 11  - 13  -  - 55 50  - 53 20  - 48 46 43  - 37 52  -  7 31 12 57  - 60 16  - 23  6 41 29 54 38  -  - 30 59  - 45 14
 46 15 21 27 55 54  - 22  3 44  - 48  7  8 36 45  4 11 56 59  2 30 17 47 25  1  - 28 14 41  - 29 58 13 12 26  - 34  9  - 60 42 19  - 31 39 16 40 24  5 53  -  -  - 10 20 23  - 49  6
 31 25 29 48 18  - 50  - 21  1 33  7 16 24 45 43 32 41  - 42  -  - 12  5  4  -  8 14 49  - 54 53 38 35 59  -  -  - 36 55 28 19 39  -  -  - 40 26  - 37  - 58 11  - 20 52  - 60  9 51
 28 27 36 55 13 12 46 33 41 47 30  - 21 57 48  -  -  8 14  -  5  - 19 54 16 40  -  4  -  - 37  1 53 38  - 20  3 22 34  2 35 17  -  - 24 50 10 45 25 58  6 51 49  - 39 59 31 11 42  -
  -  3  -  -  - 20  - 36 40 32 24 54 43  6 19  - 60 34  9 47  -  5 31  7 57 45 35  -  - 42 48 15  - 53 37 25  - 10 51 12 17 33  1  2 13 11 18 52 44 23 38 46 55 59 50 56  - 22  -  -
 56 36 13  -  - 14 30  8 10 22 53 24 15 37 20 42 12  9 55 31 58 18 32  - 23 41 11  -  6  - 29 19  3 26 49 17  5 35 21  - 46 48 59 57 16  2 39 43 50 60 44 34 45  1 52 54 38  - 25 47
 58 49 20  5 51  - 16  - 36  -  8 28  -  3 41 19 55 26 54  - 50 32 24  -  1 59 43 33 60 44 27  2  9 23  - 22 14 12 10 42 40 45 15 21 18  4 47 30  - 11 35 38 25  -  - 31 13  -  6  -
 38 52 11 39 50  7 22 45 53 56 51 43 24 27 12 17  -  - 16  9 36 14  - 44 19 48 46 23 29  8 57 40  - 42  3 28  - 15 25 34 20 60 18 35  - 55  - 58 41 59 32  2  6 33 26 47 10  1  5 31
  - 39  - 35  4 38 19 17 23  7 43  - 33 50 15  - 13 48 52 16 24  - 27 21 46 53 12  -  2 26 30  9 10  - 55 58 57 60  -  5  - 59 22 41 32 47 11  - 14  8 54  6 28 31 34 37 49 25  -  -
  - 29 16  1 12  - 37  3  8  4  - 55 46  9 25  2 53 56 19 51 57  6  - 33  -  - 14 42 10  -  - 41  - 52  -  - 49 18 59 11 30 36 54 31 48 26  -  - 45 35 47 24 23  - 44 40  - 58 27 38
 55  5 26 16 58 48 13 38 49 30 31 29  - 41 43 33 34 21  6 11  9 50 51  - 15  - 57 60  8  -  2  - 17  -  -  4 12 32 56 39 52 27 44 14 10 25 28 24 36 54 18 22 40 19  - 42 46  -  3 45
 41  4  - 34  8 22  - 60 52  - 27 47 30 28 17 31 25 12 53 43 26 56  2  -  - 44  5 58 54 16 59  7 33 24 42  - 19  3 40 29 57 11  -  - 55 20  - 21 35 49  - 39 36 32 38 45 15 14  -  -
 57 59 37 31  - 49 33 48 38 24 50 10 14 18  -  4 22 39  - 58 55 12 54  - 60  - 16 13 41  1 51 42 46 21 47 23 25 29 53  -  -  2 36 17 45  6 34 56 26  -  3  - 44 27  5 35 28 20  -  7
  - 57 54 15 30 34 26  7 32 41 44 12 42 33 29 58 40 55 22 45 14 10 23 28 43 56 24  -  9 20  - 51 27 25 38  - 53 31 13 21 39  6  - 11 36 59 19  1  2 46  5  3  8 52  4 18 60 35 37 48
 27 32 55 56  1 52 39  - 16  -  - 21  2  -  - 18  - 38 57  - 35 47 44 19 33 30  6 24  - 46 25 26  -  9  4 40 43 11 17 20 48 41  - 53 14 36  8 54  5 34  - 49  7 28  -  -  3 50  -  -
  - 22 17  2 33 26  - 34  - 51 13 36 23 60 30 37 14 28 32 39  -  -  -  - 59 57 53 56 55  9 41  - 31 16 46 54 10 45 15 58  5 44 50 19 12 21  - 11 20  1 43  -  -  8 40  - 52 27  4 29
  -  - 32 46 36 13  7  - 42 48 14  -  - 40 33  -  5 51 34 30 29  - 26 55 27  - 37 38 47  -  9 11 52 12 15  - 17 50  1  8 10  - 53 49 20 54 56  4 57  - 21 23  - 43 45 16  - 18 19 60
 18 44  7 29  - 60 28 25 27 49 54 38  - 39 26 36 48 17  5  6 15 59 47 45 22 52 20  - 56  -  8 13  1 32 24 51 21 55 19 30 12 57 23  3  -  - 37 35 34  - 31  - 42 11  - 53 40  -  2  4
