2880
  - 36 52  1 43  - 49 55 57 13 39 14 10  - 56 54  - 50 22  -  7  - 37  - 25 18 31 30 51 34 46 11 33  - 41  - 19 16 58 60  3 48  8 23 45 38  9 26 12  2 15  5 44  - 20 27 29 47 32 28
  - 25  6 27 24 58  - 45 17  - 53 59 34 55  4 57 38 22  - 56  5  - 44 49  - 47  -  - 41  - 28 52 29  - 19 12 13  7 26 40 30  -  -  9 43 10 39 20  - 15 42  2  3 21 35  - 60 23 36  -
 28 18 43 20 36  - 44  - 46 22 40 53  - 45 49 41 42 38 58 57  3 27  - 29 34 23  2 48  - 19 10 39  4 13 60 55 31 15  - 50  - 12  1 30  -  5 16 25 47  8 59 56 32  7 37 54 21 17  6 11
 13 59 15 35  7 26 58  4 32 39 27 60 17 40 48 22 47 49 28 54  - 45 16 34 31 50 19 41 18 56 11  2  1 29 37  9  - 21  - 53 42 36 20 14  -  -  - 52 44 57  - 43 38  - 33  5 10 55  -  -
 48  6 46  -  5 53 17 47 10 59  4 39 15 41 38  1 22 34 23 21  - 13  3 58 27 60 56 43 20  7 52  - 44 30 35  2 57 14  9  - 24 40 19 54 26 49  -  - 45  -  - 51 33  - 31 55 12 16 28 50
 22 11 54 19 30 49  9 29 27 41 28 38 23  8 26  2 43 39 47 44 45 21  - 51  - 12 46 56 35 59 60 17 32 31 20 10  -  3 55  - 13  5 50 34 18 16 40  6 25  -  7  -  4 58 57 48 14  - 15 36
 55 42 24  3  9  - 11 46 13  4 21  - 20 17 52 25 23 58  -  - 31 49 27 43 40  - 36  2 60 44 18  6  - 35  8 37 47 22 45  - 54 34 41  -  -  7  5 12 59 28 29  - 10 57 26  - 53  -  - 51
 17 54 57  - 37  - 59 16 48 47 12  - 58  -  -  - 40 52 29 51 38  - 26 53  3 46 22 28 32  - 14 25  9 11  - 34  1 41 15 10  8 44 60  5  -  6 35 19 43 36  -  4  - 13 30  - 20 31 56 33
  - 55  - 43 28  - 21 56 19  - 22  2 26  -  - 49 16  - 51 52 30 31 54 44 23  - 35 25  3  -  5  - 39 50 33 42  -  - 14 46  1 57 12 37 59 24  - 48  6 10 53 41  7 45  4 15 13 20 34 38
  - 52  - 48 50  -  7 23 11 42 24  - 56 26 53 43  9 15 10 33  6 28 35 37  1 49 20 45  -  - 30 21  - 54 25 44 59  5 51  8 18 29 34 27 40 31 14  -  - 41  2 57 36 46 32  - 16 39 19 55
  -  - 32  -  8  9 39  2 25  3 20  - 37 51 36 35 52  1  - 22 55 60 59 56 44 45 18  - 53 54 15 30  - 21 28  4  - 33 47  6 11 13 40 50 14 42  - 10 58 46 38 34 49 43 48 29 26 57 24  -
  5  3 36 15  -  - 24 22 52 31 18 26 54 49  -  - 32 27  - 17 14  -  - 20 53 34 38 59 11 12 25 51 16 28  - 43 44 13  - 37 48  9 10 41  - 47 30 57  - 42 45 50 35 23  7  - 33 29 46  4
  - 14 30  8 33  - 53 31 24 26  - 15  -  - 19  - 13 46  -  - 27 16 40 32  -  - 48  3  - 45 43 36 51  5 21 52  7 50 11  - 49 22  - 44 41 34 56  2 60 54 28  - 29 20 58 12  1  4 57 37
 53 20  5 49  6 41  - 52 34 17 59 35  - 42 33 16 30 56 27 15  9  3  -  - 14 55 43  -  - 48 57 31 18 10  2 21 46  8  - 32 28  1  -  4  - 12  7  - 38  - 11 39 23  - 29 19 45 24 58  -
 54 53  - 44 56  - 14 11 20  - 13  - 19 30 42 21  -  5 15 48 18 38  9  -  - 27 58 34 26  -  - 40  - 33 46 51  - 36 17 41 43 52 57 32 25 39 45 59 10 60 37 24 55 16  8 50  3 22  7  2
 39 22  -  - 16  - 48 44 33  9  -  7  1  - 20  4  2 40  - 46 42 54 25  - 32  - 28 49 17 52 24 41 58  -  - 14  -  6 21 27  - 50 23 10 29 57 37 35  - 12 60  - 56 19 34 53 18  - 45  3
 37  5 23 45  - 36  - 40 58  6  1 46  -  -  - 44 55 30 60 29  - 33 13 57  -  8 10  - 47 32  -  - 26  -  7 18  - 51  - 25  2  - 54  -  9 15 31  - 21 50  - 11 27 12 39 24 28 56 48 14
 32 33  7 50 23 15 34 25  - 57 16 40 51 38  - 58 39 10 31  -  8  - 20 13 52  - 47  5 30  - 19  - 21  - 49 11 26 24  -  2 59 60 14  1  3  - 42 55  -  9  - 45 22 17 46 41 37 27 18 12
  - 23  - 17 48  -  - 36 50 12 26 18  - 53 31  - 58  4  9 13  - 56 34  - 10  - 60 21  8 46 55 14 37 52  1  7 29 45 22 19  - 15  - 38 16  3 41 24 40 30 57 49 39 25 43 59 54 51  -  -
 11 40 10 57 38 43 16  - 42  5 52  - 14 15 51  - 60 20 12  2 29  - 55 39 46 36 37  - 54 25 22 23 53  1  - 19 35 56 41 47 34  - 30  - 28 33 17 31 13  7 24 59 50  8  9 18 48 21  -  -
 41 16 28 29 13  8 55 20 14 60  - 43  2 25 35 32 18 48 37  9 57  - 19  7 38 53 49 58 33 24 23  - 31 26  5 15 34 30 54 56 45 21  6 59 50 27  - 40  4 44 39  - 51 36  1 11 22  - 42 10
 42 60 27  6  - 50 47 28  - 15  9  -  - 33  3  -  - 11  - 35 40  -  1 38 19 16 17 44 34 20 37 12  -  7 48 31 24 59 13 30  -  -  2  - 57  -  4 54 49  - 36 58 43  - 53 21 46  5 55 45
  8 58  -  - 41  -  - 10 37 20 19  -  - 50 17 48  -  3  6  - 35  -  - 21 54 26  - 47 43 15  - 28 36  -  - 16 42  - 34  1 22 18 59  -  - 60 49 14 52 31  4 23 25 33 56  7 55  2 30 29
  - 49 12 46 27  - 30  -  8 37 15  - 55 31 18 60 21 36 59  - 16  5  6  9 45 43 24 38  1 53 20 42 10 25  - 54 40  -  7 11 17 41 28 56  - 58  -  3 57 23 19  - 13 50 52 26 32  - 39 35
 19  - 41 18  3 48 13 24  - 51  5  -  - 60 46 37  - 23 55 31 22 35 58  - 30 42 50  - 14  -  - 45 38 27 59 20 15  9 29 17 10  7 53 12  - 21 44 43  -  - 32 47 11  - 49  8 56 40 54  -
  - 26 31  -  1  6 50  9 44 49 25  3 12  -  8 56 33 37  -  - 60  - 43 19 48 24 54 13 38 51  - 22  5  - 39 28 55 47 57 21 36  4 42 16 15 40  - 18 23  - 58  - 52 10 45 46 27  - 14  -
 40  8 58 21 10 57 60  - 31 43 54 16 41  2 28 12  -  - 36  - 50 44 29 45 20 52 15  4 42  1 51 48  7 22  9 30  5  -  -  - 14 56 32 17  - 46 33 23 19 11  - 27 18 59 25 34  6 13 38  -
 47 48 60 53 21  -  - 43  3  8 30 32 49 14 15 17  - 33 54  -  4  -  7 46 18 41  9  -  - 26 50 16 24 40 55 56 52 23 44 34 37  - 31 42 12  1  -  -  -  -  6 36 57 38 27 39 59  - 11 13
  9  - 18 32  - 40 15  -  - 29 60 17  - 54  7 38  - 14  3  - 59 50 23  - 41  - 16 36 57  2 53 55  8 42 10 13 51 19 12  - 35  6 49 39 58  - 52 22 27 37 47 33 26 34 24  1  4 11 43 21
 57 21 22 30  -  -  -  - 59 52 37 31  - 19 12  5  - 17  - 24 43  - 60  6 13 10 27 35 16 58 42 53 47 46 18 33  -  4  1 55 23 51 26  7 39 32  -  - 54 34  -  -  2 28 11 56  - 45 29  8
  - 34 37  4 60 19  -  -  7 46 41 42 52 22  6 29 53  - 49  - 12  - 31 14  - 21 57  - 36 11 33 24 54 44  - 58 27 39 25 59  - 55 15 43 38 51  2 32 20 48 13  8 30  - 28 35 40  1  5 26
  4 19 38 25 26  - 41  - 21  - 47 20 30  1 45 18 59 32 40  6 48  - 22  - 24 57  8  -  2 42  -  - 56  - 27 49 11 28 36 16 15 31 39 55 17  - 53 50  - 13 14 60 12  -  - 10 43 33  3  9
 31  - 34  - 15  5 43  - 30 56  2 44 16  - 58 10  -  6 46 42 54  -  -  -  - 40  - 32  - 36  -  - 27 18 53  - 21 17 49 13 19 28  -  -  8  - 38  9 29  3 35  1 14  4 59 60  -  7 23 25
  2  - 40 54 11 23 29 37  - 38 46  -  9 48 27 50 10  -  1  3 36  - 47 15  -  - 44  -  - 21  - 20 52  8  - 41 49  - 28 33  7 59 58 35 51 17  - 53 18 39  - 14 42 22 13  4 31 26  - 16
  -  - 21 11  - 32 33 58 43 18  8 49 13  3 25 30  - 53 26 45 39 52  - 22  6  7 23 20 44 27 59 46 19 55 42 35  - 40  - 28 38  -  9 36 34 56 50  1  5 14 16  - 60 31 41 17 24  -  4 54
  -  - 17 60 52 16 28 35 54 32 33 36 44 12  - 23 25  9 38 50 56  - 49 47  4 58 30 46 59 37  -  5  6  - 43 39 18 57  - 48 51 42 45  -  - 20 21 29  - 53  -  -  1 27  2  -  7  - 26  -
  -  2 14 52 19  4  3  -  - 21  -  8 27  - 59 11 12 16 43 49  1 55 38 10 57  5 33 40  - 13  9 34 23 20 31 50 25 32 46 18 39 45 44  -  - 35 29  7 41  6  - 42  - 53 36 47 17 54  -  -
 50 15  - 10 59 54  - 21 55 24 11 33  8 29 16 39  - 42  2  7 25 53 46 60  -  4 34  -  -  - 41 27 35 36 40  5  6  1  3 20 58 26 18 51 56 45 19  -  9 52 12 32 48  - 47 22  - 28  - 17
 45 51 56 42 14 31 26 38  -  7 29 19 36  - 50 27 54 18 48  -  2 57 17 11 49 28 41  1 12 22 13 37 55  - 34 53 16 44  8  - 33 43  5 58 35  - 46 60 24 25 21 52  6  3 15 32 23  - 10 59
 52 35 33 55 39  - 31 13  - 19  - 47  - 32 44  7  4 51 30 12 58  - 24 59 56  2  - 15 50  6  1 38 49 45 57  -  - 29 48  - 46  - 25 21 37 53 60 11  8 20  -  - 40  - 18 43 42 14 22 41
 15 47 16 51 32 42 52  5 45 30 23 54  - 46 13 31 36 44 21 53 49 41 10 28  8 56  3  9  - 35 26  7 50 43 38 29  -  2  -  - 12  -  -  -  4 59  -  - 22 33 48 20 24 40 60 57 58  - 25  6
 23  9 59  -  - 10  4 51 49 35 34 24 31 43 57  6 46 13 52  1 53  2  -  8 50 25 14  7 21 41 39 32 15  -  - 38 28 42  -  5 55 30 22  3 48 26 11 56 36 27 44 18 37 47  - 40  - 19 16  -
 51 10 55 31 29 28  2 57  4 16  - 37 47 24 40 26  1  8  - 18 34  6 41 42 39 44 13  - 48 38 21  - 14  9 15 32 60 12 33  -  - 11  3 45 23 25  - 36 17 22 54 19 20 49 50 52  - 58 59 43
  3 38  4  - 53 12 10  1 39  - 50  - 33  5 55 14  - 19  - 23  - 24 15 36  - 59  - 60 45 16  - 54 25  - 11 57 32 46 35 51 41  2 48 29 30 13  - 47  7  -  -  - 17 56 22 31  -  - 40 18
  7 39 26  -  - 21 27 30 38 10 43  -  6 16 29 36 49 57 53  - 19  -  4 17 37 35 52 42  5 18 12 50 11 59 22 45 54  - 20  3  - 32 33 31 60  - 47  -  -  1 56 15 46 41 14 58  -  8  9 40
 60  4  -  - 34  - 22  7  5  2 35 13 57  - 21  3 27 24 18 11 20  8 14  -  9 29 45 50 46 39 47 43  -  -  - 40 38  - 16 12  - 17 56  - 42  - 54 44 32 51 30  - 28  6 19 33  -  - 37 58
 58 46 47 59 22 29 57 14  1 25 31 28  3 35 37 51  6  - 34 20  -  4  - 18  - 17  - 23 49 50  - 10 40  - 24 48 39 27 30  - 16  - 36  - 32 11  -  8 15 43 33  9 54 55 38 44 52 53 12  -
 18 56 50 14 44 47  - 49 12 34 42  - 40 37 24 55  8 31  5 25 32 58 30  4 36  3 11 52  7 43  - 29  - 57 23  6 45 48 59 35  - 53 51  - 13 28  - 33 39 16  1  -  - 26 54  -  - 41 20 22
 30  -  - 56 51 45 19 48 15 28 58 34 53 11 47 13 31  -  - 38  - 26 32  5  -  -  - 10 39 40  -  4 59  -  6 36  2 35 42 14  -  - 37 60 33 54 20 46  - 21 27  - 41 18 55 25 44  -  8  1
 21 13 11 33 20 51  - 53 29 40 10  5 48  - 14 19  3 45 25 34 24  - 28 35  2  9 26 12 23 49  6 47 22 39 52  1 17 55 56  -  -  -  -  8 27 50 59 41 30 38 46  - 15 60  - 37  - 18  - 32
 25 32 53 37  - 17 46  6 22  1 44 23  - 56  - 47  5  - 42  - 51 39 12  - 55  -  - 11 24 31 45 13  -  2 29  8 43 10  4  9 60 58 38  -  7  - 36 28  3 26  -  - 16  - 21 20 30 35 50 19
  -  -  2  - 46 11  8 26 60 45 48 51 18  7 43  9 20 25 44 27 41 12 56 40 17 54 53  - 31 29 36  -  -  6 30  - 58  - 10  4 52 16 24  -  1 23 34 37 14 47  5  -  - 35  3  -  - 42 33 49
 46 29  - 58 25 44  - 59  - 14 38  9 45 21  -  -  - 12 19 41 13 37 39 31 11 20  7 54 40 28 32 57 48 34 17 24  8  -  6 52 27 35 16 18 49  4 43  5 56 55 26  -  - 15 10 51  - 50  2 47
 33  - 42 13 31  - 36  - 28  - 49 29 60 39  9 20 19  -  - 14 47 43 51 24 26 37 55  8 25 10  -  3  - 32 50 23 56 34 40 44 53 38  7 22  -  2 48  - 46 45 41  - 21 54 16  6 57 59 27 15
  - 27  - 34 57 20  6  - 18 36  3 52 21 47 23 15 45 26 16 60 37 25  8 48 12 11 59 39 29  5  4 19 28 49 13  -  - 58 32  -  - 14 43 46  - 22 10 17  - 24  9 40 53  1  -  - 41 38 51 44
  -  - 39 36 40 25  - 33 51 44  -  -  -  6  1 24  7 28  -  -  - 15  - 41 29  -  - 37 13 47  3 49 12  - 16  - 14 60 19 54  4 20 11 52  - 48 26 45  - 58 17 55 59 32 42 30 38  9 35 56
  - 31 51 41 17 35 42 34  - 33 55 25 29  9  2 40 44 59  4 58  - 46 21 50  - 39 32 27  6 30 56 15  3 14  - 22 37 26  5  - 57 54  - 11  -  8  1 16  -  - 23 10 47 52 12  - 19 49 60 53
 38 44  -  - 58  1 20  3 35 23 36 50 43 10 54 59 57  -  7 47 28 11  - 52  5 14 39 53 27 55  8  - 17 16  - 26 22 37 24 49 21 33 46 25 31 30 32 15  -  4 18  6 19  2  -  -  - 12 41  -
 12 28  - 24  4 55 37  -  2 11  6  -  - 27  5  8 48 41 50  - 17 29 52 26  - 32 40 18 15  - 16 60 30 51 54 59 23 38 31  7 25 39 35 47  - 43 13 49 33 56 20 22 58  9 44 14 34  3  1 42
 56  7 13 23  -  - 45  8  6 48  - 22  5 28 39 33 11 35 20  4 44 42  2 12 47 31 21  - 10 17 54 26 46 15 14 27  - 18 37 36 50  3  - 49  - 29 57 58 51  - 55 25  - 30  -  -  - 34 52 60
