2880
  - 37  8  4 58 60 11 29  -  5  3  - 49  - 10 46 57  - 59  - 40 28  2 17 39 21  - 55  - 23 52 20 33 38 41 53 32 27 15 24 48 36 12 13 56 54  - 18 22 25  6  1  - 47 34  - 31 35 42  -
  4 28 51 16 45 48  - 54  - 46  -  7 56 29 20 11 39  5 36 43 55 34 33 12 50  - 57 26  - 10 17 41 42 53 32  - 37 21  2  9  -  - 60  -  - 31 40 22 52 15 44 38 58  3  - 49 47 19 18 25
 52 60  1 44 39  7 21 28  6 49  5 55  - 16  2 58 41 48  -  -  - 57 31 22  - 43 34 10 14 20 36  - 53 37 18 32 13 59  - 11 46 30 56 23 42 19 54 24 29  9 45  - 25 40 35  -  3  - 50  -
  9  - 52 33 50 34 41  - 42  -  8  - 39  6 24 22 25 54  -  7 27 29 12  3 47  1 48  - 40 16 31 32  - 30 14 38  - 15 19 13  5 60 11 46 18 43 58 51 45 57 59 53 20  - 55  4 23  -  - 21
  -  3 12 28  -  -  6 36  9 26 23 38  - 46  - 44  2 29 35  -  -  - 30  - 10 47 33 50 41 15 11 27 24 43  -  - 48 17  8  - 53 13 57  - 40  - 59  1 60 18  - 32  7  4 45 51  5 21  - 39
  - 34  - 13 22 57 12  1 27 39  - 28 35  4 19 59 58 21 10 52  2  -  - 29 51 32 41  - 20 18 46 30  6  9 31  5 38 50 37  8 33  - 23 48  - 16  7 54 49 14 40 45 44 43 53 36 17 56 47  -
 60  6  -  5 40  - 51  - 44 24  - 20 48 14 56 54 13 23  1 42 37 50 49 25 12  - 45 27 28  -  2 33  -  -  -  4  - 39 53 52 18 11 30 32 58  9 43 10 38 19 55 41  - 34 57  -  - 59 29 31
 29 56 53 42  - 47 20 16 19 23 60 30  -  - 54 49 27 57 28 21 14  - 10  6  9 22 58  1 43  - 32 17 18  3 59  - 50 36 52  5 55  -  7  4  8  -  -  - 24 31 38 44 15 41 40 26 45 48  2  -
 47 53  - 46 36  -  3  -  -  -  2 11 33 30  - 15 16  1 54 55 24 58  8 21 25 29 49  4  -  6  - 52 31 41 19 35  -  - 14  - 23 51 17  - 22 10 18 60 20  -  5 13  - 26 43  7  - 27 44 59
  -  2  - 58 59 13  4 22 52  - 35 33 55  9 26 47  -  - 14  3 34 53 56  - 38 19 30 43  -  7 12  - 28 49 40 10 18  - 21 41 60 25 51  - 24 50  - 37  1 48 32  - 16 11 42 23 44 31 46  8
 20 21 15 45 17 42 44 59 40 22 41 24 51 43 46 14 35 47  - 34  - 10 18 33 30 27  - 13 12 19 56 57 36  6  -  8  -  1 25  4  - 37  3 26 16 49 32  7 23  -  2  9  5 53 50 48 52 28 31  -
 55 15 17 43 18 50 30 23  2 54 37 26  - 28 41 40 48 12 47 24 51 33 14 39  7 13 56 35 44 31 19 59 45 52 46 57 49 58 27 16  -  4 36 11 32  5  -  3  - 42 25  - 34  - 29  1  6 60 21  -
 53 13 23  - 37 21  - 14 17  3 27 43  1  - 60  2 11 38 33  - 31 52  - 50  5 26 22  7  4 51 16  9 55 42 10 18 30 41  -  6 59 47  - 36 34 44 56 35  - 29 58 54 39 32 24  - 12  -  8 15
 19  - 16 41 27  - 60 32 45 15 57  6  3  -  - 28 30  - 31  5 20 59  - 47 44 37 18  - 34  -  1  -  8 22 13 26 33 29  - 17 21 55  - 14 39 40 50 52  - 36 35  4 49 56  - 58 51  9 38 53
  - 35  2 30  - 14  -  5  -  - 25 47  - 42  8  9 20 49 44 27 19 31 22 23 34 17 10  -  1  - 57 46  - 58 53  -  - 13 56 15  - 45 55 12 29 37 24 50  - 43 36 18 21  -  3 33 38 40 28 48
  6  - 28 52 16 43  - 12  - 58 10  - 32  3 45 13 42  4 55 49 36 30 59 53 22  9  8 14 60 34 40 50 51 27  -  -  5 11 44 20  - 21 41 33 23  7  - 31 57  -  1 19 18 25  - 47 54 37 26  2
 14  8  - 23 46 40 50  - 35 42 36 29 43 57  1 31  7 44  2  - 54 38 37  9 20 34 21 39 10 47  3 53 52 13 15 45 25  -  - 33  - 16 48 17 27 11 26  - 30 60 28  - 51 49 58 41 22 32 55 19
 12 23  - 50 11 58 19 35 32 17 54  - 60 44 53 38  - 33 42 59 22 56 24  7 49 14  - 45  6  - 37 21  4  1 36 29 51 55 40 31 34 41 10 52  - 48 46 28  2  8  - 27 57 20 26 15 18 16 39  3
 35 39 47 53  6  -  9 52 56 50 19 58 16  - 51 29 38 24  7 26  4 46  - 10 27 42 25 59 32  - 18  - 15  -  - 60 54  -  5 49  3 44 43 57 37 28 31 41  8 55 48 14  - 12 30  - 11 45  - 34
 57 30 25  8 32 52  2  -  - 41  6 16 24 13 17 33  - 43 15  - 38 44 23  - 18 46 59 40 39 53 58 55 27 28  - 54 34  5  - 35  9 48 31 42  - 56 19 47  4  -  7  - 50 21  -  - 26 12 60  -
 50  - 46 47  2 55 27  9 59  1 30 53 15 23  4 24  -  - 60 16  - 17  - 45  6  - 13 20 48 44 14  -  5 33  -  -  7 10 36 38 32 42 22 51 35  3 28  - 21 56 49 29  - 52 41 12 58  - 54 43
  8 18 21 26 57  4  - 31 53  - 11 50  2  - 35 39 44 41 17 40 49  - 47 56 52  -  1 34  3 37 23  7 10 20 51 58 36 45  -  - 27 43  - 24 14 46 15 38 48 59 22  -  9 42 25  5 16 33  -  -
 28 42  - 25  - 22  - 37 60 51 14 19 53 54 57 26 52  - 12 29  6 40  9 16 55 31 17 11 46 56  - 39 58  - 44  3  1  2 48 47 38 33 18 15 43  4 41 34 36 27 13 10 24  -  7 21 49 20 30 23
 43 41 42  1 49 15 31  4 58 14 44 21 34 26  6 18 22 53 20 36 56 47 57 48  -  7  - 33 30 28 25  - 19 39 52  - 46 38 12  - 11 54 40  9 10 51 45 16 59 35  8  - 55 37  5  3  - 13  - 17
 10 33  - 27 41  6  - 45  - 57 47 15 40 39 49 60  -  3 18  -  1 35 16 55 31  2 50 21 26 58 24  8 44 14 42  9  -  - 38 30 52 32 19 54  -  - 12 36  - 51  4 23 28  - 48  - 37 34  7 22
 32 44  -  7 51 24 43  2 12 47  -  - 28 49 34 48 17 46 37 18  9  - 53 59 19 20 55  - 21 45 27 29 40 11 23 39  - 30 13 36 16 56  - 22  - 58 10  - 50  4  3  -  8 60  1 31 15  - 52 38
 39 48 37 35  -  - 17 56  5 25  - 57 31 15 44 16  4 26  6 28  7 14 40 24 54  8 43 51  - 38 41 12  -  -  1  - 21  - 23 60  - 59 47  -  - 45 27 58 34 11 52  2 19 30 33 22  - 46  3  -
 24  - 10 49  -  8 18  - 43 32  - 54 12 40  3 56 34  - 16 53 48 60 26  4 17 36 20  -  - 21 30  -  - 55 25  2 19 33 42 46 44  - 39  -  -  - 29  5  -  7 57  - 45 51 47 27  - 50  - 37
  -  -  3 60 52  2 24 41 30 29  7 13 11  - 47 36 28 37 34  -  -  -  -  1  - 12 15 56 27 39 44 43 22  4 21 19 23 51 35  -  - 18 38 16  - 32 55  - 42 40 46  6 54  5  - 25 57 58  - 45
 38  - 40 34 10 23 49  - 21 13 45 52 47 58 48 17  8 60 56 57  5 12  3 46  4 55 36  2  9 42 29  -  - 26 39 43 41 31 54 27 30  -  -  6 59  - 22 11 19 50 53 33  1 28 14 16  - 51 32 35
  3  -  7 48 47 35 33  - 51  8 22 12 23 36  9  - 29 31 50 25 39  -  6 44 21 38 46 24 52 17 53  - 26  2 43 59 45 60 41  -  -  5  -  1 55 13  - 57 37 49 11 20 32 27  - 19 14 30 58 10
  - 24  - 14 55 10 16 51 41 27 26  8  - 11 33 25  3 20 22 45 28 19 58 13 42 60  6 15 56 52  -  2 30 48  -  -  - 54  - 39 31 50 44 34 57 23  - 29  9  - 47  - 36 18  - 46  7 49 40  -
 11 47 19 15 60  -  8 58 55  7  -  5 37  2 59 34  -  6 45 30 10 36  4  - 53  - 14 31 35  - 22  -  3 40  - 16 12 23 43 21  - 38 33 27 49 18 52 44 25  - 54  - 17 39 28  - 48 42  1 57
  2 20 56  6 24  - 55  - 14 40  1 32  7  - 37 10  5 59 39  4 35 25  - 52 33 18 28  -  -  - 50 38 48 34  3 30 42 22  - 58 15 26  -  8  -  - 36 19 13  - 29 31 46  9 23 17 27 47 12  -
  7 17 31 51 14  - 26 48  - 45 34  -  -  - 25  5  -  - 57 41  8  4  - 30  3  -  - 38 13 50 49  - 16 18 54 11  - 47 59 42 22 12 35 37  -  - 39  2 28 33  - 21 29 46  9 60 32  - 43 52
 13 27 33 32  7 46 53 11  1 60 12  -  - 45 28  - 14 39 43  - 30  9 36 15 59  5 42  - 18  -  -  -  -  -  - 31 24 49  -  - 26 52 20 29 21 35  4 17  -  -  - 58 56 22  - 57  2  6 10 16
 44  - 36  -  - 39  - 60 10 37  - 34 52 21 40 23 56 18 41  - 15 45 42 14  - 59 51 22 38 43  -  - 13 19  9 17  6  -  -  7  8 28 49 31 20 53 30  -  5 58  - 47  - 24  4 32 29 25 27 46
  - 31 13  -  8 53  7  6 23 35  9  -  - 50 39 51 60 32  3  - 45  -  - 49  -  - 47 37 54 57 48 10 34  - 29 42 28 19 30  - 58 14  2 41 46 55  -  - 33  - 21 25 12  - 17 38  - 44 59 36
 59 19  - 17 26 38 39  - 16 21 13 23  8  - 12  4 54 51 40  - 46 22 45 36 48 33  3  9 29  - 60  - 32 35  7 37 44  - 18 57 56 58 24 43 25  - 49  - 14  5 27 30 31  2  6  -  1 11  - 20
  - 46  - 11 35  3 45  - 38 52  - 40  -  - 22  1 23  -  - 54 12  - 44 27 28 24  2 60 57 59 39 16 17 36 30 50  - 32 33 18  - 31 26 55  5  6 42  - 47 53 41 49 48  8 15 29 10  4  9 58
 33  9  6 24 30 54 56 10  - 16 42 46 45 18 11  8 43 25 21 37 60 49 51 57 26 52  -  - 23 27 34 19 29  5 17 13 22 14  - 55 41  - 53  - 44  - 38 39 35  - 12 15 59  1 32  - 50  7 20 28
  - 38 27 40  1 49 54 25  7 19 31  9 17 35 13 45 53  - 11  - 52 15 50 37  -  - 32 48  -  -  6 18 39 10 33 34 47 46 51 59  4  -  8 21 60 36 57 56  - 12 43 42 30 16 44 28 24 41 22  -
 46  7 48  - 20  9 58 26  -  6 49  4 21 25  - 41  1  - 24 50 44  8 15 38 43 35  - 17 19  - 33 47 56 57 34  -  - 53  3 22 28 29 52 39 31 42 51  - 18 30  - 59 27 13 54 45  - 14 23 32
 25 29 14 21  5 51 42 44 31 34 59  - 10 47  - 55 50 30 23 11  - 18 60 58 46 57  -  -  2 36 35  - 54  8  - 33 16  9 32 48 45 20 37 56 17 27  1 43  - 24 15 12  - 38 49 40 28  -  4  7
 58  - 55 19  9 16 48  - 49  - 38  - 18 53 50 35 40  -  - 31 17  1  -  -  2 28 27 25 42 14 10 56 21  -  5  - 52 12 29 37 57  -  - 47 15 24 60  - 44 32 23 22  -  -  - 11  8 26 13 41
 18  -  -  - 19 20 32 39 54 36 48  - 27 37 38 52 15 50  9 60  -  7  - 40 41 49 31 42  - 11 55 22  -  - 47 44 17  - 16 43  - 24 13 28  -  2  6 23 56  3  - 34 33 59 12 30 25  - 57 14
 15 10 58  9  - 28 37 42 33 12  - 14 29  - 23 57 26  - 51 39 32  - 19  - 56 53  -  - 55  4 21 36 60 54 45 41  3  -  7  2 20  1  - 59 38 22 34  8 16  6  -  -  - 31  - 52 35  - 24 11
 34  - 18 10 29 25  -  3  - 53  -  -  9  5  7 21 24  - 49 46 43  6  1 41  - 56 23 32 51  - 47 15 37 17 50  - 20 16  - 12 42  -  -  2 36  8  -  4 27 52 19 35  -  -  - 13  - 54 11 30
 23 57  - 54 12 41 10  7  -  - 56 27 25 51  - 42 31  - 53 32 58 43 17  8  - 39  - 47  - 48  5 49 11 45  4  -  9 20  - 19 14  - 46  3  2 34 16  6  - 37 30 36 26 55 18 44 40  -  - 24
 41  5 54 12  4 26 28 50 24  - 40 37  - 56 36  3 51  9 19 38 21  -  -  2 23 30  - 57 31 46 43  1 14 47 55 15  - 25 22 53  7 10 32  - 52 39 13 49  6  - 20 17  - 29 11  - 33 18 34 27
 17 45  - 20 43 30 47 46  - 56  - 35 36 34 27  6  - 55 25 23  3  5  -  - 58 44  9  8 16  - 13  - 59 31 38  - 57 40  - 26 29  - 42 60  -  - 37 33  - 28  - 52 14 19 10 39 21  - 53 51
 45  - 22 59 38  - 40 49 57 44 58 60  - 48  - 27  - 52  - 14 18 13 39 42 32 51  - 30  - 35  -  5  -  -  - 23  - 56  - 25 19  2 50  - 12 26  8 53 54 16 10  7 43 36 20 24  - 15 41 33
  - 50 39 38  - 19 29 27 25 18 52 31 13  -  - 37 36 14  -  - 33 11 48 54  -  4 60 53  - 41 42 51 43 24 12 49 55  3 28 56  6  8 21 45  7 47 23 30  -  1 17 57  - 35  -  - 20  - 16 44
 27  - 26  - 13 37 34  -  3 11 16 59 14  7 21 20 46  2  - 35  -  - 28 60 15 40 44 41 33 30 51 25  1 23 57  6 29  8 55 32 10 53  -  - 50 38  5  9  - 45 42 43  4 54 19  -  - 22 17 47
 31  - 60 56 42 36 23 33  4  - 55 51 50 38 43 12 21 22 13 47 16 20 46 32 24 10  - 49 45  -  8 28  2  - 48  - 27 37  - 34 54  9  -  5 30 14 53  - 26 44 39 11  - 15 52 35  -  -  - 18
 54  - 50 31 34 56  5 20 13  - 15  2 44  - 52  -  - 17  8 19 42  3 29  - 45 41  -  -  -  9 38 11 57 59 16 36  4 48  -  - 49 23 14 18 47 12 33 21 32 39 24  - 35 58 60 37 55 53 25 26
 49 51 20 36 23  - 22 43 39 28 21 44  6 31 32  - 18 42 48 33 47  - 52 11  8 15 12 46  7 13  4 54  - 25  - 27  - 34 58 50  2 57 29 35 45  - 17  - 41 38 26  3  - 10 16 56 59  - 14  9
 37 14 11 39 33 32 46 30 20 31 28 56 22 59 58  7 12  8  -  1  - 23 21  5 57 45 53 18 50  2  - 60 25 29 27 51 43  - 34 10 40 49 16 38  4 17  3 13 15 41  - 26  6 48  - 42 19 24 36 55
 22 52 44  3 53 27 57 24  -  9 50  -  4  8 14 43 19 13 30  - 59 32  - 20  - 23  5 29 11 49  -  -  - 12 37 28  -  - 31  1 35 46 25  -  - 21  - 55  7  2 51 48 60 17  -  6 56 38 15  -
  - 40 43 29 25 12 14 21 36  - 53 17 41 60 15  -  - 34  -  8 11 27 20 35 37 50 54  - 24 22  -  - 38 16 26 55 56 42 45  -  - 39  1 30  3 33 48  - 46 13 31 28 52  -  - 59  9  2 51  4
