2880
 36 32 55 16 21 49  -  7 29 23  - 54 60 41 45 53  - 27  2 50 31 24 56 38  3 15  4  9  6  -  - 42 22 34 26 25 12 43 11 13  8 57 17 14 52  - 37 35 46 18 19 48 58 33  - 51 30 39 20  -
  - 22 11 48  9 10 60  5  - 34 40 46 23 45 32 42 56 36  - 27 54  2 39 19  8  -  - 51 52 16  1  7 50 14 59 38 57  - 31 53 37 18 25  -  - 35  - 44  4  - 17  6 12 24 43 26 58 41  - 13
 45 34  1  -  - 56 16 37 23 17  - 51  - 22 30  6 32 50 55  - 25 10 52 31 33  -  2 53 38 12 36 28  4  5 40 39 19 47 21  -  - 46  - 18 42 60 14 15 20 54 13 57  -  3 59 27  7  - 44 58
 51 15 31  2 36 11 46  - 16 40  6  1 42  - 52 60  - 58 27 35 14  - 50 29 45  7 19 47 10 24  - 13 33 21 56  - 17 22  - 12 26  5 44 37  - 53  - 57  9 49 59  4 32 23  3 48 20 55 18 30
 12 29 19  6  -  8 21 55 52 54 41 27  4  - 28 26 59 22 56 44 35 20 13 49 57 39 43 42 32  7 45 33 58 50  9  -  1 48  - 36 25 17  - 11 37 10 60  - 24  - 23 30 15 51 47 46 16  5  2  -
 53 37 41 11 16 22  6  4  - 39  - 24  3  - 13 38  1  - 10 29 42 58 14 17  - 36  - 27 57 25 32  8 59  - 44  -  - 35 46  - 40  -  2 31 19  7 30 26 60 28 45  -  9 15 18 55 49 20 54 12
 24 40  5  - 38 16 59 45 47 29 55  4  -  7 53  9 60  - 11  -  1 49 36  - 18  - 52 14  - 21 22 30 42 23 10 37 28  - 35 31  -  8 19 41 56 26 46 58 57 43 39 15  - 17 54 20 48 51  -  2
 60 52 17 22 18 12 36 28  9 11  5 25  - 48 10 46 57  6  8 55  7  - 42 40 31 34 21 49  - 44  2 45 29 16  - 32 30  1 41 50 47 23 15  3 33  - 26 38 35 24 53 20  - 27 58 56  - 13 59  -
 30 46 10 37 27 41 22 36 20  - 53 43 21  -  - 57 55 28 40 58 12 45  -  4 13  - 34 60 31 15  5 47  - 32 18 42  8  - 51 16  -  -  1 39 11  - 17  2 26 23 25 14 33  7 44 50  6 19  - 49
  - 53 30 18 24 54 31 60  - 33  - 49 50 10 41  - 35 42  - 38 46 15  -  -  - 11 28 56  -  3 44 34 14 40 32 19 36  -  8 58  6 20  9 55 47  -  - 51  - 13  -  - 37 59 21 17 23  - 26 57
  7 55 48  3 51 20 41 59 49 19  - 18 29 31  - 16 47 24 42 57 53 34 15 52 39  - 58 46 26 36 28 12 13 22 33  5 45  - 40 11 50 32  -  9  6  -  - 30  - 35  2 43 27  1 25 54  - 60 10 17
 33  8 44 27  -  7 23 19 34 15  - 36 40 21 42  1 28 54  9  - 58 52 37  2 59  -  -  6 41 20 18  - 24 17 57 60  - 14 48 38 32 26  -  - 46 43  - 29 50 55  - 53 35 45  -  5 11 16 51 39
 25 45 56 23  - 42  2  - 50 48 10 52 27  - 36 30 16 39 14 22 28 37 40  9  6  4 60  - 59 11 53 35  -  -  5 21  -  7 13 32  -  - 38 58  3 29  -  1 12  8 31 51  - 20 57 19 34 26 24  -
 57 36 21  - 11 47 50  - 12  1 26 22 20 13 34 24 15 37  - 45 10 44  9  5  7 17 35  - 51  6  -  - 32  8  3  -  - 18  2 33 58 30 40 49 14  - 43 53 52 16 48 42 28 25 56  - 54  - 19 29
 39 35 20 13 25  - 48  8 21  - 15 53 28  9 14 23 44  -  - 34 40 16 47 12  - 60 56 30 45 37 43 29  - 52 46  -  -  - 50  3  - 11 51 17 38 42 31 59  7 27 36 55 41  - 24  -  2 57  - 18
 49 13  -  - 56 28 54 48 46 51  9 41 22 40 25  - 43  3 21 31 30 50 58 15 60 53 44 16 55 23  - 18  7 47  -  1 35 10  5 29  - 52  - 12 32 27 39 34 59 37  - 24  6  4  2 45  - 36 17  -
 52 16 49 10 43  - 30 18  4  - 60 39  - 55 38  -  -  9 50 19  2 25  6 21 40 54 17  -  5 47 57 26 36 12 28 15 42 13 23 37 34 33 45 20 31 59 35  3 58 14 41  8 53 22 48  7 24 11  - 32
  -  - 18 54  8 25 19  - 60  -  - 57  - 29 12 15  3  -  - 17  -  - 53 28 44 30  - 59 46 48  - 31 51 26 55 24 40  4  9  -  -  2 39 56 22  1 32  - 16 52 35 21 43  -  7 49 47 10 38 11
  6 25  9 19 57 59 26 53 56 27 37 13 45 58  - 18 54 60  3 20 48 31 12 11 15  2 16 43 22  -  8 32 40 44 23  4 46 34 49 10 39 42 36  - 21 14 52 50 51  -  7  5 30 47 41 29 55 38 28 33
 35 41 36 30  - 46  -  9  - 44 18 58 17 59 31 28 45  - 32 52 26  8  -  - 55  -  - 50  - 49 13 51 19 27  - 12  5 39 56  7 60  - 43 42  2  6 10 33 11 48 40 23 47 53 34  1 29 15 14 20
 41  -  4  -  1 24 25 27 14 10 39 38  7 43 37 55 52 18 34  2 45 60  -  - 30 57 11 31 21  -  9  -  - 13 15 35 50 19 28 42  - 53 23  6 54  - 56 20 48 47  5  - 36 40 26 32  3 12 49 22
 56 12 14 36 41  -  - 26 48 49 42  6 44  - 43 54 27  - 35 24  5 28  1 37 58  - 53 15 33 34  4 22 23  - 19  - 21 50 25 17  - 38 13  - 51 40 20 60 18 59 52  -  2 55 39 16 31 47 45  9
 21 48  2 28 31 30 51 16  3 38  1  - 24  -  7  - 41 11 58  - 33  - 43 10 27  - 45  4 19 50 52 15 34 42 60 17 14  5 37 54 57 55  8 32  - 20 25 39 23 56 44  9 40 49  6 47 26 53  -  -
 37  2 39 58  - 14  -  - 22  - 36  - 53  5 29 45 12 15  -  - 24 46 10 20 32 59 54  3  7 52 60  4 44 56 27 48 41 51 57 23 55  1 31 19 25  9 42  - 47 33 18 40  -  -  - 28 50  - 34 38
 22 17 33  -  7 40 13 29 18  9 24  - 35 23  6  - 48 59 26 51  - 12  5  1 54  - 50 36  8  4  - 38 56 53 39  - 52  -  3  -  - 43  - 44 45 37 41 31 49 34 20  2 60  - 10 14 27 30  -  -
 14 20  -  9 23  3 27 38  - 47  8 50  - 51 17  -  - 29  - 60  6 43 24  - 22 56 48 11  - 42 25  5  - 55  - 36 54 33  4 28  1 31 41 40 39 34 18  - 53  -  - 37 46 32 13 35 19  - 12  -
  -  9 47  -  6  -  -  1 57 18 31 60  - 36  - 50 49  - 44 21 34  -  -  3 25 26 30 55  - 10 14  - 45 37 51  8  2 41  -  - 35 29  - 43  -  - 59 27 38 39 28 12 54 56 17 40 32  7 53  4
 34 28 25  7  - 19 57 47 44  - 23 29  -  8 49 56 26  - 13  - 15 21  - 14 10  - 51 52 39 53 40 16 55  3 36 11  - 58 45  6  - 48 22 27  - 50  - 41  5  1  -  - 18 37 12 59 33  -  4  -
 44 21 24 43 53 50 58 57  -  -  4  - 55 26  5 29 51  - 15 42 11  3 54 41  2 47 38 37 23 60  -  - 16 48  - 28 59  - 17 56 13 22 32  - 12 33 36  - 25 20 27 31 52 35  9  - 40 46  8  -
  - 60 16 20 14 36  -  -  - 46  - 45  2 57  -  - 23 31 52  - 51 11 27 42 49  -  6 13  - 56 54 41 48  -  8 53 24  - 59  - 18 10  -  -  9  5 19 17 28 12 32  - 34 29 15 25 21  1 43  -
  - 54 51 35 13 34 14  -  - 26  2  7 11 49 15 52 36 32 12 41 23 38 17 55 43  1 57  8 29 19 59 10 37 18 47 50  6 56 27 25 20 58 28  -  - 31  - 46 30  -  3 39 24  -  - 53 22  9 48 42
  - 23 52 17  -  6 24 46 28  - 38 16 26 37 50 12 20 44  7 36 57 59  - 32 53  - 29 39  -  - 42 19 41 43 31 22 47 49 10 14 30  - 55 45  8 51  1 48  3  2  4 34 25 54 60 15 56 27  9  -
 40  5 32  - 28 18 15  - 45 31 56 20 12 46  4 19  -  1 59 54  - 55 38 22 36  - 10 41 13 39 16  -  8 11 29  2 58 26 47 49 17 27 35 33 24  - 51 43  6  3 50  7 57 14 30  9 25 37 60 23
 47  - 23 26 52 13  - 39  8  4 59  9 38 17 57  -  -  - 37  3 60 32  - 27 24 40  - 33 48 54 20 36 11  2  - 34 43 42  7  1 22 15 49  5  - 55 16  - 44 51  - 50 14  - 19 10 18 45 29 31
 59 47  - 57  -  5 45 14  6 58  7 32 18  - 44 20 53 40  4  1 16 27 30  -  - 31 23 12 35 26 50  9 46 39  -  3 48  2 29  8 10 34 52  - 28 17  - 37 43 21 56  - 55 38 11 42 13 49 22 51
 50 44 22 46  -  - 20  - 42 59 28 34 15 11 19 25  -  -  - 47 13 14 26 33 12 41  -  5 18 40  7  -  2  -  1  -  9 32 60 51 54  6 56  8  - 48 58 21  - 57 24 52 10 31 45 39  -  4 16  3
  -  - 46 15 40 26  - 13  5 22 16 44 48  4 24 17  - 41 38 11 56  - 20 54 51 23 49 57  - 35 29 55  - 31 53 14  7 28 36  - 43  - 37  1 27 52  - 45  - 25 30 58  - 60 32  - 10 59 21 19
 54  3  - 21  - 27 11  - 26 41 50 56 32  -  - 43  -  - 51  - 37 35  - 13  - 45  8  -  - 17 12  - 25  -  4 30  - 52  - 15 33  - 18  2 44 57 49 23 55 42  1 16 38 34 29 58 59  - 31 48
 42  4 15 24  -  1  - 10  - 21 22 11 59 60 23 48 19 38 57 26 18 41 45 34 47 20 27 44  -  -  -  - 49  -  - 46 25 55 43 40 52 13 50  -  5 54  9  -  8 58  - 29 17  2 31 33 12 35  -  -
  - 10 57  4 19 52 34 11 17  - 33  - 39 50 48 58  5  -  - 30 44  -  2  -  9  6  1 45  - 29 55 43 28 59 14 40  -  -  -  - 16 36 46 54 20  -  8  - 21 38 26 60 51 13 27 22 42 18 23 53
 28 49  - 59 22  -  5 23 36 55 46 42 47 34  - 31  8 48  -  - 50  9  - 58 21 37 40 35 56  2 15 53  1  7 52 45 33 60 20 30  -  3 10 29 26 38  6 24  - 17  - 18 44 12  -  4 43 14 57  -
 13 50  - 12  - 21 38  - 11 57 54 37 34 28  1  - 39  - 43 23 17 51 35 53 20 52 55 22  3  8 41 14 26 10 49  - 29  6 33  - 24 47 59 16 30  - 27 25 40  5 15 32  4 48 46 60 45 56 58  -
 10 31  -  8 37 51 33 42 27 60 25 26 19  - 39 49 46 34  6 12 29 30 55 47 16  3 32  7 24  9 38 17 35  - 43 18 15  -  - 48 28 14 58 52 57 41 50 54  - 40 21 59 13 11 23  -  -  -  1  -
 16 56 59 34  - 38 49 33 10 14 20  -  - 47 40 27 22  - 18  -  - 23 51 48 35 55 13 32  - 46  - 21 17  6 41 43  -  - 30  - 19 37  -  - 15  -  - 12  - 31 54 36  5 26 52 11  8  3  7  -
 48 14  - 45 44 53  7 43 24 50  - 17  - 20 59 13 33  -  - 37 55  - 46 30 19  9 42 58  -  -  - 11 12 60  6 47 16 36 22  - 31 28 29 10 23 18  - 32  2 26 49  1 56  -  8 34  - 54 27 21
  -  -  -  - 48  - 40 41  - 37 44 14  -  - 18 35 25 49 22  -  8  -  - 24 17 12  9  2 16 33  - 52 30 45  - 57 38 11 15 47  5 56 20  - 53 36  7 42 27 46 55 54 19 21  4 13 39 50  3 34
  8 42 27 38  2  - 18 12 13  - 19  - 37 53 60  - 34  5 54  6 59 22  -  - 23 58  - 10 40 57  3 48 20 51 21 52 49 46  -  - 45  - 24 47  1 32  4 14 36 11  - 26 29 50 16 41  -  - 25 56
 55 38  - 29 30 48 32 44  - 56 17 31 10 35 21  - 37 45 23 15 52  7  - 50  -  5  3 26 27 14 39  - 47 49  -  - 51  9 24 60 59 25 57  - 36  2 54 16 19  4 12  - 42  - 33 43  1 58 13  6
  - 26 50 40 55  - 53  - 39 35 30  3 49 12 47 51 42  8 24 25 20  6 28 60 52 14 31 18 34 38 17  - 57 36  - 41 44  - 58 43 48  4 54  - 13  - 11  7 37 22 29 46 21  -  1 23  5  2  - 27
  - 11  - 47 35 58  -  - 40 12  -  - 36  -  2  - 50  - 17  -  9 39 32 16 26  8 18 21 43 22  - 46 15 24 30 54 20  3 34 27  - 45  - 51  -  - 55  4 29 53 37 25 59  -  - 44 52  - 56 41
 11 43 12 39 32 23 44  - 30  5 49 48  - 24 27  -  -  - 29  9 22 42  -  7  - 35 41 20 53 18 37 57 10  -  -  -  -  - 26  - 15 51  4 38 50 19 13 47  -  6 14 45  1  -  -  3 36 17  - 28
 26  1  8 25  3 55  - 52 53 45 21 12 51 15  -  5 30 57 49 18 41 19  7  6 34 33 14  -  - 28 56 54 31  - 13 59 60  - 32 39 36 24  - 48 29 11 44  - 22 10 42 35 16  - 40 38  4 43 46 37
  9 51  - 42 34  - 28 20 58  - 13  -  - 56 33  - 14 25 60  -  - 26  - 44 38 24 36  1 30 45  6  - 21  - 35  - 27 40 53 46  2 50 48  -  - 47 57  8 32  7 22  3  - 39  - 12 41 29 15 52
 32  7  - 56  - 39  - 58 19  2 12  5  - 44  9 41  - 17 28 53  3  1 33 18 14 43 22  - 49  - 24 40  - 25 38 26 10 54 55 45 29 59  - 46  -  - 23 11 15 30 51  -  8 42  - 21 60 34 37  -
 27  6 38 31  - 29  -  - 25 43 48 59  - 16 20  3 58  2 46 13 21 33 49 56  4 44 12 40  - 41  - 39  5 19 45  - 55 30 52 35 51 54  - 57 17 15 53 36 10  -  - 22 23 18 50  8 14  - 11 24
 15 59 60  -  - 31  - 49 32  8 45  -  - 33 46 14  - 43  1  - 36 29  - 57 42 28  - 25  2  - 58 56  -  - 48 10 53 17 19 22 11 21 26 13  7 39 12  9 41 50 38  - 20  6  - 30 35 44 40 16
  -  -  6  1  -  2 52 51 43 30  - 40  5 39 54 59  -  -  - 32  - 17  - 46 11  - 37 34  - 58 48 25  -  4 50 29  - 45 12 21  9 41 60  - 18 24  3 19 56 36 33 47 22 28 38  - 53  - 35 44
 43 24 58 53  4  - 12 34 35  3 11 28  - 27 16 44  6  - 20 48 38 18 23 25  1  - 15 29  9 51 19  2 54  -  - 55  -  - 14 57 56 39 47  -  - 21 40  5  - 60  - 13 50  8 42 36 46  -  - 10
  - 18 40  -  - 60  - 54  7 52 29 15 33  - 22  - 11 23 48  5 39 47  4 26 41  -  - 24 36 27 21 20 38 58 34 49 32 59 16  9 42 12  3 50  - 44  -  - 14  - 46 28 45 19  -  2 57 25 30  -
 18 58 29  - 26  - 17 50 55  6  - 47 56 42 35 32  4 46 16 10 19 36  3 39 28  -  - 54 14 13 11 24 52  9 25 20  - 44  - 59 21  -  5 30  - 45 34 49  1  - 43 38  - 57 53 31 51  8 41  7
