2880
 39  - 23  4 54 24 25 41 35  - 20 33  - 43 52  -  - 10 50 17  7 48 19  - 15 55 45  6 14  -  -  - 38 59  1 16 60 31 58  - 46  - 18 21 47  5 30  9 53  2 27 42  - 12  - 51 11 22 57  3
 40 33  -  - 52 18 39  6  - 56 59 15 31 23 11 44  -  2 22  8 43  7  - 58 54  3 12 26 42  - 27  -  9 14 50 32  - 19 35  1 51 41  - 53  - 24 36  4  - 20 30 55  5 48  - 28 60 47 29  -
 43  3 20  -  5 47  2 42 57 40  - 59 46 50 17  7 13 25 56 51 24 60 36 41 35 44 52 32 18  6 12 49  - 34  - 53 48 33 31 30 55 58 22 15  -  - 38  - 19  1 37  -  -  - 27 54 23 16  9 26
 15  -  6 42  - 11  1 46  7 29  3  - 19 41  - 57 21 31  9 52 55  5  8 36  - 51  -  - 35 48 45 16  -  2 10 22 43 27 20 28 32 49  - 39 17  -  - 34 59 33 40 24  - 58 14 60  4 54 18 44
  -  - 21  - 28 57  - 52  8 47 25 60 51 22  3 40 55 18 54  - 13  -  7 45  4  2 53 41  1  9 30 46 56 49 33  - 27  6 14 43  - 24 17 20 37 29 34  -  - 23 31 19 59 36 11 44 10  - 42 38
 48 30 11 27  - 14 22  - 36 41 49 43  7 56 42 19  2 33 28 23  -  -  -  5 44 54  8 29 52 16  - 32 21 60 13  - 53 26 18 31 59 57 35 24  3  4 45 20  -  - 58 17 40 10  1  - 50 37 34  6
  - 43 45  7 40 35 56  1  6 39 54 36 49 13 10  - 32  4 24 28 53 26 21  -  - 20 19 46 25 31 52 33 58 41 38 42  - 17  - 27  3  -  9 22 29  8  5 44 12  - 11 15 47  2 16  - 37 55  - 60
 34 37  7 60 32 22 58 14 56  -  - 52  - 24 19 46 57 13 42 18  -  -  5 17 55 50  - 28 43 40  6 20  -  - 41 15 30 54  - 29 47  - 38 10 36 59  4  2  - 25  - 27 49 23  9  1 48  - 16  8
 47 39 16 45 49 53  - 40 42 27  4  1 11 36 29  -  -  - 10 56 57  - 52 50 33 28  -  5 48  - 35 25 31 37  3  - 21 20 43  8 13  - 55 34 23  -  - 17 22  - 32 46 51 19 58 30 54  - 41  9
 29  5 52 15  -  - 43 20 17 37 26  6 24  - 21 49  -  - 34 39 33  3 42  -  7 14  - 57 47  8  - 11  - 48  - 38  - 18  - 44 50 46 28 56  2 22 12 27 55 35 23 16 54 53  - 31  - 41 25 19
 24 40  -  - 47  - 50 33  - 22 32  -  - 58  -  - 48 52  - 35 11 44 25 15 57 46 39  -  4 36 34 56 13 38  - 20  - 16  - 14  5 28 10  1  8  - 59 60 49  -  7  -  - 26 12 17  -  - 30 53
 26 16  8  - 58  - 57 54 38 17 30  - 45 27  - 12 44 37 11  - 50 13  - 56  2 35 59  - 41 32  - 10 22  -  - 52 19  7 36  - 31  - 40 51 53 25 24  -  4 47  - 60 20 15 21 14  5 29 28  -
 53 12  1 43 20 54 15  7  -  2 34 38 28 25 51 56 47 58 41 55  4  - 17  - 30 57 50 16 22 49 26 48 11 32  5 18 44 24 42  -  8 40  - 31 21 60  - 10  9  -  6 14 52  3 39 13 59 35 23 45
 57  -  - 47 41  4 24  - 55 23  -  5  - 45  7 31 18  - 20 27  6 37 58 48 43 42 28 11  9  - 38  1 25 33  -  - 36  - 34  2 19 44 29 12 26 51 60 52  -  - 21 59  - 16 35 50 13 39  - 56
 44 45  - 14 22 42 53 15 16 21  - 27  - 57  -  5 41  - 58  - 52  4 54 28 51  - 33  3  - 29 11  -  1 40  -  - 49  - 24 10 35  6  2 47  7 30 26  - 46  9  8 48 39 50 19 59 56 23 55 31
 36 18 56 25  1  2 14  -  - 54 60  -  4  - 50 29 49  - 51 37 21 52 15 35 11 47 46  9 33 20  3 24 10  - 44  5 55 30 13 42 38 23  - 59 43 32 41  7 17  - 28 45 26 39  6  - 34 48 58 12
  -  9 47 46 11  8 12  5 51 10 53 31 52 32 25 54 29 49  -  7 58 42 39 55  1 56 26  - 15 18 57 60 36 19 21  - 14 41  6  3  - 59 30  - 16 28 27  - 35  - 22 40 37 38  - 45 44 34  2 17
 21 27 57  6  - 17 10  8 52 36 29  - 30  -  -  2 23 51 26  - 31  9 18 34 28 11 56 19 39 24 54 43  -  4 20 55  3  -  -  - 44 25  - 49 38 37 42 14  - 41 45  1 32  -  - 33 15 58 35 40
 13 56 30 33 24 52 36  9 19 18 43 29 10 60 57 45 40 15  -  - 37 32 49 14 23 17  7  4 55 34 53  -  -  - 12 47 35  3  5 58  - 38 25 41 28  -  - 54 27  - 26  - 16  - 44 39 31 51 20  1
 16  8 27  3 33 31  4 55  -  - 18 10 20 48 41 52  9 40 36 45 32 11 34  - 50 25 43 39  -  - 17 30 37 22 56  2  - 60  - 59 29 21 44 42 58 49 23 13 47 54 53  - 14 24 51  5 19  -  6 46
 28 22 43  - 21 40 55 10  - 46 57  - 47 29 14 23 24  - 16  -  5 17  - 37  - 30  - 59  -  - 41 50  -  -  9 45 33  -  8 13 20 48 36 58 34 11  3 49 56  -  1  - 44 18  - 53 51  - 19  2
  5 35 48  - 12 51 31 29 49  -  - 25 58 42 55  - 14 34  - 47 59  - 41 10  -  9 57 24 36 15 16  - 43 18 54 39 22 44 19 26 33 17 13 40  1  2  7 46 45 38 20  3 53  -  - 52  8  - 32  -
  2  -  4  - 18  -  8 45 44 53 56  3 33 21 48  -  6  - 19 15  - 35 10 39  - 41 58 13 54 59 50 12 20 55 29 43 24 37  1  - 40  - 14 60 27 42  - 25  - 22 51  - 57 32 38 11 52 36 26 49
 11 55  -  9  -  - 52 24  2 12 19 42  - 38 54 39 33 46  7 10  1 29 35 27 31 37 49 43 23 28  - 17 45  - 18 34 26 58 51 53  -  8 59  - 40  - 14  -  - 56 44  -  - 13 15  - 21 57 22 48
 49  -  - 48 44 27  - 19 41 34 22  - 25 55 12 16  4  1 40 58 54 28 20 24 32 59  - 38  - 33 10  6 53 30 43 36 31  2 46 50 14  9  - 37 42  3  -  8 23  -  - 26 56 51  -  - 18 60 13 11
 52  -  3 44 10 60 28 16 15 20 41  -  - 47 45 58 27 26  1 53 22 55 37 57 14 31  - 18 40  7 23 36  - 29 32  9  5 35 54  - 12 30 56 43 48 33 39  -  8  4 50 21  2  - 49 24 42 17  - 13
 38 19 44 39 16  -  - 58  5 48  - 14 13 46 60  6  1 23 18 42 28 56  - 12 45  - 15  - 37  4 49 22 33 26 55 57 34  - 59 24 21 54  - 36 32 35 50 47 31 11 10 25  7  8 52  - 30  2 43 51
  1 23 34 56 26 58 37 32 29  -  -  - 57 44 33 18  -  5 55 54 40  - 27 51  9 52 30  7 24 38  - 45 16 53 59 60 39 50 12 11 49 19  3  - 14  -  6 42 13 28 25 10 17  -  - 47  -  8  4 35
 18 38  - 20  6 26  - 56 43 31 14 12  - 52  -  8 10 22  -  3 42 47 44  - 13  4 21  - 16 25 19 58 46 24 30 49 45 59  9 54 23  - 50  - 55 40 17 39 28 37 41 35 36  - 57  - 53 33  - 29
 46 50  - 24  -  7  9  - 45 35  - 17 21 14 39 30 11 56  - 57 23  - 26 18  - 48  3  8 38 22 58  - 41 43  - 28  2  - 10 32  6 16 34 52  - 44 20  - 54 15  - 33 31 42 13 37 55 59 27  -
  9 17 50 18 19 34 32 49 39 58  - 46 14 51 28  -  5 36 47 22 15 10  - 38  3 53 35 27  - 44 29 13  -  - 23 56  6  1  4  - 25  - 45 54 11 31  - 59 33 16 57 30  - 21 26  -  -  - 48  -
 50 41 55 26  - 28 42 18  -  5 44  -  9 59  - 20 45  - 35 19  - 36 57 21 39 23 13 37  6 54 43 40  - 46 27  3 25 48  - 56  - 22  -  7 60 52 53 51 11  -  -  - 10  - 34 58 12 49 24 14
 23 49  - 36  3  -  - 39  - 57 27 24  - 30 37 38 56 35 33 34 12  - 16 53  5 22  - 51 32  - 59 31 19 47  - 46  1  - 44 60 42 20  - 50  6 26 48  -  -  - 15  4 45  - 29  7  -  -  - 25
  - 13 19 50 27  5  - 59 11  - 36  -  -  7 53  4  -  - 38  - 18  - 30  - 25 33 20 54  -  -  8 21  - 44 24 12 37 40 39  6  9 47 41  - 45 16  -  -  - 52 29  2 60  - 43 49 17 42  3  -
 60 54  5 53 23 20 40 11 14 55  9 16 17 19 44 10  3  - 37 46 29 49 33  1 42 34 32 48 12 13 51 15  6 56  7  -  - 52 45 36 28  -  4 25 41  - 47 57 21  8 43 39 35 27  2 18  -  - 31 58
 30 34 25 31 39  - 35 57 21 43 45 20 12  6 56 24 50 17  -  2 19 41 59  - 36 58  - 53 13 42 40 54 52  8 14 29  7  - 48 33  - 51 49  4 44  - 28 23 15  - 47 32 11  1 60 26 46  - 38 55
 25 60  - 49  - 56 18 12  -  - 37 32  -  -  8 59 38  -  6 30 51 27 40 11  - 39  - 44 53  5  4  - 54 21 26 24 10 36  - 57 48 55 43  - 33 13 16 50 52 19  - 20  - 45  7 41  1  9  - 15
 59 21  - 29 37 30  - 38 48  6  1  4 34  -  -  - 43 27 39  9 14  - 53 23  8 12  - 52  - 17 60 47  3  5  -  -  - 11 33 51 36 56 42 55 57 41 25 22 58 40 54 50 15 49 24 46 26 44  - 10
  -  7  -  - 35 49 48 37 25 33 40  -  1  2  - 50 26  - 59 29 46 57 24 44 56  8 10 15 27 19 47  4 14  9 52  -  - 42  - 18 30  - 53 13 51 38 31 36 39 58  5  -  3 34 17 12 41 11 54 20
 35 46 14 10 50 32 16 22  9  - 24  - 27 33  - 60 54 47 13 59 56  - 43 19  -  6 18 34  - 53  5 52  2 11 31  4  8 45 28 21  - 12 57 38 49  7 15 26  3 44 42 36 29 37 30 48  -  - 40 41
 12 36 38  - 17 33  6  - 18 42  5 26 50  1 34 13 30  -  - 21  -  - 14 40 49 19 25 60  2  3 56 35  - 15  8 44 28 51 29  - 58  - 16 23  - 47  - 11 43 48  - 41 46 31  - 22 20 10  7  -
 32  1 12 58 48 39 33  - 26 19 55  7 18 16  6 22  - 44 52 41 20 53  4 47 38 40 31  -  5 43 37 57 59 51  2 17 11  -  -  - 10 34  - 27 46 45 21 24  - 14  9  8 50 29 25  - 35  -  - 23
 58  - 54 57 30 12 17 47 22 50 52 56 29 10 35 11 15  9 44 26 27  - 31  4 60 13 23  2 45  - 21 39 51 20 36  8 16 55  - 41 37  3 24 28 19 46 18  - 25 49 48 53  6  7 32 43 38 40  -  5
 20 52  - 16 13 21  - 44 23 30 42 55  -  3  2  - 53 43 46  6  - 15  9  - 26 32 51 58  -  -  - 41 47 36  - 35  - 34 60 19  4 29  - 17 24 10 33 56  5 45  -  -  8 28  - 25 14 12 11 39
 42 57 24 23 45  6  - 28 32  7 17 22  -  5 36  3 39 11 31 48  9 40 60 30 21 26  - 47 29 55  2 34 15 58 25  1 12 49  -  -  -  4  - 19 10 20  - 16 37  - 38  -  - 54  8 56 43 46 52 50
  -  - 59  -  7  - 21 27 31  4 46 41 56 54 58 14 51 30  3 13 17 43  - 32  - 36 60 45 20  - 55 19  - 23  - 37  9 15 52 16 18 11  5 57 35 53 22  1 40  6 12 34 24  - 47  2 29 50 10 28
  - 20 10 21 43 25 29  2 59  - 23  - 60 49 13 17  - 19 15 14  - 39 46 31  - 38  1 30  7 11  - 44  5  6 34 54 40  - 53  -  - 32  8 45 12 58  - 18 24  - 56 51 22 57 36  4 28 27 50 42
 41 11 33 40 38  -  -  - 20 51  - 30 48 15  1 26 19 45 27 60  - 46  6  - 17 49  -  -  - 21 28 14  - 42  - 50 58 43 16 37  7  - 23  9 39 12  8  - 29  -  - 31  -  - 53  3 57 25 59 34
  - 26 51 30 25 59 54  4 37 45  -  -  - 53  9 42 22 21  - 24 49 50  3 60 48 15 44 36 28 39  - 27 32  - 11  - 47  - 57 55 41  1 33 18  - 19 10 29 14 31  - 12 34 35 40  -  6  5 17  7
 51 31  -  - 15  - 27  3  -  8 13 11 55  - 26 33 60 12 23 38 34 30 50  9 59 10  - 49 19  - 44 28 29  -  -  - 46 56  - 22  1  5  - 16 25  - 57  -  2 21 18 52 58 40  - 32 47 14 39 37
 14 44 35 37 42  -  - 31 27 13  2 34 15 11 22 41 28 57 17  - 26 58  - 43  6 29 16 21 59 45 48  8  -  1 60 19 56  4  - 25 39 10  7  5 52  -  9 32 51 36 55 47 38  - 18 20  3 53 12 33
  7 10  - 55  -  1 47 26 30 44 48 57 37 40 23 21 17  -  5 11 45 16 12 52 41  - 34 14 58 60 39 38 24 28 35 31 32 25  -  4 43 42 54  3 15 27  -  - 18 29 49 22 33 56 50  8  9 19 51 36
 19 28  - 59  - 29 11 30 54  - 31  8 26 34 40 47 46 55  - 36 25  2  - 49 12 45 41 33  - 52 13 23 42  7 16  6 38 39 27 48 22 35 37 14 20 57 58 21 50 51 17  5  4 60 56 15 32  3 53 24
  -  - 17 34 36  - 23 48 10 26  8 40 35 37  - 51 20 32 21  - 41 59 38  - 27 16 11 22  - 58 42  9 18 54 46  7 13 28 15 45 52 53 39 33 50 56 44 30 57  3 19  - 12 25 55  6  - 24 60  4
  -  - 22 32  8 55 30 60  -  - 50 47 38 35 20 53 12 39  2  -  - 51 29  -  - 43  9 25 57 41 18  - 44 17 15 59 52 46  -  - 56  - 19  -  4  6 40 58  7 10 13 37 27  5 23  - 36  - 14  -
  3 29 41  1  2 15 20  - 58  - 12 37 42  4 59 43 34 53 32 16 35  8 55 25 10 24 17 56 31  -  9  7 48 13 49 27 51 22  - 23  - 36  - 44  - 14  -  6 60 30  - 18 21 11  5 38 40  - 45 52
 17  - 32  - 56  -  - 36  - 24 47 51 23 18  - 27  - 54 25 33 60 14 28 42 20  7  6 40  -  - 22 29  8 35 19 58 57 10 41 49  - 39 46 48 31 21  - 55  - 12  - 38  1 30 45  9  2  4 37  -
 55  6 49 13 57 19  3 25  -  9 16 28 22 39  4 48 31  - 14 50  -  - 51  7  - 27  -  - 21  - 36 26  - 45  - 40 54 38  2 12  - 37 60 35 30  1 11 15 32 53 59  -  - 20  - 29 58 56 44 18
 56 51  - 19  9 37  - 21 28 38 39 49 54 12 31 35 36 24 30 44  - 18 45  8 22 60  5 10 46  2 14 42 17 50 57 48  - 23  3 52 26  -  6 32 59 15  - 33  - 43 16 13 55 41  4  - 27 20  1 47
 37 58  - 51 60  -  - 23  - 52 35  9 59 31  - 55  - 29 48 40  - 22  1  -  - 18 47 17  3 30  -  5 34 10 53 25 42 12  - 39 11  - 15  - 13 54  - 19 20  - 33 49  - 43  - 27 45 26  8 32
