2880
  5 43 55  -  3  - 40 13 38 27 18 33  -  -  - 48 28  - 23  7 10 24  -  1  - 12 42 41 35 34  6  -  -  4 29  - 30 58  -  -  2 36 26 11 45 60 49  - 37 53 31  -  -  8  -  -  9 17 52 57
 60 39 18 45  - 57  -  - 56  - 28 25 24 32 33 34  -  2  -  1 50 41  6 23 10  4  - 53 44 52  - 58 12 37 31 51 29 49  - 27 42 43  - 19  9 26  - 47 13 48  - 20 59 54  -  7  8  - 40  -
 51  8 24 15 22  - 26 38 31 50 49  -  -  - 56  -  - 40 46  - 12  -  7  - 59 37 32  - 41  1 43 11 60 10  -  - 39 42 44 23 53 13 55  2 48  6 17 36 14 28 52  - 18 21  -  - 16 34 45  9
  - 45  2 24 53  8 13 57 52  5 60 34 15 44  -  6  - 42 19 55 35 11 10 25 39  1  -  -  -  9 47 41 48  - 49  - 31 59  - 21  - 38 54  3 43 27 32  7 12 22  - 51  - 28 50 56 37  - 20 14
 15 31 38 29  - 44 28 16 30  1 20 42 58 50 26  5 41 25  - 40  3 12  -  -  9  - 13 59 47  4  - 14  8  -  - 17 52 32 19  - 39 46 10 54 33 11  7 51 24 23 53 35  - 48 57 55  -  - 49 56
  9  - 59 57 32  - 14 58 25 37 43 10  - 23 52 54 26 17 34 42  - 20 60 53 27 41  8  4 40 51 39 18  - 55 22 38  2  6  - 46 31 12  - 13 11  - 56 16  -  -  5 49  1  -  - 36  7  3 48 33
  -  3 12 39 46 40  - 23 57 42 48 41 33  - 34 32 15 19 36 29  2 52 54  4  - 50  - 38  9 21 45 37 49 47 20 59  - 56  - 28 44  -  - 25  - 31 27 30 51  -  - 43 17 60 22 35 26 55 11 18
  - 38  9 23 11 36 54  - 50 17  -  - 35 22 18 30  - 59 45 41  - 57 16 12 34  8 58  - 19  5 44  - 24 40 37 53 10  - 32 14  3 51  7 31 56  - 43 13 15 25 33  1 46 52 47  - 29  4  - 60
  - 24  -  9 57  - 42 60 11 25 29 51 45 18 47 52 46  - 56 30 20 37 41 43  5 34 38 48  - 17 33  -  -  -  - 12 55  4 13  - 35 53 21 39 54  2  - 14  -  -  - 27 28 15  8 26  3  - 32 49
 13  - 20 51 19  9 50 37 39 45  1 14  - 53  2  - 60 52 33  - 48 18 29 56 16 25  - 27 26  - 46  - 31  -  -  - 15  5 34  - 22  - 24 21 30 59 54 35  -  7  -  - 55 11  -  - 32 42 10 28
 35 54 40 37 52  - 22 45 26 55 32 23 17 56 49 44 51  -  3 43 18 13  -  2 31 29 39  - 21 36 25  - 15 58 33 30 47  - 42  - 46 27  6  -  - 38 60  5 16 41 28 24  4 12 11  - 59 48 14 10
 59  - 36  - 51 32 38  6 29  -  - 28 46 14 17 58 50 49  - 57 43  3 37 21  8 33  9 10 15 41  - 55 34 30 44 11 45  -  - 52  - 23 56 60 40 25 19 54 35  -  - 26  - 39 20 31  - 12 22 27
 41 16  7  -  - 60 49  1  8 56 55 18 47 34 27 15 23 30  4 25 36 58 52  3  -  2  6  - 13 22 12 59 28  - 40 19 11 35  9 48 37 39 14 26 51 45 57  - 53 17  - 21 10 43 29 20 42 32 24 54
  -  - 44  -  4 39 47  5 60 53 25 55  - 17 15 56  2 45  - 52  -  -  - 36 37 32 35 33 16  - 41  - 59 18  - 48 22 23 43 38  -  1 28 50  3 54 10 29 58 34 57 42  9 20 24 27 19 13 30 46
 20  -  -  -  -  - 44 53 43 18 54  7 59 30 37 16  - 27 12 45  - 14 42 60  3 24  - 58  - 28  5 13 50 39  6 21 33 10  -  9  -  -  -  4  - 17 38 26 29 51 41 15 35 57 31 23  - 22 55  8
 26 35 13 55 38 11 45 50  4 24  6 12  7  - 20 53 30 54 39 56 37  2  - 40 52 14 48  -  - 15 42 17 23  3 47 43  8 34 29 41 58  - 32 18  - 19 51 57  9 49  - 28 25 31 10 44  -  -  5 22
 32 57 26  -  - 58 31  - 55  - 59 30 53 47  8 41 18 24 54 50 13  - 39 27  2 36 12 52 43 45 29 19 11 16 28 10 17 33  6 44  - 42 25 14 35  7  5  1  - 46  - 40 37 34 48  - 20  - 51  -
 40 59 51 25 15 24  - 43  6 52 17 44 42  9  5  - 32 58 29 20 39 34 12 57 41 35 45  - 27  - 48 53 18  1  -  -  -  3 37 55 10 19 46 22 16 33 13 60 31  - 11  - 23 30  - 54 49 38 26  4
 33 19  - 21 37  5 18 41  - 38 46 36  - 24 54  - 40  - 49 51 26 39  -  9 11 55 60  - 42 30 14 31 10 32  4 25  - 15 50 58 57  - 13 29 59 20 12  -  6 43 27 52  7  - 16 28 34  -  1 53
 25 56 58 34  7 49 19  8 46 32 10 21  - 33 28  -  5  - 59  -  1 31 45 38  -  -  - 18 52 14 15 40 17 44  - 35  9 20 23 22 47 48 41 55 26 37  4 43 57 50  - 54 51 53  - 12  -  2  3 11
 47 21 17  8 20 12  - 51  - 30  4  6 31 55  -  - 56 60 11  - 33  -  - 39 19 28  3 46 57 26 34  2 52 14  -  - 42  - 15 45 38 22  - 49 58 36 48 44 23  -  -  5 40 35 59 32 50 27 29  7
 53 58 29 22 13  -  - 33 41  8 50 26 10  6 21  - 55  - 38 28  - 59 23  5  7 54 27  -  2 39  - 25 43 24  - 15  - 44 36 34 16 18 49 47  - 40  - 56 17 30 20 11 45 51  -  9 31  - 37  -
 39 29 10 59 34 22 17 28 48  - 15 52 51 12 35 57 42 43 40 54 23  - 31 20 32  - 16 50  3 19 37  - 36  5 26  9 14 30 27  1  7 56 38 53 44 47 24 45  4 55  6 60 11  2 25  - 21 49  - 13
  - 55 56 16  8  -  - 32 27  2 38  9 37 54 58 25  3 44  -  4  - 43 26  - 40  - 46  6 50 13 23 36 39 35 24 31  - 53 21  -  - 41  5 28 57 48  - 49 59  -  - 17 19 10  7 15 47 30 60  1
  2 14 27 38 21  - 23  - 42 31 52 32  6  - 43 37 48 35 24 15  4  - 50 55 33 58 34 54 17 20  9  5  7 51 56 57 16 60 26  - 18 49 29 44 41  -  1 22 47 59 19 36 30  3 40  - 11  8 46 45
 43 37 15 10 31 26  - 40 13 36 24 58  5  -  -  -  1 33  8  -  - 49 56 29 22 16 53 57 46 12 59 60  4 19  -  6 27 51  -  - 25 50 52 48 20  9 47  2  - 14 21  - 44 18 23 42 30 11 35  -
 22  9 34 31  - 35  1 25 47  -  8 15 13 38 19 40 20  - 52 46 17  4 28 58 60  - 29  - 10 11 18 12 27 23 53 56 32 21 51 37 59 44  -  -  6 50 26 55 30  - 54  2 33 49 43  -  5  - 57 24
 38 32 28  5 42 31 59  -  - 46 39  4  - 15 25 26 21 41 51  -  - 27  - 16 17 60 47 34 20  -  -  9 44 45 48 52 54 22 56  -  1  6 12 33 14  8 29 24 10 35  3 23  - 55  - 19 36 40 50 30
  - 13 45 46  9 29  - 48 37 39  5 17  - 42 40  -  -  - 25 21 56 10  8  - 24 47  - 14  - 53 31 22  - 50  - 36 35 28  7  - 41 59 30 52  4  3 44 11 20 57 23 33 60  6 49  1 27 54  - 38
 18 30 31  - 23  - 48 49 51  -  - 38 43 26  3 45 17  9  -  - 34 56 46  6 35 53  5 19  8  - 22 44  2 11 15 20 21  7 33 16 28  - 59 27  -  - 14 41  -  -  - 13 39 47 52 37 54 25  - 29
  - 47 50 13 44 30 58 10 17 35 23 20  9 45  - 36 24  8  6 22 49 16 38  - 43 42 21 11  7 40 53 39  - 54 55 41 57 31 60 51 29  3  2  -  1  - 34 19 27 56  -  - 48 33 12  4 15 59 18 25
 57 52  4 44 55  - 46  - 54 29  - 19 36 25 53  7 39  5 27 16 21 48 22  - 12 30 28 40 38  8 35 32 33 13 11 58 24 50 17 10  9 26  - 23 60 49 59 37 18  2 45  - 31 41  -  6 14 56 47 34
 27 12 32 60 26  - 33  - 21 28 16  3  -  -  9 59  6 18  1  - 14 46 25 35 51 19  - 29 37 49  7 43  - 17 50  - 36  8  - 24 15  - 34 45 55 22 52 23  - 39 42 48  - 38  - 58  - 10 31 47
 48  6  - 18 35  7 25  - 14 19  2 40 23 27 44 55 36 53 10 13 59  -  -  - 42 17 49 21 39 24 38 16 58  -  3  -  - 47 11 15  - 60  1 30 50  - 20 12 56 31 26 46 34 45 54  8 51 37 41 52
 34 53 57 30 17  1  -  -  2  - 42 47 16 59 32 39  4 15  - 35  9 21 18 46  - 26 51 20 49 54 10  - 14 31 41  7 12  - 55  - 40 58 11  -  -  - 22 48  - 13 44 38  5 25 33  3 56 24 19 23
  - 11 54 17 39 18 15  3 33  - 13 59 38 41 23 24 58  - 20  - 52 35 40  - 28  7 19 55 48  2 32  -  - 56 46  4 37  -  - 30  8  5 16  - 22 51 45  9 49 60  1 44 47 26  6 34 25 14 27 21
  3 22 42 43 48 52  7 44 19 10  - 37 30  -  - 20 35  - 50  - 11 53 14 59 21  -  - 23  6 33 24  - 16  -  5 47  4 25 28 39 51 34 17  -  -  - 36  -  -  8 18 56 15 40 41 57 13  9 12  -
 17 60 33  4 25  - 34  -  - 49  - 53 18  2 16 22 47 51  - 11  -  - 24 44 46 15 56 37 30  3  - 50 29 36  9 13 58 45 59  5 48  -  - 35 23  -  6 40 32 20 39  - 52 14 28 43  - 57 21 26
 56 27 39 14  - 28  9 21 18 20  - 24 55 19  6  - 37 10 13 33 38 44  - 26 25 45 17  - 54 29  - 42 35 41  7  1  - 52  - 49 60 47 22 43  - 46 23  -  - 16 32  4  -  5  3 11 12 31 59  -
 24 48  5  - 40 19 56 14  3 41  - 46 12 13  1 28  - 21 55 26 47 51  - 49  - 59 20 44 53 27 11 35 22  -  -  - 34  -  8  7 54 25 57 42 10  4 39 58 43 29 38 50 36 37 60 33 18 23  6 32
  - 34 48 26 41 25  - 12  -  4 53 35 56 28 13 46 54  3 30 17 32  9 27 33  - 57 15 49 23 59  -  6 38 29 58  - 40 19  -  -  5  - 51  1 31 21 11 50 52 44 37 18 14 22 39  2 55 36 42 16
 36 44 43 58 16  -  5 59 22 60 45  1 34 35 41 33 12 32  -  - 53  -  9 18 55  6 31  2 14  7 13 49 21 42 54  3  -  - 24  - 56 40 15 10  - 30 50 52  8 47 17 39 27 23 37 46  - 28 38 20
 29  2 25 27 47 16 43  - 40  9 14 11  4 10  7  - 59 48 28 31  6 30 53 54 13 39 37 22 51 23 21  - 20  - 34 60 46  - 57 56 33 32 18  8 12 55 15 17 44  -  - 41 26 42 36 24  1 35 58  -
 54 50 35  6 29 53 10 42 59 14 27  5 19  - 31  - 33 56 47 49 60  - 30  8 36  3 52  - 45 32 51  4 40  7 13  2  -  - 46 20  - 37 48 34 39 43 41  - 25 26 24 58 57  - 44 21 23 16 28 17
 46 42 21 56 18 45  -  - 12  6 26 60  - 43 57 23  -  7 14 38  - 55  - 47 29 44  -  3 11  - 58 30 53 33  1  - 49 41 48  - 32  2  - 37 13 35 28  8 22  9  - 10 20  4 27  -  - 39 15 50
 44 25  - 28 60 17 30 36  -  - 56  -  8 20  -  - 57 46  - 12  7 32 49 14 15 23 24  5 33  -  2  1  3 21 35 26 38 40 18  - 45 54 31  - 19  - 42  - 11  - 58 53 43 27 51 41 48 50 16 37
  -  - 14  - 10 48 53 18  -  3 41  - 40 31 46 19 29 39  -  -  -  -  -  - 44 56  4 15 24 37 27 26 55 38  -  - 23  2 25  -  -  8  -  7  -  -  - 20  - 45 51  6 13 32  9 49 33  1  - 35
 30 40 11 47 28 20 60 19 24 22 12  8  - 49 55  - 38 36 48 44  -  - 35 52 23 18  2 31 58 25 54 45  9 57 10  5 43 16 14 33 34  - 27 46 15 13 37  - 42  - 29 59 53 50  1  - 41  7 39  -
  -  - 16 32 59  2  8  - 58 21 44 31 29 60  - 38 27  - 22  - 40 33  4  7 20 11 23 30  1  - 49  3 46 12  -  - 51  -  5 19 50  - 37 36  -  -  - 53 41 10 34  9  - 13 26 25 57 15 54 48
  7 15 22 36  1 41 39 46 44  -  - 16 48 58 10  - 13 37 60 23 27  -  - 32 30  9 33  -  - 55 50 34 54 53 14 49  6 57 31  - 26 21 35  -  8 42 18 28  -  - 43 45  3 59 38 51 40 20  4  -
  - 17  - 49 33 47 11 55  5 40 34 57 41  8 36  - 52 20 44 24 16 15 19 31 18 21 30  7 28 50  3  -  -  2 60 14 13 43  - 32  -  -  - 12  -  - 53 25 38 54 22  -  - 29 58 48  4 45 23 42
  6 26 23  2  - 27 52  4  - 15 37 29  3 57 11  1 34 38  5 36 51  - 44 22 45 49 55 43 25 47 40 28  - 20 21 16 59  - 30 54 24 35  -  - 53 18 58 42 46 32 12  8 56  9 13 10 17 33  7 19
 11  5 46  7 12  - 41  - 36 26 33 56  -  4 45 13 49 14 32 48 42 19 57 30 54 40 43  - 60 35  1 52 37  8  - 50 18 29  -  -  6 17  - 59 24 39 31 34  3 21 10  - 22  - 55 47 38 51  9 15
  8  1  3 53  - 34 55  - 32 51  - 39 54  5 24 12 10  - 18  2 31 47  - 37  4  - 50 28 22 60 17  - 45  6 38 27  -  -  - 13 43 30 42 57 25 16 40 15 26 36  9  7 21  - 56 29 58 46 44 41
 55 28 30 20  - 10  -  - 45  -  3 48  - 52 50  8  -  -  - 34 29 38 59 19  6 31 41  -  4  - 36 15 26 49 39 46 60  - 58 40 14  -  -  - 17  1 16 33 54 42  2 47  - 56 18 22 24 53 13 12
 58 20  1 52  - 50 21 35 53 13  9 54 14 37  -  3 19  - 57 18  8 26  2  - 49 27  - 51 36 48 55 29 30 22 16 24 28 11  - 47 12 10 40 32  7 23 46  6 45  5 56 34 42  -  -  - 44 43 33 59
 21 33 41  1  5 42 24 15  -  - 47 13 26 39 22 27  -  - 35  8 28 50 58  -  - 20  -  9  -  - 19 54 51 25 45  -  -  -  - 29 23 11 60 38 37 32 55  - 48  6 16 57  2 36 17 14 10 18 53  3
 49 41  -  -  - 13  2 47  9 59 21 50  -  - 51 31  -  - 42 10 22 40 32  - 38 52  -  1 55 16 56 33 57 27 17 54  3 48  4 53  - 14  -  6 28  5  8 18 60 58 46  - 24  7  - 39  - 29 43 44
 45 10  - 33  -  - 35  - 16 23 40  - 32  - 12 42 22  - 43 47 41 54 36  - 26  -  1  - 29  - 28 21  - 48  - 34 44 39 52  -  - 55  8  5 49 56  -  3 50  -  7  -  - 58  4 38 53 60  -  -
  -  - 19 11 50  3  - 17 23 16 57  2 21 29  4 14 43  1 15 60 46  5 48 41 53 10 18 35  -  -  - 38 56 26 32 28 20 27 45  8 52  - 47 58 36  -  -  -  7 24 13 30  6  - 42 40 39  - 34 55
