2880
 25  7 22 12 49 58  - 59 60 35  - 56  - 52 38 43 47 18 10  - 54 41 55  -  8  - 21  - 28 14  - 27 32 16 40 46 19 57 50 31  4 33  1 13  - 44  - 48 23 36  -  - 11 20  - 26 45  - 30 24
 43  - 10 26 59 47  8 20 18 24 17 25 16 19  6  1 41 42 52 31 36  -  5 12  -  - 35 39 21 15 60 33  -  - 23  - 57  3 45 55 11 30  2  -  - 50 37 54  9 56 34 51 29 40 49 38 44 32 14 46
 13 54  -  9  7 23  - 37 31 12 60 16 50  2 42 51 17  4 21 58  3 32 57 40 15  -  - 46 27 33  - 18 14 44 26 49 59 47  1  6 41  - 11  - 53 34  - 52  - 43  -  - 20  -  - 10 28 22  -  -
 33 53 30  -  4  5  - 58  - 10 21 49  - 11 52 38  6 56 28 57  -  3 50  -  7 27 48  - 54 12  - 47 25 18 41 40 15  - 55 37 13  - 43 14 19 31 59  - 42 26 60  - 24 39  -  1  -  9 22 16
  - 29 11 48 39  - 33  5  1 15  - 23  - 60  - 54 42  -  - 18 46 13 59 21 34 45  - 27  9 44 51 22 43  2  -  -  -  7 36 58  8 16  -  -  - 30 52 20  - 24 10 40 12 35  - 55  4 38 26 19
  1  -  - 28  3 38  2 15  - 45  -  - 14 50 11 18 54 53  - 47 40 19 39 52 35 23  -  7  - 20 57 12 44  - 60  - 29 17  - 56  -  - 59  - 46 43 26 32 13 42 30 10  4 55 37 58 48  -  9 36
 37 10 56  -  - 25  7 33 47  6 43  -  2  -  4 12 20 50 46 26 45  -  - 44  - 38  8 59 51  - 55  - 48 31  3 60  - 40  - 27 34 32 16 36 35  - 13 15  -  -  -  5  -  1 57 53  - 18 41 42
 56 57 49  - 58 37 41  - 25 36 12 33 47 59 15  7 13 21 31 54 24 27 46 19  - 42 51 30 50  - 35 34  - 28  - 43  8 11  3 26 40 17 23  9 55 32  -  1 39  -  -  - 52 45  - 44  - 60 29 48
  6 47 52  - 37  2 39  - 54  - 56 34 36 23 26  3 30 49  4 51  - 22  -  -  - 60 53 12 45  1 21 31 58 50 44 17  9 24 28 10 15 19 33 42 20 18 48 13 29  7 43  -  -  5 11 25 38  - 16  8
 29 36 54  4 14 46  - 32  - 43 51 45 13  - 47  -  - 11 56  - 31  5 48 58  6 19 50 42  - 55  -  -  -  - 39 38 44  - 53 15 33  - 37 16 10  - 41  - 28 17 24 35 22 49  3  8  - 34 57 20
 38 15 21 25  2 32 48 13  8  - 42 46  7  - 39  6 28 10 30 49 22 20 41  - 53 31  4 60 29 52 26 56 57  9 17 51 16 36  -  - 43  5 44  1  -  - 11 34 27 45 37 59 58 12 14 54  -  3 55 47
 21 23  7  6 24 34 54  - 16 46  - 55 17  1 49 58 37  2 59 40 35 10 12 18 14 48  3 36 33 27 19 11 41 39 45 13  5 50 57  - 51  9  8 47 29 28 44  4 20 53 32 56  - 52 43  - 22 26 38 15
 50  4 13 29 15  7 21 34 48  - 23  3 24  -  - 40 58  -  - 12  - 46 43 26 38  -  - 22  8 17  9 54 30  6 36  5 53 55 11 57 18 39 35 49 59 20 27 60 51 14 31 28 56 32  1 19  - 33  - 45
 59 38  - 19 55 16  - 60 26  -  - 40 28 53  - 49 33 36  -  - 56  -  1 22 43 51 18  - 17  3 52 13 35 45  6 44 25  - 27 29 10 37 30 15 39 46 32  - 50 23 11 31 14  8 24  7  5 48 21 34
 34 21 18 17 43 40 27 22 58  -  1 57  - 56 32 39  - 55 41  5 10 24  - 13 52 35 20  3 19  - 28 45 11 53  -  - 42 26  6 36 29  4 12 38  - 33  - 31 54  -  9 46 37  7 47 30 14  8 23  -
 11 51 58 32  -  - 16  - 20 57 19 54 39  - 28 17 45  - 55  -  - 34 36 23 42 22 37 18 13 53 56 59 10 40 46  6 47 41 29 30  -  1 25 44  8 49  2 14 12 27 35 38  7  3 48  4  - 43 50 21
  4 52 59 35 44 18  6  - 40 55 54  7  5 24 37 14 34  - 26  - 47 17 13 30 48  - 15 53 46 11 36 29  2  -  1  -  3 60 12 51 39 43 58 31 25 10 28 57 22  8 50 49 19 27 16  - 23 45  -  9
 58 25  - 31 45 27  1  8  7 34 37  - 56 49 57  - 23 19 50 41 52 28 20  - 30  - 32  - 55 35  - 39 38  5 33  3 24  - 13  - 22  - 17 59  2 51 46  6  -  - 40  - 47  - 53 18  -  -  -  -
 46 26 29  - 34  - 31 18 53  5  - 44 15 27 21 36 50 32  9 35 51  2 11 43 25  4 30  - 48 13 41 58 33  -  - 59  7 39 22 28 17 38 14 10 37  - 57 24 19 20 55  8 49 42  - 56 40 52 47  6
  3  - 42 44 22  4 24 51  - 38  -  -  - 57 53  5 32  -  -  -  - 37 54 34 56 11  - 20 16 19  - 15  - 48 49 39 33  1 23 12  6  2  9  8  - 45  - 29 17 30 26 41  - 58 55 40 27 47 35  7
  - 17 43  1 26 53 22 14 41 54  5 36 46 48  8 44 40  - 27  - 60 33 32  9 47 52 55  -  - 24 23 16  - 12  - 58 18  - 19  - 25 21 29  - 51 37  3 38 31  -  -  6  - 34  7  - 42 30  - 56
 14 40 33 54 18  - 35 48 37 27 57 39  3 20 55 29  8  9 45 15 38 26  6 31 10 43 13 52 36 46  5  - 19 51 30 16  - 25  - 22 60  7 34  4 11  1 23 49  - 28 58 44 53 59 50 47 17 21 56  -
  - 30 32  -  - 29  - 41  -  - 13 21 25  - 10  - 18 27 38  - 23 35 14 17  - 55 36 50 57 39 40 28  - 11  - 48 56 46 54 60 52 47  3  6  -  - 19 16 43 49 53 20  - 22  2 15 34  1 42 33
 23  2 36 34 19 42 53 46 39 20  - 24  - 35 58 57 44 31 47  9  5 25  -  6 13 14 40 43  - 10 37 17  1  - 32  8  - 33  7  - 50 48 54 41 38 55  - 51  - 52 16 22  3 26 30 12  - 28 15  -
  - 46 39 27 29 36 37 44  - 59  6 19 48 42 30 24 43 33 49 50  7  - 17 55 60  - 16 51 56 28 14  9 12 21 22  -  2 23 31 53 38  - 18 52 45 13  -  3 47 10  8 26 40 25 20  5  -  4  1  -
  2 24 51 22 52  1  4  - 27 17 59 50 21 34 44  - 29  - 37 13  8 15 19  -  -  -  - 57  - 31 39 55 46 20 42 47 49 16  -  - 32 58  5 54 48 60  - 26 36 38 45  - 41  9 10  - 30 25  6 23
 22 49  -  - 57 20 47 10 52 16 45 35 23 46 27 53 21 48  7  6 50 29 24 56  4 15 25 32 31 30  - 41 26  3 28 42 43 58  8  1  5 12 60 19  -  -  - 39 37  9  - 54  -  2 36 34 59  -  - 18
  -  - 14 51 50  - 43 19  -  4  -  1  - 22  - 11 56  - 33 52 26  8 10  - 20 28 45  2 39  - 16 46 21 42 12 23 58  5 41 35 53 24 27 32 18  -  9 17  3 31  - 29 54 37 25 57 36 40 34 49
 12 28 50 46 42  - 36  - 45 48  - 52  - 30 51 59 35 43  - 60 39 44 49 24 27 41  -  9 23  5 29  1 34  - 53 11  - 13 33 38  -  - 32  -  - 25  7 47 21  - 18  - 16 57  4 22 55  2  - 10
 42 50 28 30  8 10 59 25  3 33  -  2  -  - 36 37 15 35 16 53 43 51  - 14  - 12 49 47 22  6  -  - 31 57  -  -  -  -  9  5  - 44  - 40  - 24 56 45 58  1 13 21 55 11 34  -  - 29 32 26
 19  3  1  -  -  - 14 38 22 39 53 47  6 32 45 48 36 23  8 34 59  4  - 28  - 37 43 44 30 25 33 51  9 29 52  - 46 31 21 40  7 20 41  - 42 56 12  - 24 16  - 18 57 15 54 35 11 17  - 27
 47 11 44  3 13  - 55 40  - 56 33  - 20  - 43 16  -  1 51 10 37  - 31 25 46  - 52 15 24 36  -  2  4 58 57  7 39 38 42 34 45 28 48 50 30 22 35 23  5 29 49 17  - 21  - 59  - 12  - 60
 35  6  - 49 47 45 34  2 21 40 24  - 53 14 13 46 48  - 54 23  1  - 25 50 59 26 31 11 42 57  -  -  5 15 55 41 22  9 56 18 20 10 39 33  3  - 29 12 60 44  4 43 27 51 38 16  -  -  - 37
 30 55  -  -  - 35  - 57 59 52 39  - 45  9  5 41 60 58 34 33 19  - 21 15 22  7 54 10  - 51 38  - 28 32 47 25  1 43 46  3 42 11  -  - 50  -  -  8 26 40 29 36  - 48 56  6 18 23  2  -
  -  -  3 59  - 43 60  7  - 25  - 38  - 26 33 42 16  - 14 24 55 57  - 27  - 47 46 19 18  - 13 37  -  - 15  -  4 35 32 41 49 50 28 20 58  6 45 40 52 22 17  9 23 54 51 21 31 39 44 30
 10 37 27 24 16 19 26 23  - 51 28 31 12  4 60 56 49 52 35  - 21 18 33 32 44  8 14 55 15 41 47 42 50 38 59 30 20 48 34  -  9 57  7 29 43  -  5 25 53  6  -  - 45 36 17  2 46 54 13  3
 44  - 23 20 10  - 52 42  - 60  3 29 43 51 41  -  -  -  -  8  6  9 35 36 31 53 57 48 58  -  4 24 49 14 13 33  - 54 17  - 26 27  -  5  1 16 15  -  -  -  2 12 59 50 46 28  7 37 11 39
  -  -  8 56  -  9 51 52 33 49 46  6 22 58 35 26  1 13 17  -  -  - 44 11 28 36 29 31 10 18 30 40 37  -  2 32 48  -  4 20 59 25 57 53 47 38  -  - 16 39 19 23 60 14 21 27 43 41  - 50
 55 35  - 38  5 33 13  - 43  -  - 53 10 21 29 28 27 22 39  - 49 45 23  4 19 44  - 37 26  - 54 36 17 34  7 12  - 15 14  - 48  - 20  -  - 52 58 30 18 25 56 57 31 24  8 41  2 46 60  -
 31 59 17 39 21 30 25  - 11  - 10 51  - 38 20 52  - 40  - 14 13  6 47  2  - 56 33 28 53 26 49 43  - 36  -  - 34 12  -  9 58 60  4 48 27 23 42 41 45 50  5 19 15 46  - 24 57  - 37 22
 24  - 35 45 53  -  - 50 15  - 49  - 29 31 25  -  7 34 20 59  4 39  -  - 16  - 17 13 60  -  2 19 27  -  -  - 37 18 10 48 54  6 38  -  - 58 55 36 33 57  3 42 28 56 32 46 21 44 43 40
  -  9 20 60 36  - 38  - 30  1 47 10 49  - 18 34 46  6 19 29 53  - 27 35  3  -  - 16  5 22  - 25  7 17 58  4 41 28  - 13 55 26 40  2 52  - 39 33 32  - 59 45 43 44 23  - 37 14 12 31
  5 19 38 23  - 21 42 39  6  3 32 27 40 28  - 50 55  - 22 16 17 53  8 57 33 20  - 54  2  - 15 52 29 37  9 45 60 51  - 44 47  - 36 35 34 26 14  - 46 12  - 11 18  - 41 49 58  - 48  -
  - 13  2  5 33  -  9 21  - 14  - 60  - 10 31 47 22 41 29 19 34 30 52 38  - 50 59  4  - 32  6 20 42  - 35 28 23 53 15  -  1 45 26 55 24  7 54 44 25 51 27 39 17 18 40 48 12 16  3  -
 53  - 48 16 51 56 11  - 13  - 55 22  - 37 59  -  3 29 25  - 44  -  7 54  - 46  9 35 32  - 17 60  6 47 14 15 12 49  5 43 27 34 52 23 31 41 10  2 38  - 36  1 39  - 28  -  - 57 40 58
 16 56 37  2 11  - 44 45 17 31 14 30 33 18  -  -  9 20 57  - 28 12 29  5  - 40 23 58  1 42 34  7 39 49 38 24 54  8 25 47  3 36  - 26  4 35  6  - 48 41 15 32 21 13  - 52 60 19 27 51
 52  1 26 14 20 60 58  4 56 37 38 28 27  -  -  8 57  - 40  -  -  - 30  -  2  5 34  6 11  9 31 48 15 55 19 21 13 42 24 49 35 53 47  - 17 39  - 59  7 32 44 16 25 10 29 45 50  - 18 54
 15  - 47  8 38  - 56 16  9 22 52  - 32 12 54 13  -  - 42 45 33 59  -  - 18  -  2 17  - 29 25  5  -  - 20 26 14 10 60  - 31 46 24 51 36 57  - 21 44  4  6 53 48 43 58 39 49 11  -  -
 41  5 60  - 31 24 28 30 42 32  7 58 35 39 16  - 59  -  2 17  - 48 51  - 29  -  - 14 44 38 43  8 18 26 27  -  -  4 47  -  - 40 21 12  -  - 33  - 34 37 22 50 36 53  6 13 10 56 52 55
 60 41 12 42 56  -  - 47 34 13 20 43 26  -  - 55  -  - 48 11 15 21 18 45 57 17 58 24  3  - 46 38 52 33  4 22 40 32 35 25  -  - 53  - 28  5 31 50  8  2  1  7 30  - 27  - 29 36 51 44
 45 60 53 36  - 52 15  - 28  7 11 41  - 13 17 25  - 54  5 32 29  - 58  8 23  2 22  1  - 59  3  -  -  - 21 27  - 44 43 19 57  - 46 37 14  - 50 56 10  - 42  -  -  4 31  - 39 49 24 35
 48 45 19 52  6 57  5 28 14 44 58  8 34 16 22  - 31 60 15 36 20  -  3 10 50 32 38  - 25  4  -  -  - 46  - 18 27  -  - 39 23  - 42 30 40  9 49  - 41 54 33 37  2 47 12 51 35 59 53 13
 39 20  - 33 30  - 57 11 10 41 18  - 51  7 12 22  - 25 32 28 16 38 40 53  5  - 44  8 59 43  -  3  - 23 56  9 50 34 58  2 14 49 19 24 54 29 60 46 35  - 47 27  1  6 13 36  - 31  -  4
  - 39 15 18 28 54  -  6 12  -  - 11 60 40 24 20  4  8  - 21 27 23 53 16 32  9 10 49  -  - 22 57  - 41 43 50 26 52 48 14 44 35 31 25 56  3  - 58  2 34 46 55 42 33  5  - 47  7 17  -
 49 16  4  -  1 55 20 12 38  - 27  - 37 41 46 60 26 28 44 48 11 50  - 47 39 21 19 29 34  - 18 14  3 35 24 36 17 30  - 59  2  - 45 22 32 15 51 43 40 33 25  -  9 31 52 42  -  -  7  -
 27 43 57 11 46 26 50  9 36  - 22 18  - 25 23  -  2 45  3 38  - 40 56 48 24 33 12 41 35  - 32 49 16 30 51 34  - 59 20  - 21  - 10 60  7  -  8 37  1 47 52 15  5 17 19 14 54 13 28 53
 18  - 34 47  9 28 49 54  - 42 36 37 38  3 14 31 19 59 53 44 12 58  2  7 51 10  - 25  - 48  1 21  - 22  5  -  - 27 16 24  -  8 56 39 33  - 20 11 15  - 23 13 26  - 60  - 41 55 46 17
 51 48  - 57 41 44 19 17 49 23 26  -  -  - 56 35 25 16 43 42  2 54  9 59 36  3  -  - 12  - 20  - 40 13 37 55 45 29 39  - 46 31  6 58  -  -  -  7  4 11 21 30 10 28 15 60  1 53  8  -
 36 58 41 43 27 14  3 31  2 11  4  -  - 44  1  9 51  - 18 22 57  - 42  - 37 30  6 34 38 40 48 26 55  - 29 54  - 20 49 33  - 23  - 56 13 47 24 28  - 21  7 60  -  - 59 32 15  5  - 25
 40  - 46  - 23 59  - 24 55  - 16  9 41 36  3 10 39 38 58  1 30 47  - 49 11 18 42 26 43  2  - 32 22 54 31  - 28  - 37 45 56 13 50  7  -  4  -  5 14 48  - 25  8  - 33  -  -  - 19 52
