2880
 57 55  - 47  - 19 38 40  -  3 24 50 34 45 54 26  2 21  -  6  7  -  1 25 22 49 20  -  4 27 17 35 44  9 48 46 23 51 52 12  - 13 28 60 32  5 42 36 58  - 59 43 30 15  -  - 56 39 11 37
 49 23 41 25 35  -  -  -  - 19  7  - 29  -  5 18 26  -  1 33  9 27 56  - 34 46 16 28 55 59  6 44  - 30 15 48 31  - 21 14 38 60  3 57  2 53 13  -  - 39  - 36 24  - 52 11 22 37 50 32
  7 56 28  - 12 58 17 32  - 51  6 52 44 41  4 25 22  3  - 37 53 59 14  2 11 48  5 27 26 39  - 18 35 31 20  8 40  - 45 50 23 30 55 42  - 10  -  -  -  - 49 15 33  -  - 60 21 46 13  -
  - 35 57 46 16 38 13 51 19 32 39  9  -  8 14 23 37 56 41 54 21 29 45 10  6  1  -  - 36 26  7 12 20 28 24  - 30 58 33  - 49  2 59  -  - 22 47 18 17  5  - 60 48  - 42  - 50 52  4 34
  - 44  9  -  - 42  - 13  - 18  4 55 26 37 17  1  -  8  7 46 36  -  - 30 53 50 11 40  -  3 48 60 51 23 10 49  - 24 56 20 58 19 45 54 25 28 38  - 52 47 27 33 43 39  -  2 31 15 35  -
 53 40  -  9 36 37 44 15  - 27  3  5 32  - 43 17  - 13  4 35 23 39 34 20 48 45  7  -  2  - 26 24 14  - 11 55 33 38  - 47 59 46 60  6 49 16 21 51 41 42  1  8 54  - 22 50 58 28 52  -
 24 33  -  - 30 39  8 28 32 46 50  2  -  - 20 16  - 15 12 14 31 47 58 54 18 11 44 45 19 48  - 10 52 43 37 60  3  1  - 41 42 25 23  - 21  6 53  - 27  - 57 51  9 29  -  4 34 40 38 49
 28  8 20 38 45 52  5 49 12  6 53  -  - 55 33  - 17 31 25 26  -  - 48 32 35 40 34 43 56  - 19 27 21  -  - 36 46  7 14 24 60 10 44 41 16 30 11 15  4 29  - 58 13  - 54 18 23 47 22 59
 51 31 32  - 49  - 58 50 38 40 21 56 46  - 41  - 27  1  - 39 33 52  8 43 29 17 12 36  - 47  - 53  - 42 16 35 59  6 22 28  7 45  4 11 19 25 54 34  2 20 18 13 44 10  9 26 24 57  -  -
 52 32  - 10  - 34  - 18  - 44  -  - 39  - 13  - 42  - 24 48 56 50  - 60 36 25 30  5 47  9 15 26 49  - 59  6 38  3 16  - 54 35 19  -  8 20 57  - 55 37  7 40 28 11 12 21 46 17 33 45
 35 57 39  - 11  -  4 44 41 30  - 28 59  3 60 13 43 45  - 47  - 15 33 24 12 18 48  7  9  - 31  - 10 40  - 27 55 20  6 23  5 54 50 52 17 38 14 46  - 22 19 56  -  8 32 37 25  2  -  1
 29 15 55 14 44 12 22 36 30  - 23 18 60 27  3 58 46  - 34 20  - 13 57  -  8 37 31 25 52  1 40 17  -  - 51 10 49 41  -  -  6 28 16 19  7 35 26 59 42 38 45 11 53 24  5  -  4 43  2 54
 33 28 35 27 17 45  - 12 13  4  5  3  -  2  9 49 57 34 31 40 37 42  6 19 59 60 56 22  1 44 21 20 54 24  -  - 32 16 30 10 25 41  -  - 47 58  8  - 36 53 50 29 46 26 38 51 52 14  - 39
  - 43  -  - 50 27  -  - 57  - 59 24 15  6  - 36 11 18 46  - 22 55 35 38  - 23 41 53  - 13  2  1 40 56 14 26  8 48 47  - 21 58  -  - 52  - 33  7 19 45  - 10  3 16 51 17 29 49 44 42
  3 29  -  1 21 53 35 23 15  - 52 19  - 39  - 60  9  - 28 22 24 16 40 44  -  - 45 32 18 38  - 13 11 17 31 50 27  8 37 49 43  - 30 59  -  -  - 48 26 12 56 34 55  - 46 54 36  - 47 58
 60 37 44 26 31 47 39 45 46  - 30 48 36 34 10 56 58 52 15 57 25 51 27 59 14  - 18 17 35 12 22  5 23  - 21  -  9 11  8 40 16 38 33  4  - 24 19 49  -  2 54 28 42 53  3 20 32  6  -  -
 37  9 45  4  - 32 55 47  -  -  8 53  - 22 58 59 10 33  -  - 15  - 12 56 41  - 21 18 31 35  3 42 46  - 13 14 48 34 49 44 28 40 57 24  6  1 27 19 54 23 43  - 29 52 26 16 30  5 25 51
 12 58 15  6 42 59 33  8 31 39 11 38 21  5 51 52  -  - 40 45 32 49 26  - 13  -  -  9  - 46 29 16  - 44  1 24  7 30  4 25 56  -  - 50 41 54  - 35 47  - 17  - 22  - 27 23  2 34 43 55
  9 18 36  - 51 49 14  - 42  5 16 32 12 47 55  - 60 29 30  -  6  - 23 57 43 31  2 26  - 58 25 34 22  -  -  - 53 46 24 54  4 59 17  1 28  - 44  - 33 40  3 45  - 41 19 56  - 48  - 38
  -  - 49 37 48  4 19  5  - 35  - 12 18 40 56 24 29 47 13 53  - 58 30 23 38 28 46  -  8 25 59 22 26 32 27 21 41  -  9 57 10  - 43 39 60  2  - 14 20 51 55 17 11  3 45  6 16 44 31  -
 38  4 27 44 58  1 52  - 39 43 47 31 17  7 48  - 28 12 18 29  2  - 21 51 26  - 25 46 20  6 37  9 42 60  8  -  - 45  5 59 30  - 54  - 55 33 40 11 10 16 14 32 41  - 24  3 19  - 36 35
 10  - 18 48  -  -  - 33  - 58 60  4  8 46 26 14 21 20 59 51 38 53  -  - 17 32 43 19 54 37  - 57  2 36  - 12  - 50  7  5 24 34  - 30 27 47  1 25 44  - 39  9  - 22  - 52  -  3 56  -
 41 34 51  - 25 35 31  -  - 36 42  - 37  1 23  - 15 54  - 11  - 38 52 12 28  - 55 24  -  - 14 59 45 27 29 56  6 19 32 26 33 43  7 46  -  3 58 10 22  9 20 47  4 50 21 40  5 18 39  -
 46 38  - 22  -  - 42 54  - 33 58 21 23  - 36 53 16 41  - 32 14  6 43 13  7 15 19 20  5  -  1 40 29 51 49 11  - 39  2 56  - 44 34 12  9  - 24  - 59  -  4 31 45 57 37  - 60 10 30  8
 56 25 60 57  - 43 47  - 40 53 18 41  - 51 45 46  - 22 44 31  - 35  - 26 55  8 10  - 38 21 11 19  4  - 12 17  -  2 23 27 52 39 58  - 14 42  6  - 48 32 16 37 20 33  -  9 15 36 54 13
 26 60  4 39  - 30 43  -  6  - 22 44 13  -  2  - 35 36  - 17 48 12 19  -  - 34  1 51 50 54 41 11 58  - 46 53 24 49 20 45 29  7  - 27  - 23  -  3 25 59 28  -  5  -  - 38  8 55  9 10
 32 59 34 12  - 14  -  - 17 49 20 35 11  - 40  - 54 46 38  3  -  -  - 45  - 53 26 23 57 31 55 52  8 39 18  -  2 42 51 22  -  9  6 13  - 27 50 33 21 43  - 25  -  - 15 47 48  4  1  5
 14 26  1 11  - 57  - 53 44  2 56  - 52 33  - 34 49 59  8 55 16 20  4 21 31 42 29 50  - 23  -  3  - 13  7 32 39 60 46  - 17 12 10 47 43 19  9 24 45 27  6  -  - 38 58 25 37  - 51  -
 43 51 26  3 32 54  -  -  - 50 45 37 14 17 15  6  -  -  -  5 44 24 60  - 40  - 47  1  - 53  -  7 30 49  -  - 25 28 29  - 18 16 56 10 57  4  -  -  8 55 48 41 38  9  -  - 11 23  -  -
 31 20 53  - 38 21 29  4 36 26  -  7 55  -  6  -  - 43 10 25 49  - 54  - 51 16  - 37 41  - 27 47 24  1 28 57  - 40 19 18  - 48 42 33  - 11 22 45  - 56  -  -  - 17 30 59 12  - 34  -
  -  - 31 55 41  - 40  - 50 60 14  6 30  - 16 37  - 19  -  -  - 21 42  3  - 26 53 54  - 33 56 46 34 25 39  -  5  - 48  - 22 51  - 32 13 45  4  9  1  7  - 49 18  -  - 27 59 29 57 43
 54  5  - 19 60  7 21 41  - 59  - 22 40 16  1 48 34 11 20 52 51 46 39  6  - 36 58 12 23  8 35 31 33 37 45  - 47 17 43  4  - 50 26  3 15 14  2 29  9 30  -  - 57 13 10  - 55  - 18 44
 44 53 43  5 28 25 56  - 35 52 15 23 22 50  -  - 18  - 54  7 40  -  - 11  - 58 13  2 30 36 20 29  - 38 42 41  -  -  - 32  - 31 37 51  -  9 49  - 16  3 47 12 19  - 14 45 57 59  8 17
 30  6  8 41 46 11 18 55  4 56  - 54 53  - 31 47 19 44  2 15 60  -  - 52 33 24 40 21 28 43  - 45 17 34 22 42  -  5 58 35 12 29 36  - 50 39  -  1 37 10 51 14  - 25 20 32 26  -  -  -
 16 11 29  -  - 17  3 21  - 41  9 30  - 32 28 12 38 49 55 50  - 60  - 46 27 54 33 10 24 19 36 15 25 18 26  5 52 57 39  1 45 47 35 48  -  8 20  - 51 34 58  7  -  4 40 53 13  - 42  2
 39  2 24 17 54 48  - 19  5  - 49 27  - 60 18 51 44 40 58  8 59  4 36 37 52 35 50 38 34 42 13 21  3 22 41  7 28 25  - 55 26 33 47 29 11  - 16 23 15  1  - 53 32 30 31 57 10  - 20  6
 23 49  - 59 34 15 48 29 55 22 54  - 42 21 35 45 40  - 60 12 18  -  5  8  4 47 14 41 37 17 10 58 19  - 36 52 20  -  - 53 44  3 31  - 26 43 56 57 50 28 24  1  - 27 13 33 51 32  -  7
  8 21 38 24 39  5 32 25 26  1  - 57 48 56  -  -  - 27 36 44  - 45 29 58  - 20 23  -  7 30 50 54 16 59 52 34 10 15 40  6 47 14 18 28  - 31 35 12 60 19 22  3  2 46 33 41 43 53  - 11
 19  - 42  - 22  - 27 26 24 37  - 20 58 23 39 50  8  - 29  - 54  7  3 40  - 10  - 11 59  - 52  4 43 53  - 33 21 31 41 46 51  - 49 35 45 32 30  - 57 18 25 38  - 56 16 15 14 12  5 48
 34 42 56 40  - 23  7 16 22 20 13  - 57 35 29  -  4 60 19  9  8  - 31  - 15  2 27  -  - 55 51 50 39 14 38 58  1 33  -  -  - 21 32 53 44 52 10 54  6 41 36  5 25 18 43 24 28  - 46 26
  2 10  - 60 56 46  1 34  - 42  - 49  6  -  -  -  -  - 23 30  - 22 41 48 44  7 35  3 14  -  8 51 15 47 17  4  - 21  -  -  9 26 40 55 38 12 45 13  5  -  - 54  -  - 11  - 39 24 59 29
 48 45 54 15 59 44  - 24  -  7 10 13 56 43 27  3  -  - 26  -  - 14 11 42  -  -  4  -  - 20 60  -  -  - 53 37 12 52 38 16 35  6 21 31  - 36 46  8 23 50 33 57  - 40 25 34  9 51  - 22
 50 24 11  - 23 31 34  - 20 48 19 43 10  - 30 29 41 55 39 13 47 33 53  7 45 38  6 44 58  2 46 25 60  -  5  -  -  9 28  -  3 52 27 16  4  - 12 40 32 17 21  - 51  1 56 36 18  8 26 57
 40 27  - 45  -  8 26 14 16 25 12 46  - 59  - 20  - 58 35 28 17 11  7 55 54 30 22  -  - 52 32 23  -  -  -  3 56 53 44 42 48  - 29 18 51 34  - 38 43 13 10  - 60 37 41  - 47  1 49  4
 42  - 13 49 40  - 41  1 14 21 46  - 27 26 38 39  -  - 11 43 45  - 10  -  3 12 15 52 51 24 23  - 32  - 56  9  - 22 17  - 36 20 53  7 34 57 55 37 28 31 35 18  -  -  - 48  - 50  - 25
 13 22  -  8 52  - 23 56  9  - 32 25 41 54  -  - 24  - 57 58 29 40 16 53  -  -  -  - 42 49 43 55 36 46 60 38 44 10  -  - 15  -  2 20 18  -  7  5 12 33 37 21 47  - 48 14  6 11 19  3
 59 52 46 35  6 51 36  3 28 55  2  1 38  9 11 57 14 24 37  - 42 19 15 47  -  - 39 48 33 40  - 49 56  - 32  - 45  - 31 21  - 18 12 34  -  - 29 20  7 58  - 16 26 23  8 30 41 25 17  -
  - 14 21  2 26  -  - 35 25 24 44 33  - 53 19 31 23 48 52  - 58  9 32 27 49  - 60  4 13 11 12  -  1 45 34 16  - 37 10 36 20 56 41 15 42 29  3 39 38  8  5  -  6 59 17  7 40 22 28 47
 18 17  3  - 57 20  - 58 37 13 26 42  9 48 47 40 56 30 32  1 46  5 55 16 19  - 54 35 39 15 45 43 53  6 25  -  - 44 50  -  - 27 51  - 23 49 31 60 24  -  8  - 36 28 29  -  7 33 21 41
 55 16 58 43  - 28 37 46 29 10  1 40 25  - 57  8  - 23 45 59 12 17 38  -  2 51  - 42 22 14 34 36 47 21 33  -  4  - 60 31 39 11  -  5 30  - 18 32  -  6 13 20 50  -  -  - 49  9 24 53
  4 50  -  - 19 40 15 27 58  9 51 45 33  - 24  -  -  7  -  2 34 56 22  -  5 39  - 59 48 29 16  6 31 11 35 44 14 12  3 17 57 55  8 25 46 13 32 47 30  - 26  - 10  -  -  - 53 41 60 23
  - 39 19 32 10 33 24  6  8 23  - 15 45 20 53 21  1  - 42 49 11  -  9 34 25 22 37 57  -  5  4 38 55 48  2 18 36 56 59  7 40  - 52 17  3 51 41 31 13  - 30 46 27 12  - 44 54 26 14 16
 11 12 17 23 15  2 54  - 49 14 36 47  1 58 37 32 33 10 51 60 28  8  - 39 46  - 38 31  - 45 24  -  - 41 19 20  - 35 13 30  - 57 25  9 59 18 48 50 29  4 34  - 21  - 55 42  -  - 27 56
  5 47 14 16  - 50 25 11 45 31 28 39 54 19 52 10 36  6 22  4 35 44  2 15 30 43 51 33 12 57 18 32  7  3 58 29 34 13 42 38 27 53  9 49 20 59 23 56 40 24 60 48 37 55  1  8 17 21  - 46
 36 30 33 18  4 55  2  -  7  - 38 51 16 31 21 35 53  9  - 24 19 25 20 14 56 13 42 47 43 28 58 41 27  - 44 23 17 59 15  8 11  -  - 40 54 50 39 26 34 57  - 22 49  6  -  -  - 60  3 52
 47  - 10 36  1 26 20 17 54 29 55 14  - 49  - 22 12 51  - 56 39 43 59  - 57  -  9 16 53 41 42  2 38 58  4 25 15 27 11  - 37  8 13  -  5 21  - 30  - 60  - 24 52 31 50 46 35  7 45 40
 27 48  2 30  - 29 11 20 51 45 41  - 19  -  - 44 25 17 53 42  - 28 49 22 16 52 24  -  - 50  5 39 18 57  9  -  - 36 55 33  -  - 38 58  - 46 37  4 35  - 32 23 15 54 34 43  - 13  - 31
 21  3 37 52 43 41  - 31 60 47  -  - 28 11  - 27  5 42 50 38 55  - 24 49 23 33 57 34 29 22 53  -  - 19 40 39 13 32 54  -  -  4 20 14  1  - 51 16 18 48 46 26  - 35  2  - 44 45 15 30
 15 13 23 54 24 56  -  - 47 34 35 29  - 36  8 11 45  -  - 19 27  - 51  9 39 14  - 60  - 18 44  -  5 16 50  2 43 26 57 48 55 17  1  - 12 40 28 53 46 21 31 42 59 58  4 49  3 38  7 20
  -  - 12  -  3 18 60  -  1 15 43 34 24  - 46  4 50 53 47 41  - 30 25 35  9  - 32 56  - 10 28 33 13 55  - 54 16 23 27 37 31 49 22 45 40 17 36 42 39 11  2 44  7 14 59 29 20 58  6 19
