2880
  - 24 22 37 27 30 57 36  1 50  -  - 13 59  6 10 17 52  - 60  -  7 51 49 55 15  8 43 11 40 45 18  4 39  2  - 25 20 42 19 32  - 33 56  -  3 35 47  9  5  - 54 41 28 48 31 29 21 26 34
  - 18 38 48 55  9 28 21  -  - 58 17 11 13 33  - 19 50 39 44 40 29 32 15 54  -  4 35  6  - 56 27 41  3 23 12 14 47  - 26 36 20 52 30 59 43  1 37  -  - 45 51 10 53 22 60 24  - 31  -
 24 21 12 15 58  - 23 38 35  - 48 60 50 36 54 41 59 18  - 34 19  2  9  -  - 55 42  -  4  1 37  - 26 46 49  6  - 52  - 28 25  - 31  - 47 57 32 56 45 29 44 53 30  - 20 33  -  8 40 39
 29  - 46  - 36 38  - 50  - 47 27 24  -  - 13  7 15 32 54 40  1  - 57 25  - 45  9 41 22  - 20 60 59  - 10 56  -  6 53 31  8 58  -  5 51 37 49 48 28 34  3 35 26 39 42 55 12  - 14 33
 31 42  - 18  - 14 22 57 48  8  - 53 34 17 11  - 40 24 32 12 45 10  2 13 39  - 37 16 29 38  3 56 49 35 41 15 27  -  1 23  -  5 46  -  9 28 26 44 54  -  6 33 55  -  -  - 19 59 21 30
  - 34 59 30  5  - 58 18 28 29 31  6  8  - 32 42 23 35  2  - 48 11 52 41 24 19  -  4  3 45 14 47  9 33 27  - 37 46 26 10 21 12 40 55 38 53  - 17 49 39 22 36 43 44  - 51  1 54 56  7
  -  9 43 54 12 51 41  - 13  - 34 35 16  3  - 58 53 28 30 22 31 59 56 45 18 20 33  -  - 39 36 29  7 44 40 60  - 21 19 57  4  - 23 26  - 47 15  2  - 46  1 14  -  6 55  -  - 50 32 17
 19 28  5 12 14 58 53 39  8 55 37  - 54  6 25 36 50 46 29 43 38  - 42 33  1 52 20  - 40  3 34 31 30 48 57 17  7 23 60 47 44  - 16 22 26 35 56 11 27 51  -  4 21 59  2  - 49 41 10 13
 44 57 60 39 46  6 54 28 45 58 13 18 55  - 16 23  1  - 12  - 26 14  4 20 51  - 30  -  - 25 50 48  - 19  - 47  - 17 37 49  - 53 21  - 15 11 29 33 31  7 38  -  - 52 27  - 10 42 35 43
 36 55 13 38 41 33  -  - 17 44 43 15 30 49 26 12 10 19 11 24 56 52 27 31 42  - 45 53  1  2 16 14  -  8 20 34  - 59 21 25  6 50 18 35  - 60 51 54 58 32  - 40 28 47 29  4 22  9 46 23
 30 56 11 29 19 25 27 58 34  4  - 21  - 26 42  - 18 31 57  2 32 35 24 52 22 51  5 38 20  - 53 10 13  - 50 44  9  7 54 15 23 47  -  6  3 33 48 49 16 60  - 41 36 17  -  - 59 46 43  -
 32  1 40 20 33  -  -  4 31 26  -  -  - 10  7  - 14 12 34 52  - 47 48 60 13 11 28 25 17 18 43 30 38 45 37  8  2 53  3  -  - 15 50 54 49 59 16  6 42 27 21 57 29 23 51  5 35 44  9  -
  8 38 32 41 45 19 47 29 27  - 25  2 33 46  - 17 39 16 13 51 10 58  5 42  -  - 43 12 50  - 40 20 24 14 26  4  1  9 55 53  - 31 60  7 34  6 28 36 37  - 15 22 48 54 49  -  - 18 57 52
  - 17 28 34 56 41  2  6 43  -  - 19 51  -  - 31 44  5  - 15  - 55  - 21  -  - 18 23 60 52  - 25  -  - 30  9  4 11 20 29 49 57  -  - 54 39  - 45 47 14 27 10  - 26 35 42 58 40 12 48
 33 16 42 56 53  -  -  1 49 19  5 51 25 40  4  8 32  -  3 20  - 39 47 55 57 38 60 15 23 27 17  -  - 22 43 11 26 31 29 37 35  - 10  -  - 21 44 58  - 18 48  - 50 34  - 28 36 52 54 12
 35 14 55  - 17 31  - 48  6 45 21 44 49 27 53 39  3  8 36  - 24  4 10  7 16  5 29 34 15 43  -  - 60 47 51 46 12  -  - 32 26 25  2  - 19  - 57 59  -  - 41  - 11 42 38 40 28 37 18 54
  -  - 27  -  - 24 46  - 58 57  7  9  3 11 45  4 35  - 14  8 51 31 15  - 12  - 59  - 36 32 29 50 10 30 56 39 44 55 25 21 19 60  - 49 17 40  6 26 23 37 16 52 38 41 43  1  -  5  2 47
 50 49 26  -  6 12  -  - 19 16 33 37  - 54 31 56 29 41  5 35 25 40 20 22  7 39 32 60  - 44 52 53 36 28  3 45 10 43 34  -  2 59  -  -  1 51 42 15 14  8 23 47 57 24 30  -  4 11 48  -
  6 27 15 42  -  - 31 45  3 30 36 47 53 41 18 57 22  4 48 29 46 33 43  - 52 60 39 10  -  - 32 54 20  -  -  7 19  - 28  - 24 34 11 40 58  -  -  8 35  - 59  9  -  - 26 14 37  - 44 50
 52  8 53  - 54 10 50 56  7  - 45 27 15 43 55  2 46 47 58  9  3 38 49 12  - 14 24 20 16 57 19 17 51 36  6 33  - 40 11 44 30  - 34 18  -  - 60 39 59 42 29 21 31 48  - 23  -  1 28  -
 28  5  3 44 48 45  -  - 52 17  - 41 31 38 58 29 43 34 37 13 53  - 35  - 47 16 40  -  - 12 55 19 54 23 11  - 51 39  -  - 33 22 49 10  -  7 36  9  - 50  8 30 24 57 25  - 15 32  6  -
 42 22  - 57 10  8  4 33 53 60 47 25  -  - 37  5 16  1  - 45  7 26 11 29 50  9  - 58 59 41 21  3 35 15  - 23 43 18  6 56 28  - 44 20 12  - 54 55  - 31 13 38  - 40  -  2 52 17 39 24
 10 20  4 40 22 13 34 54 16 39  2 14 21 55 36 53  -  -  - 58  9 27  1 26 15 48  - 18 30 47 12 51 19 56  8  - 11 41  - 59 37 49  - 28 35 17 24 32 60 23 31  6 45  3  7 57 43 29  - 38
 21 10 19 35 43 49  - 16 50 25 44  - 58 56 60 54  4 11  9 18  -  - 40  2  - 28 22  -  5 48 46 12  - 51 38 37 24  - 15 34 52 17  8 13 42 31 45 30 26 59 32 39 23  - 33 27  - 55  - 14
 57  -  - 13 44 54 59  - 41  1  4 52  -  -  8 33 30  - 47 25 21 46 53 50 14  - 11 29  -  -  9 16 55 32 12 48 36  - 35 18 10 42 56  -  -  5 58 22 38 43 17 45  7  -  - 26 31 20  -  6
 14  - 37 43 35 18 25 44 51 32  1 16 19 12 15  - 28  - 23 30 41 20 59  -  -  2 49  - 45  7 54  - 11  6  - 27 46  - 50 42 31  9 13  - 60  - 21 29 56 55 34 48  - 33 40 36 26 24  3 22
  - 31  9  - 49 15  - 46 47  -  - 42 10 58 39 51 55 30 59 36 52 16 37 54 20 17  - 32 56 19 11 26 33  -  1 38 40 60  4 24 50 27 28  -  5 14  3 23 22 57  2  -  6  - 34  7 53  - 45  -
 54 48 47 25  - 59 45 52 23 22 18 11 12 24 50  9  -  -  - 39  2 49  - 37 17  -  7 44 19 60  6 33  3 41 28  -  - 13 38  1  - 32 26  - 57 10 31  -  -  -  - 16  - 51  - 53  - 43 55 58
  3  7 25 14  - 17  - 24 40  - 52 13  - 23 59 30  5 15 46 26 57  - 36 35 56 22  -  -  - 51  4 41  - 27 29 20  - 50  -  9 60 16  - 32  - 34 18 42  -  1 39  -  - 10 54  - 38 31 58 11
  -  3 58 36 60 27 30 23 39 41 35  - 44  8  - 50 21 40 10  - 55 43 18  1 11 37  - 45 12 26 15  - 48 31  - 32 13 42  -  7  - 56  5  2 20 52 25 28 17 38 33 49 59  -  - 24 46 51  -  9
 59 35  1 50  7  -  6 17  - 23  - 40  - 32 20  3 49 56 25 57 60 48 22 51 53 31  - 36 46 14 27  - 37 54 16 28  -  8  5  4 41 45  - 39 11 42 38 19 13 10  9 55  - 30 18 43  -  2  - 26
 37 58 20 59 24 28 14  9 30 10 46 39 38 51  -  - 45  -  - 49 17 21 12 16 41 42 50 11 27 22 13  6 15 26  - 29 56 57  -  8  - 44  3 25 23  2 53 35  1 54  4  7 60 43  5 52 47  - 34 19
 27  -  8  -  -  -  -  -  - 34 19  -  -  -  - 44 20  - 16  3 18 45 58 59 48  4 35 26  - 10  2 43 53  1  -  - 39 25 47 11  7 36 15 57 52 32  5 14 46 17 24  -  - 13 21 22 41 49 51 55
 34 47 54  1 52  -  -  - 60  -  -  8  6  - 23 25  -  - 21 37 20  -  -  4 31 30 19  - 13 33 39  5 22 16 55 50 42 56 17  - 51 38 41 46 40 45  -  - 12  - 14  2 35 27 36 59 48 58 15 28
  2 43 31 24 57 56 36 60 14  7 12 49 41 47  - 35 51 22  -  - 29 30  - 27 59  8 46 37 42 15  -  - 17 13  -  - 48  3 10  6 38 23  -  - 53 19 34  4  5 52 26 32  - 55 39  9 11  - 16 21
 56 44  - 19 29 53  - 13 42  - 24 54 35 18 10  -  -  3 52  1  -  -  -  9  - 34 51 48  - 23  - 40  5 37 46 21 60 38 33 39 55 28 32 43  2 25 17  - 15 47 30 31  - 36 12 16 20 14 11  -
 51 54 18 26 37 57 48 32 25 11  -  - 14 35 40  1  - 38  7  -  - 34 39 43 19  - 41  - 28 16 59 49 58  -  - 24 30 33 13 36 42  4 45  -  6  -  - 52 44 20  - 12 46  - 47 21  - 23  -  5
  7 50 34  5  3 11 10  -  9  -  - 45 43 25  - 32 36 60  8 19  4 17  - 53  - 46  2 51 55  - 26 38 18 21  - 14 58 12 31 16 39 35 20 44  -  -  - 40  6  - 54  -  1 37 23  - 13 47 29 59
 12 52 14 21  -  - 11  - 55 15  8 38  1 42 48 18 13 37 33 28 22  5  -  6 60 47 36 50 31 35 51  7 34 20 32 58 53  - 39 41 43 29 54 45 44 30  9 57  2 25 19 26 17 46 56  3  - 27 59 40
 43  - 56 10  - 48 16 22 46 14 41 59 24 60 34 52  9 27 53  -  - 54  - 32 23  - 21 40 26  - 58 44  6 11  5  - 29  - 57  3 45 19 12  -  - 55  -  7  4  2 20 50 37 35 13  8 42 28 33  1
 46 25 24 31  8 55 19 15 59  - 20 26  -  1 52  - 60  - 50  - 43 53  7 57  -  - 48 33 58 13  - 45  -  - 36 54 21  - 23 51 17  - 42 12 22 49 14 27  -  6 47 28  9  2 11 37  5 30 41 16
 48 59  - 33 47 34  -  - 21 54 29  1 40 39 51 43 26  6 35 11 16 18 38 19 37 32 23 55  -  9  - 57 25 10 44 49 22 36  7  -  -  3 30 17 41 15 12 31  8  4 53 46 52  5 28  - 45 13 27  -
 40 11 30 58 15  2 32 35 20 51  -  4  9 37 49  - 33 17 26 56  - 22 46 38  3  - 12  1 14 29 31 13 52 24  - 18 45  -  8 55 16 39  - 48 21 23  - 34 25  -  5 42 27  - 53 44  -  6 47 36
 49 45 36 47  4 50  1 37 18  2 42  - 17  -  - 40  - 21 22  - 13 57 41 23  - 33 16 52 24 54 44  -  - 53 14 19  5  - 32 48  -  6  7 29  -  - 20  -  - 11 58 15  - 12 10 38  9  - 25 60
 13 23 52  2  - 16  -  7  - 42 32 43 59 21 17 47 24  - 45  - 58  -  3 40 10 27  -  8  - 28 60  -  - 29  -  - 20  - 56 46 54 48 37 36 30 38 33  1  -  - 18 34 12  - 50  6 57 25  5 44
 17 51 44 28  - 52 12  - 15 35 16 31 37  -  2  -  - 23 55 38  5 60  - 18  6 10  1 21  8 36 24 34 29  9  - 26 49 32  - 43 22 30 48 42 27  4 11 20 19 13 56 25 39 14 58 54 33  3 53 57
 18 37 23  - 11 26  - 40  - 43  9  5  -  -  -  - 48 20 60 33 35 51  - 46 32 58 38 27 21  6  -  - 57 34 31 13 54 28  - 30  - 24 59 19 14 16 39  3  - 56 12 17 53 49  - 47  2  7 36 41
 16 15 41 55 18 22 17 14  2 13 38  - 23  - 46 37 11 57 44 31  8 32 60 47 33 26  6 56  -  - 35 58 39 12 53 43 59 45  -  - 48  -  - 52  - 24  4 50  7 40 25  1  5 20  3  - 21 19 42  -
 23  -  7 53 25  4 56 12 37  -  - 48 45 19  -  -  6 13 31  5  -  - 28 24 21 36 55 39 44 30  - 22  1  - 52  -  3  -  9 20 34 18  -  -  - 50 46 51 40 58 11 43 32  - 15 29 60 57  -  8
  5 32  -  - 40 29 21 25 22  - 11 33  -  4 43  - 47 51 28 46 49 12  - 17 38  6 57 42 10 58  - 15 44  7  - 31 34 48  - 14  - 54 24 60 18 56  2 41 39 30 36  8  - 50 52  -  - 26 37 20
 39 29 48  3 51 35 33 10 56 53  -  7  2  -  9 15 31 25 38  - 44 23 16 36 30 41 17 46 32  - 18 28  -  - 45 42  6  -  - 60 11  8  1 37 43 13 50  5 24 49 52  - 34 21 57 19 55 22  -  4
  1  - 39 52 16 20 15  - 57 21  3  - 36  5 56 46  -  7  -  - 27 25  - 44 35  - 53 31 38 17  8 24 45  - 34 30 41 19 49 22 29 51  -  -  - 48  -  -  -  -  -  - 47 18  - 13 54 60 50 32
  9 13 35 51  -  -  -  8 11 52 28  -  5 34 57 49 58 10 18  - 36 24 50  3  2 40  - 47  -  - 30  - 12 25  4 22 23  - 41 33 14 21 55 16  7  1 59 38 29 19 42 27 54 15 60  - 56 45 20 31
 20 41 51 23  -  - 42 30 54  - 39  - 60  2 24 11 27 45 15 50 14  6 31  5  -  1 25 22 34 49 47  4 28 59 21  -  8 29 48 17 57 13 35 33 36 58 52 18 43 26 55  -  3 56 16  - 32  - 38  -
 15 60 50  -  -  1 29 41  5  3  -  - 57 30 14 16  8 54  -  6 28 19 33 58 34 44 13  9 52 37 38 42 43  2 59 51 32 26 18 45 56 40  - 11  - 12 27  - 10 35  7  -  - 31 24 25 39 48 23 46
 58  -  - 46  1  - 43 11 24  9 50  - 56 52 27  6 41 59 40 42 47 28 26 34 25 35 44  7 54  - 48 32 16 55 19  2 38 22 12  -  3 33 17  - 31  - 13 21 30  - 60  5 14 45 37 10 23  -  - 18
 47  - 33  - 38 46  - 55 10  5 14 34 22 44 29 28  -  -  -  -  - 56 54 39 26 12 58  -  - 20 49 36 23 50 25 57 16  - 52 27 18  2  4  - 13  9  - 24  - 15 35 19  8  7 32 17 40 53 30  -
 60  2 10  -  -  7 44 51 38 59  - 28  4 22  1 14  - 55 41 21 54 42 25 48  - 24  3  -  - 34 23 11 46 57 18 35 52 37 40 13  9 26 58 31 29 36  - 43  - 12 50 56 49 19  8 32 30 33 17  -
 45 12 57 49 23  - 60  2 36 40  6 10 26 28  3 19 54 48 20 53 39  1 21  8 58 29 47  -  - 42 41  9 31 18  7  - 17  - 22  - 46 43 27  - 32 44 55  - 34 16  - 37 15  -  4  - 51 56 52  -
  -  6 17  4 42  - 20 59 33 37 60 30 28 15 47 34 52 26 43 16 23 41 14  - 36 57 54 49 39 21 25 55 40  -  -  - 18  5 24 58 27  7 51  - 46 22  - 13 48 53  - 11  2  9  1 56 44 10 19 45
