2880
 38 10  - 59 42  7 57 15  -  -  -  -  4  - 54  -  - 23 46  6 45 47 19  -  9 35  - 53 55 52 37  -  - 33 40 43 25 51 22 60  -  1 41  - 32 56  - 28 16 21 17 24 29 31  - 27 14 20 58 13
 16 58 37 21 20  5 51 34 42 26  - 47 11  - 17  - 35 57  - 14  - 45  9 24  -  6 31 22  - 10 30 18 54  - 56 46  - 25 33  - 40 53  -  -  2 27  - 52 36  8 60  - 48  -  - 28 19  4 49  1
  -  7  6  5 15 41 12 39 16 49 60 10 13  - 56  -  -  -  2  - 47  - 48 27  1 46  8 20  - 19 25 59 36 24 31  - 42  - 44 35 33 40 21 45  - 11 29 30 14 32 54  - 43 22  4 53 17 18 28 55
 40 22  1  - 52  8  7  -  - 16 41  - 37 17 33  5 43  4 59  2  - 35 46 60 51 20 58  6 50 32  9 48 29 13 14 19 28 15  - 31  3 12 34 54 57 38  -  - 44 39 55 11 21 45 27  - 25  - 18 24
  -  3 42 60 57 17 54 26 44 15 46  6 20 27 52  -  -  - 41  -  7  - 22 58  -  -  2 30 53 29 43 12  -  4 34  9 33  - 45 23 18 48  - 11  - 25 40 50  - 24 13 38  - 55 49  8 21  -  - 14
 43  -  -  -  - 47 52 57 28  8 23 11 14 30 29 46 21 20 16 58 33 15  4 34 18 59  - 56 10 48 31  7 25 39 22  -  - 40  1 49  - 32 55  - 37  3  -  -  - 41 53 51  9  5 44 12 60 26 54 36
 50 60 58 31 34 20 17 23 57 12 15  -  7 33 40 38  5 22 49  - 39 36  8  -  4 13 41  3  - 18 42  - 27 11 28 30 51 19  9  -  1 56 16 59 46 44 37 26 52  - 10 55 32  -  6  - 24 43 48 35
 10 23  7 28 31 27 29 33  - 40 19 22 54  - 24 43 49 44  - 37  -  - 11 56  - 57  - 51  - 60 26  4  -  -  -  - 45 59  2 46  - 39  - 35 55  - 52 21 30  5 41 14 34 50 58  6  - 15  3  -
 33 32  3 27 29  4 46 30 12  - 47 36  - 15 16 26  -  7 38 55  -  - 23 49 35 24 18  8 28 20 59 13  1 44  6  -  - 50  - 17 25 11 14 42 39 45  2 53 48 40 22  - 57  - 21 19  - 34  9 58
 44 38 24  - 16 54 39 37 45 25 53 43 55  - 32 17 41 42  - 20 40  4  5 46  -  2 15  - 56 28 33 29  - 52 60  3  - 47 12 10 51 26 59  8  - 34  6  - 23 58  1 48  - 19  - 21  9  - 30 18
 24 59  9 16 10  - 28 40 14 37  - 55 46 47  -  6 23  - 34 36 29 50 25 44 26 30  - 32 22 43 60 27  - 41  4 57 19  - 56  1 12 42 38 20 11  -  - 17  - 48 33 39 49  -  2  -  -  7  5 53
 15 11 12 35 18 40 49  - 58 60 26 53  - 31 48 13  -  - 19 43 42 17 30  - 37  -  - 27 23 45  3 28 14  5 54  8 44 10 21 41 47 50 56  7 33  - 39 32 20 52 25  2 24 16 29 36 34 22  -  6
 39  -  -  - 35 51 18 17 52  -  - 12  - 10 19  1 57 26  - 31 49  2  - 11 60 25 59 21 16  6 58 36 44 50  - 48  - 34  5  - 56 33 37 30 40 32 47 38  4 55 15  8 54  - 14 42  - 29 41 22
 47 42 52  - 32 58  8  - 59 10  2 45 30  - 12 15 29 21 25 26  9  - 39 50  -  - 40 46 35 11 24 54 43 53 20 51 60  3 28 55 13 37  5 36  1 14 41 16  6 44 18 49 23  4 31 57 33  - 56  -
 19 36 15 54  - 13  - 32  - 58 49  - 35 20  -  -  - 52 14 34 50 33 28 51 56  - 29  - 57  -  - 30  - 23  8  - 53  1 59  - 41  - 17  -  - 22 45 39 46 31 11 44 10  - 47 24  4  6  -  3
 31 52 60 13 50  - 23 16 26 34  - 42  - 35  5 18 19  - 45  -  - 39  - 54 59 43  1  -  6  - 53  - 32 49 36 38 56  -  - 27  8 41  4  2 20 28 15  9 57 33 47 10 40  3 55 17  -  - 24 51
 35 20 59 25 39 49  1 43 33 36 12 19 21 22 50 27  - 14 40 53 51  - 15 47 16 26  - 54  - 41 10 31  - 30  - 18  -  -  -  2 46 55  - 57  7 48  -  8 29 28 24 37  4  6  - 11 42 60 13 52
 42 43 30 55  1 36  -  - 47 41 48 54 26 50 31  - 27  - 33 10 21  - 44 39  8 17 53 59 14  - 35 37 38 58 19  6 32  9 29  -  - 34 22 49  - 13 56  7  - 12 28 15 52 24 25 51 20 11  -  4
  - 16  - 48 53 44 20  9  2 30 11 14 18  - 21 49 42 39 22 46 26 32 54  8 34 47  6 57 38 58 12 33 37  7  - 35  -  -  -  5 29 17 15 23  -  1 51  - 10 59  3 50 45 56 24  - 36 27 40 28
  5 35 17 20 46  -  -  2 29  7 55 31 40 58  4 47 34 19  - 16 32 18 51 12 10 41 27 45 30  9 23 22  - 21 50  - 48 24 53 52 57 13  6 28 60  -  3 49 15  - 14 56 25 36 33 26  8 44  - 54
  - 50  8 51 49  - 40  - 20  - 36 30  - 39 42 33 24 16  7  - 25  3 17 59 53 21 47 37 52  -  - 60 13 29 18 44  -  - 35  -  - 46 10 15 45 41 27  1 43  2  - 19 55 28 34 48 58  9 14  5
 36 51  - 19  - 15 11 44 35 45 40 29 10  1 25 59  - 31 30 38 24 41 50 52 57 49 39 14 48  - 34  3 60  - 27  - 20 28  - 18  -  7 12 33 53 23 13  -  9  - 56  -  2 42  8  - 37 58 26 46
 46 12 47  -  2 18 48  - 53 57  7 56 44 49  6 16 31 60  - 32 28  - 58 45 22 34 33 13  3 21 55  5 26 19 10 24 59  - 43  9 17 23 30 37 42  -  - 14 27 54  -  - 39  - 35 52  -  1 38 15
 18 55 25 30  - 14 26 11  - 53  1 57 38  - 22 51 48 54  - 56  - 16 21 29 28  8 52 35 42  -  4 58  7  -  3 36 23  - 13 43  -  - 20  -  9 39  - 31 17 34  6 47 60 32 37  5 41 59  - 50
 25 37  - 42 21 43 60 47  -  1 51 40  -  -  2 29 18 28 56  9  - 48 24  5 46 11 38 49 15 34 41 32 17  -  7  - 35  8 52 58 53 22 33 27  - 36 26 12 13  6  - 23 50 10 54 55  3 57 20 45
  6 54 50 46 58 59 36 21 43 32 44  - 31 42 55 11 12  3 29 17 35 26 16 33  - 40 13  7 49 24  -  - 10  - 57  -  - 48  8  - 20 15 45 39 38 37  1 41 28  - 30 27 18  2 51 22 47  - 23 19
 23 14  - 15 12 11 16  -  - 54 57  - 52 44  9 22 13  - 35 27 19 24 33 10  - 31 43 60  8  -  1 25 47 48  - 40  - 37 38 45  -  - 29  -  5  -  - 51 56 46  - 59  - 58 18 41  7 53 34 42
 53  4 16 39 45  2 22 46 36 38  - 59 42  9 34  - 56  6 21  7 13 20 35 31 27 51 17 48 37 40  -  - 33 10 23 49  - 55  3 32 54 30 18  1 26 24 57  5  - 14  - 60 11 15 41 58 43  8  - 29
 56 49  -  8  - 25 14  7 50 20 17 51 12 54 53  3  6  - 26 24 23 52 45 21 48 42 60  -  -  - 28 15 18 59 39 58 37 46  - 22 55 16 35 19  -  -  -  - 40  9  -  4  5 43 36 31 44  -  1  -
 11  - 10 52  - 28 15 45 19 13  9 26 17 34 41 24 39 12 23 29  - 60 53  -  - 55  4 47  - 54  8 49 22 40  2 42 18 57 36  - 43  3  -  - 30 51 38 20 58 27 48 46  1 21  7 32  -  - 16 33
  7 24 20 26 60 38 55 28  3  4 54  - 57 12  -  8 11 48  9 15 36 51 52 22 29 10  - 23 32  - 46 42  6  - 21 27 34 44 58  - 49  2 53 50 14  -  - 18  - 19 37  1 17 35 43 45  - 39 59 30
 51 46 14 40  - 23  -  -  - 31  3  - 33  7  - 56 17  1 15 47 60  - 38 55 54 58 26 34  9 39 44 24 16  -  -  - 57 52  -  - 42 25 36 10  - 35 22 27 45  -  2 28 13 20 11 59 30 32 43 12
  1  -  4 57 27 53 44 22 10  - 24  - 28 55 35 58 36 41  - 59 48 19 26 13  - 15 32 33  2 16  - 56 30 60  - 39 54 38 37  8  - 47 50  9  - 20 18 11 34  - 46  3 31 52  - 43 49  5 45 40
 28 53  5 29  - 24 32 27 13  -  8 23 51  - 37  4  1  - 18  3 38  9 49  -  -  - 55 43 33 30  2 39 45  6 58 25 47 12 19 11 14 59 44 41 21 52 50 15 22 60 31 36 56 46 48 54 35 17 42 57
 58 27 19 47 56 57  - 50 54 23 38  -  6 37 20  - 44  - 13 48  -  - 29  - 52  - 21  2 12 22 45 43 46 31 17 26 15 14 16 30  - 35  3  - 10 55 33 24  -  - 42  5 59 41 53 18  - 51  7 34
 55  5 34  4 44 42  6 18 40  - 21 35 23 46 26 48  3 24  -  - 56 10 57 38 30 54  -  9  -  2 47 14 19 32 37 31 17  -  - 33 50 36  - 43 49  - 53 60  8 29 58 16 22 12 28  1 52 13 25  -
 32 26 33 53 40 12 30  - 60 59 56 46  2 29 13 23 51 35  6  - 31 27  -  -  -  9 25 19 54 42  -  1 21 38 24 11  7 58 57 44  -  - 49 47  8  5 10  -  3 17 20 22 41 48 50 14  - 45 37 43
  4 13 54 45  - 37 50  -  5 21 14  -  8 51 15 36 38 55 39 18  -  -  - 41 49 56 30 10 20 44  -  -  - 47 42 34  - 26 17  - 52 27  1 31 43  - 11 48 25  3  - 58 46 57 40  9  - 23 29 32
 13 28 43  -  7 31 53  5 41 27  -  - 19 16 58 30  - 10 50 42  -  -  - 57 55  - 14 38 51  4 29  - 11  - 48 21  8 39 20 54  - 52 40 18 44 12 49 56 60 22 36 45 33 26 32 25 46  - 17 37
  8  - 51 49  9  3 10 19 21 11 20 38 29 41  7 37 59 47 48 52 17  -  2 18 14 60  5 36 46 31 27 16 35 57 44 23 22 42  - 53  6 54 58 32 28  - 25 40 50  - 26  - 12 34 56  4 13 30 33  -
 37 18 38 23  3 46  - 54 34  - 33 52  - 56  - 41  - 32 24 50  1 25  6  7 15 14 44  - 45 57 51 55 31 22 35  -  -  -  - 48  - 43 28 21 12 53  - 42  5  -  8 30 19 29 13  - 59  2 11 49
  - 39 49  - 48 22 13 51  9  3 59 20 27 38  - 42  -  5 17  - 52  -  - 14  - 45 10 15  -  - 11 19 58  -  - 29 36  -  -  - 31 21  - 24  4  2 60 55  -  - 44 53  -  - 16 40  1 54  - 25
 30  6  -  - 22 52 19  -  - 46 50 28 53 57 27 35 60  -  3 44  4 34 56 23  -  5 42  -  1 37 38 11  9  - 25 16 43  - 26 39 21  -  2 40  -  8 54 58  7 51 32 31  - 59 12  - 18 36 15 48
 21  - 27 56 11  - 37 41 30 24 25  5 47  8  - 34 33 43 28 22 14 38  -  -  - 44  3  1 36 49  6 50 55  2 51 13  - 32 46  4 48  9 52 60 18 42 58 29 39  - 59 17 15 23 45  7 10  - 53 20
 27 45 31 22 43 33  5 52 18  2 35 21  - 59 47 60 55  9  1 39 10 23  -  4  - 29 56 25  - 46 20 57 51 54 53 32 12 30  - 34 15 58 24  6  3 26 42 19 11 37 49 41 38 13 17 44 50 40  - 16
 57 33  2  - 28 55  9 49  - 43 16  - 32 19  -  - 22 34 58  1  5 14  - 37 23 39 35 44  -  8 56 46  -  - 59 53 13 41  4 38 24  - 60 12 15 18  - 25 47  - 29 42 36 40 26 50 45  3  - 17
  3  1 46  -  5 48 27 35  - 50  - 13  -  2 18 39 37 36  - 49 16 43 20  9 25 23 34  4  - 53  -  8 59 17 41 52 10 21  - 19 11 28 57 14  - 60 32  - 12 45 38 26  7  -  -  -  - 56 44  -
 49 40  -  7 26 34  3 60 27 52  5 16 59  - 10 54 45  - 53 33  8 21 36  - 12 38 20 42 43  - 22 41 48 18  -  -  6  - 23 50 58  4  - 46 24 30 31 47  2 25 39 13  - 14 15 56 57 35 55  9
  - 21 48 41 37 32  -  1 31 42 30 33  3 40  - 55 50 51  - 35 11  - 59 28 58 52 46 24 34  - 17  -  - 26 49 22 29 53 15  - 10 14 43  - 13 57  5 44 19 36  9  6  8 18 38 23 54 25  -  -
  - 19 28 32  -  - 41  - 55 39  -  - 25 18 57 21  7  -  5  - 44 42 34  2 38 37 49  -  - 51 54 52  - 35 45 20 46 56 11 14 36 31 48  4 17  - 24  6  - 43 12 29 26 60 30 10 53  - 50 27
  - 48 22 34  -  - 56 42  -  - 37  2 49  - 28 12 30 59  -  -  6  1  -  - 43  3 36 16 11 15 57  -  - 25 29 55  5 60 32  - 19 38  8  - 27 54 44  4  -  - 52 20 14 47  9 39 26 21 46  -
  -  2 21  3 19  9 45  - 37  5 58 17 60  6 14  -  - 18 55 54  - 57 32 30 41 53 50  - 47  - 15 44  - 36 33 10 40  7 24 20 38 49 13 29 56  4 59 34 31 26 51 25 35 11  1 46  -  -  - 23
 52 56 45 24 17 60  - 14  7 18 27 32 22 13  - 20  - 53  8 23 58 37  -  -  -  1 16  - 31 38  -  6  - 12 55  4 39 49 40  - 26 44  -  - 41  9 28 43 54 57 19  - 42 51  3 29  5 48 36  2
 48 15  -  1 23 16  - 20  8 29 42  -  - 32 60 45 26 25 37 28  - 54 31 19  3  -  7  - 24 33 40 51 49  9 12  - 30  5 18 36 44 10  - 55  6  - 34  - 21 38 43 35 47 27 59  - 22 46 39  -
  9 57 44  - 13 35 43 48 25 14  - 24 58  - 23 53 47 46  4 45 59  8 12  -  6 50 51 28  -  7 19 38  5 15 52 56  - 20 39 29 30 60  - 17 34 40  - 36 32 18 21  - 37  1 42  - 16 49 10 41
 59 30 29 43  - 45 35  - 38 48  - 27  9 24 39  - 14 50 10 41  3 53  - 25 40 36 28 52 13 23 16 26 20 46  -  2 55 18 54 15  5  - 47  - 31 49 21 57  -  7  4 32 44  8 19 37 12 33 51  -
 17 29 41 11  6 10 24 25 51  9  - 18  -  -  3 32  8 45 31 12 34  -  1 53 36 28  - 55  - 56 52 40  - 27 13 54 49  2 14  - 60  -  7 44 47 21 20 33 38  -  - 57 58  - 22 35  - 16 19 26
  -  -  - 18 25 26 58 24 56  - 29 44  5 21 46  -  4  2 32 19 12 30  - 42 50  -  - 31 60 27 13 34 52  8 38 47 11  - 55  7 45 51 23 48 22 17 35 59  1 53 57 43 16 49 20  3 15  -  - 39
 12  8 39 10 55 30 59  - 48 19  -  3 41 28 49 50  2 11 20  5  -  - 18 15 44 27 24 40 26  -  7 17  4 43  9  - 14 36 25  -  -  6  - 16 23 29  - 35 37 47  - 52 53  - 60 38 31  - 22 21
 34  - 35 44  -  1  - 55  - 22 31  - 24 48 45  7 20 17  - 60 54 13 40 26 21 32  9 12 19 59 36  2 42 14 47  - 27 43  6 37 16 57 25 56 29 33 30  - 53  4  5 18 51  - 10 49 11 50  8 38
