2880
  6  - 21  - 38 36 31  - 59  3 39 56  -  - 35 46  - 22  1 14  4 23  -  - 27  2 45 20  -  9 17 49 16 10 51 42 32 11 24 18  5  7 25 41 12 50 29  - 44 15 48 37  -  - 28 60  - 54 43 47
 30 29 10 19 42 55  - 44  -  8 28 37  - 39 20 59 16 60 26  - 57  - 23 47 17  -  - 53  1 58 49 22 18 38 41 43 21 24 51 14 56 33 45 40 34 46  -  -  5 35 52 50 15  6 13  2  - 31 54 25
 32  4 19 34  - 22 56 27 16 51 46 23  3 41 31  2  -  - 38  - 30 21 35 52  9 11 49 18  8 42 55  - 25  1 13 28  -  7 26 17 48 43  - 37 44 53 57 59 14 20 29  - 39  5 54 40 47 58 45  -
  2  9 60  6  - 11  - 30 14  - 26 52 22  - 25  - 47  1  - 59 46 37  8 31 36 40  - 10 45  -  - 42 44  5  4  - 34 53  -  -  - 56 18  3 58 48 21 20 23 12 50 28  - 24  - 17 51 55 33 54
  - 53 43 35  - 32 51 50 36  - 40 39 20  - 24 21  4  - 13 17 41  - 26 45  6 14 58 54 47  - 48 59  2 60 28  8 16 42  3 49  - 23  -  - 31  1  - 44  - 27  5 18  - 10 57  - 11 25  - 29
 22 46 58 21  - 28 50 33  -  -  3 30 45  - 12  5 41 16 40 24 37 10  - 34 57  -  7 27 59 26 43 23 19 56  2  1 15 17 39 11  -  -  - 38 18  -  8 36 47  - 31 60 14 55 20  9 32  6 29  -
  - 17 42 20 13 15 59  - 51 60  - 36 44 26  -  - 14 52 30 45 49 39  7 58 25 53  5 24  - 50 37  3 48 33  6  2 56 18 10  -  9 28 12 27 43  - 41  1 11  -  - 46 55  - 29 47 16 38  -  -
  - 33 45  -  -  2 19 32  -  9  - 49 53 24  - 56  1  - 51 16 13 41 31  - 37  - 29 30 11 35 54 36 39 12  - 21  - 14  4 22  - 60 57  - 50 25 47  -  - 26  7  -  - 15  6 23  5 46  3  -
  1 36 41 45 44  - 37  - 15 25 47 28 21 13 22  - 24 46 29 35  -  -  -  5  - 56  - 40 57 32  -  - 49  - 38 34 30 33 18  7 54 11 50 23 17  8 12 48 60  3 14  -  - 39 16 51  -  9 19 53
 28  8  -  9 27  - 14 42  -  5 20 60 55  7 41 48 19 49 10 30 33 57 53 21 11  3  -  6 51 40 52 50 59 36 24  - 25 29 32 45 22  2 16  1 54 31  - 17 13 23 26  4  - 12 39 43 15 18 35 37
 26 60  - 39 55  - 17  - 22 42  - 14 48  - 47 38 57 43  -  7 40 29 52 10 45  4  -  9 35 15 21 18 20 37  3 30  - 13  8 50  2  6 23 25  - 49 16 27 24  - 28 41  - 11 44 34 58 12 36 32
 59  3  - 51 24  7 18 34 28 50  6  - 37 35 40  - 48 29  - 39  - 47 10 43  5  8 52 23 33 25  - 55 11 54 49 19 38 58 42 27 36 32 46 12 15  -  1  - 26  -  2  - 56  - 21 53 13 41  -  -
  - 20 51 18  8 39  3  - 34 15 30 40  -  -  1 42  7 10 49  4 11 43 16 56 28 12 54 59 23 17 33  - 45 31 37  6 26 48 21 36  - 13  2 60 29  5 32 46  - 19  -  - 58  - 53 44 14 52 50 57
  - 38 59  7  9 33 53 47  - 10  - 26 11 34 37 14 17 25  - 18  - 60 46  - 55 41  -  3 54  5 50  - 13 24  - 12 35 49  -  - 27 30 40  - 51 36  - 31 42  6 58 23 45  8 32 21 44  -  2 39
 36 31 55 14 54  4 35  1  - 45 42  -  2 53 32 57 37  -  - 44 16 12 47 24 34  - 19 48 28 43 27 58  -  - 40 59 33  -  - 13 25  3 51  6 22 38 56 29 21 30  8 20 26 18 23  5 49 50 46  9
 39 47 37 12 34 40  -  3 38  -  -  - 23 49 44 10 54  - 50 43 31 25 28 11 51  - 13 16 55 53 36 15 56  7 57 52 27 59  - 58 17  -  9 26  - 32 14  - 35  2 46 48 42  1 60 33 45 20 24  6
  - 52 26 60 58 25  8  7 30 39 11  9 13 21  3  -  - 12 34 28  6 19  - 49 53 50 38 57 20  4  - 40 55  2 47 54 51 22  -  - 33 46 43  - 27 56 48 15  1 18 23  - 10 32 35 59 17 44 16 42
 52 49  -  5 45 13 10  -  -  - 34 18 17 25 43 60 39  4 58 41 54 38  - 36 47 23  6  7 26 27 44  1 22  - 56 33 59  - 57  - 42 21 29  -  -  - 24  - 31  8 35 16 40 19 51 28  - 48 14  2
 33 18 32  2  - 50 34  - 52 49 45 38 19  4  8  -  -  -  3  1  - 44  -  9 22 16 24 41 36 48 20 47  5 35  -  - 11 57 59  -  - 25 37 43  - 58  - 54 28 46 27 53 29 17 30  6 42 15 26 40
 55  - 53 25 36 47 12 21 32 35 18 50 29  5 10 13 26 33 52 11  - 27 43 28 39 15 20 58 41 59 46  4 17  9  -  - 23 44 30  1 45 42  - 16 56 54 51  -  3  -  6  7  -  - 49 57 38  - 31 24
 35 10  4 46 60 16 52  - 49 31 53 17 32 36 13 22 55 39 14 40 50 54  2 27 24  -  - 45 43 33  5  -  - 21 44 25 20 51 38 56 30 12 48 18 37 34 26 57  8 58 47 42  9 29  3 11 23  7 15  -
 27 41  - 10 48  - 28 13 11  2 23  -  - 31 55 20  - 59 33  - 22 32 58 14 54 49 37  8 50 24 60 21 53 47 18  - 36 46  - 12 43 52 42 57  5  -  -  -  7 45 16 30 19  -  1 25 56 40 39  3
 31  6 12 57 51 18 23  8 47  - 60  - 56 27 58 32 29  -  - 20 17 49 22 16 43 30 48 38 46  7  1 14 41 11 34 53  3 50  - 42 13  -  -  -  -  2 59 10 55 44 37 19 33 40  5  - 28 39  -  -
 45 51 48 16 43 37  - 46  - 52 36 54 59 50 28 49  5  -  - 15 26  6 38 29 14  -  1 42 18 19 22 17  4 55 39 13  -  - 20 33 60 35  3  - 11 40  2 56  - 47  -  9 44 58 24  - 12 23 34  7
 10  -  2 13  6 23 29 22 21 44 17 42 47  - 36 39 40 51  9 53 24  8 54 20  - 35  -  1 34  - 12 37 31 57 27 58 60  -  - 38 14 18 49 28 48 16 46 52 50 59 19 26  4  - 11  -  - 45  -  5
 44 54 33  - 50 58 11 43 19  -  - 57 40 42 34 24  - 45  4 22  - 31 17 48 46 32 51 15 13 52 56  -  - 53  - 26 10  - 47  3  1  - 41  7 55 35  -  - 12 14 25 39  6  - 18 49 20  -  - 59
 53 45 57 17 30 59 58  - 23  6  5 13 41 40 39  9 52 47 28 19 51 33 50  1  2 26 27 55 31 54 18 44 15 14 25  -  8 34 35 29 12 49  -  4 20  3 36 37  - 10 24 38  - 48 42  -  - 56  7 11
  - 14 27 28  - 35 32 48 24 37 41  1 46  - 19  - 33 53  6 29 15 50 30 12 38 55 31  - 60 21  8  - 36 25 16  9 22  4  5  - 34 39 59 44 42 57 18  7  -  - 45 51  - 56  2 54  - 10 47 49
 46  7 36 52 10 49 22 28 27 47 14 29 39  - 50 58 20 35  -  6  9 15  4  - 19 38 56 34 30 31 26 51 37 41  - 40 17 43 33 53  -  -  - 11  -  - 54  5 16 55  3 59  1  2 45  - 18 32  8 44
 18 34 49 47 52 43  2 12  4 26 55 16 42 30  9  6 15  - 19 27  - 24 20 25  8 29  - 37 10 51  - 53  7 46  -  3 14 31 22  - 58 50  1 56 28 33 13  - 17 32  - 44 23  - 59 35 41  5 21 38
  - 37 50 49 40 26 60  -  - 13 21  4  - 29 54  3  -  - 18 38 48 16 57 15  - 22  9  5 56 20 34 25 28 43 14 23 31  - 44  -  - 55  -  2 24 52  6 42 19 53 17 10 30  -  -  7  8  -  - 33
 13 58  6  -  - 12 46  -  1 34 19  2 36 20 49 44 22 57  - 26 14 11 55 50 30 45 32 25 17  - 24 29  - 18 52 16  - 37 56 39  -  -  4 54  7 28  -  - 15  - 42  -  8 35 40 48  -  - 38  -
  8  -  1 40 19 10 49 29 60 28 58 51  -  3 23  - 30  - 35 57 45 34 56  - 16 18 33 46 12  6 38  -  - 50 36 11 55  - 48 41 52 44 31 15  2 24 37 26 39  -  4 13 20 47  - 27 43 14  -  -
 37 28 11  1 20 42 15 26 29  -  - 46 18 52 38 35 25  5 23 31 44  2 14  -  - 33  4 43 27 56 13  -  - 48 53  - 12  - 58  6  - 16 19 36 59 21 30 47 57 40 55  - 54 49  7 41  - 51 17  -
 49 55 39 50 12 57 25 15  9 53 13 22 35  8 16  - 11  - 27 56  - 48 36 60 18  -  3 28  7 47  4  - 43 34 54  - 37 45 41  5 40 24 38  - 52  - 17 58  - 33 32  - 51 42  - 14  -  1 30 20
 21 48 23 37  5 24 30 39 53  -  - 10 58 38  2 34  6 26  - 42 56 52 19  - 31  - 12  - 14 60  -  - 33  3  - 35 46  9  7 54 41 36 32  - 40 55 50  - 25 17 57 29 11 16  8 22 27  -  -  -
  - 35  8 29 28 56  -  - 57  7 50 19  - 58  -  - 32 20 36 54 27 30 49 59 42 46  - 47  - 39 53 16 23 13 12 60  6  - 14 24 26  4 34  -  1  -  -  9 22 37 51  5 31 21 43 15  3 11  - 45
 19 39 34  - 33 38  - 20 48  - 35 15  -  6 26 55  - 24 25  -  - 36 32  -  - 59 28 60  3  - 45 27 21  - 30  -  9 56 50 44 57  -  5  8 49 11 23 53 37  4 12 22  -  - 14  1  - 13 40 51
 40 27 28 33 53 44  - 16 31 20 48 41  -  - 45 17  2  - 57 47 36 42 21 51 29  - 39 19  4  8  9  - 52  - 46 24  -  - 34  -  - 38 13 32 10  7 55 23 56  1 49  - 59  3 50  -  6  -  - 60
 14 32 38 36 47  - 13  5 40 21  - 12 24 54  4  7 59  -  -  3 52  - 42  6 50 31 11 44 16 10 15  - 29 17 26 18 58  -  - 51 20 19 27  - 25  - 53  8 41 49  1 45 22 46 34 56  2 37 48 23
 54 24  - 11  4 20 16 41  -  -  7 33 26 19 30 43 10 48  -  8 25  -  - 23 35  1 21 39  6 49  - 57  - 51  - 56  5 47 53  - 29 59 55 58 32 17 42  -  9 31 36 52 60 37 22 18 46  3  - 15
 23 57 47 56 32 48  6  - 58  - 43 59 34  -  -  4  - 42 39 21 18  3 25 37 44  - 26 29  -  -  - 35 10 49 11 31 40  8 15 52  - 51 14 20  - 30 38 55 46 24 33  2  7 36 12 19 50 17 13 27
 56 22  - 42  2 17 20 57 10 41  9 21 30 51  7 12 43  - 31 25 47  5 34  -  1 44 16 33 49 36 11  -  - 23 32 45 50  3 27 26 15 29  -  -  -  - 35 28 38 60 18  - 46 54 58 37 24 53 59 52
 17  1  - 53 46  9 39 54  8 18 37  6  5 28 27 11 38 14  - 55  7  4 51 26 60  - 42 12 48 30 16  - 58  - 22 47 41 15 36  -  - 10 56 21 23 13 52 43 29 34 59 40 32 31 19 20 33  2 44  -
  - 16  - 22 57 46  -  -  6  - 12 43 38  - 53 36 60 27 32  5 23 13 11  - 58 34 47 49  - 55 41  -  - 44  7  - 48  2  1 25 24 31  - 19 21 20 28 51  - 56  9 54  - 45 10  8 52 42 18 17
 43  - 17 32  1  5 33 23 46 12 24  - 10  - 11 29 44 54 56 58 21 22 59 40 49 13  2 50 39 38  3  - 47  - 19  - 42 55 28 31  - 26  7 35  9  -  - 18  6 16 20 25 34 30 27 52 53 57  - 48
  7 11 18 26 14 51  1 45 25 56 57 32 28 10 60 37 12  -  8 34  -  -  9  2 13 21 36 22 58  - 40  -  - 15 31 39 24 23 17 16 47  5 30 33 35 59  -  3  -  -  - 43 49 53 48 55  -  -  6  -
 57  - 29 23 22 19 27 25 37 58  8 35  6 45 14  - 18 41 24 50 53 46 40  3 15 42 59 56 44  - 10 13 60  - 33  - 28 38 31  9  4 20  -  - 39 51 11 34 43 48 54 12 17 26  -  -  -  - 32 55
  - 59  9 30 26  - 42  6 43  - 33  8 16  - 52  - 49 40 54 37  -  1  5 39  4  - 53  -  - 34 19 56 14 45 15 10 57 32 55 35 18 58 17 22 38  - 44 11  - 25  - 36  - 60 46 13 29  -  - 31
 51 30  - 44 18  -  - 49  - 16 52 53  -  1 21 28 34 23 59 60 35  - 45 33  -  7 14  - 37 41 31  5 57  -  -  -  - 25 40  2 55  - 22 17  4 47 10 32 58 29 43  3 13  -  9 24 36 27 12 19
 48  - 44 15 59  - 26 31  2  -  4 58 12 46  -  - 35  3 47 33  - 51  - 54 41 17 30 52  5 28 23  -  - 16  - 55 45 21 25  -  - 40 24  - 60 29 43  - 27 39 13 49 50 14 56 42 19 22 57 34
  4  -  7  8  3 52  - 60  - 14 15 47  -  -  -  - 56 34 42 10 55  9  1 32 40 54 18 31 19  2  - 39 27 29  - 36  - 16 11 43 37 45 28 59  6  - 25 12  - 51 41 57 48 23  - 26 35 30  5 21
 41 25  3  - 29 60 44 14 55  - 51  -  1 15  6 23 21 30  - 49 38  - 48  - 32 27 40 26  - 46 35  8 34 22 43  4 52 12 19 10 28 54 47  - 57  - 31 45 20 11  - 33  - 59  -  -  9 16 37 56
 42 43  - 41  -  1 24 10  3 19 49 34  - 23  5 26 13 44 11  2  - 18  -  8  -  9 25  - 32 37 51 31  6  - 58 29 47  - 46 59 39 15  - 52 53  -  - 35  4 21 30  -  - 20 17 38  -  - 60 12
 47 13 15  4 21 27  -  - 33  - 56  3 51 60  - 45 28  - 20 48 10 40 24 30 12  -  8  -  -  -  -  - 38 58 59 41  2 35  6  - 44  -  - 42 36 23  5 39 18  - 34  -  -  9 37 46 22 19 25 26
 16  2 52  - 39 29 40 59 20  - 22 48 60 32 33 51 36  - 44  9  8 14  3 55 56 43  -  4  - 18 25 24 54 42  5 57 19  - 37 21  6 34  - 10 45 27 58 30 49  - 11 31 35  7 26 12  1 28 41 13
 11 50  -  3 25 31 43  9 54 57  - 44  - 56 18 33  8  -  2 36 59 45 13 42 23 24 15  -  -  - 58 28  - 26 20  -  7 40 12  - 16 22 60  - 14 19 39  - 10  - 53  - 37 41 38  -  4 29 52 35
  9 56 54 38 31 45  4 35 44 43  - 24 52 17 42 47 27 36 22 12  - 28 15  -  - 37 41  - 40 57 29  -  1 30 48 46 18 39  - 19  3 14 21 55  - 26 49  2 33  7  -  8  - 34 25 32 60 59 11 58
 25  5 22  -  7  - 57 53 18 33 27  -  4 59 17  -  9  - 12 13 34 35 41  - 26  - 50 32  2  -  6 46 24 52 29 44  -  -  -  -  8  1 10 31 16 42  3 19 54 28 15 55  - 38 36 58 37 43 56 14
  3 19 20 58 16  6 54  4  5 24 38 11  - 43  - 15 42 37 60 32  1 56 12 13 48 39 34 17 52  - 59  9 35 40  - 50 29 30  2 46 10 53 44 51  8 18  7 49 45  - 22  - 41 28 55 31 25 33 27 36
