2880
 13  - 46 52 55  - 48  - 23 36 20 49  2  8  - 50 45 54  6 12 35  5 15 53  - 19  9 38 16 41 39 30  1 33  - 59  -  - 60 47 29  4 40 27  7 58  - 17 31 44 21 26 24 10 42 56  - 43  -  -
 47 50  7  4  - 49 55 16 31 51 15 34  - 60 17 44 41 32  -  - 45 54  - 25 57 38  8 13 10 52 14  -  -  - 58  - 20  -  -  -  -  -  6 26  - 48 12 42  -  - 36 35  9 56 29 21 30  - 11 18
 26  -  9 37 15 20  -  - 35 40  - 57  8  -  - 18 11 13 46 10 19  - 27 44 31 42  7 33  - 55  1 52 38 51 43  -  - 24 49 29 41 58  2 25  - 54 21 50 16 39  -  4  - 45  6  5 23 48 60 30
 10 31  - 57  3 50 16  - 54  6 36 42  - 44 47 34 28 27  - 46  -  - 11 26 21 22 30 39 33 20 19 29  - 25  8  -  - 59  7 38 32 45 49 53  5 52 60  9 14 15  - 23 58  - 41 17 55 37  -  -
 21 53 34  - 40 37 13  9 10 39  - 22 19 31 32 47  - 52 45 11  2  -  1  - 29 60  - 12 36 56 35  -  3 48 59 43 30 44 18  7 38 14 23 46  6 26 49  -  4 25 20  8  5 33 28 41 58 15 24  -
 41 40 23 54 21 19  - 31 25 27  2 52 33  - 57 30 47 49  - 15  - 53 39 45 58  7  - 37 26 46  3 11 22 13 16  1  9 29  - 60  8 36 48  5 51 10 34 18 24 42 17 32 44 12 50 14 43 28  4 38
 40 36  -  5 27 52  -  -  - 37 21 31 39  - 29  - 34 51  2  8  6 13  -  4 45 18 43 23 42 11 60 56 46 20 50  - 54  -  - 19 33 48 25 14  3 15  1 35 22 41  -  - 59 58 26  9 32 30 10 57
 23  9 10  2 25  - 15  - 24 60 18 26 55 56 37 40 51  -  4 21 28 43 58 33 12 35 32  5 17 59 44  -  - 54 20 36 27 47  - 49  6 50 31 16 53 46 22  -  - 48  7 14  -  3  1  8  - 45 57 29
 42 58 44 46 38  4 28 40  -  1 50 17  - 26 52 15 18  8 55  7 33 10  5 22 30  - 59 32  9  - 27 24 14 47 41 31 11 49  - 20  - 56  - 12 57  3 29 23 25  - 48  6 43 54 51 34  - 35 37 39
 54  -  -  - 19 41 31  - 47 52 58 12 48  1 13 14 38  - 27 18 37 40 21 60 55  2  6 57 46  4 20  - 42 29 53 25 43 36 30  8 59 16  5 28 10 49 51 22 17  7 32 50 39 11 24 15 45 34  -  -
 11 10  1 31  - 33 26 17 45 49 23 54 18  -  -  -  - 14 52 55 27 16 22 28 51 36  5 42  2 38 37 39 21  - 47 56  -  - 29 25 13 41 15  9 20  -  3 32 35 34 58 40 19 46 53 24  -  7 43  8
 17  8 52 33  - 10 19 50  1 31 14  6  - 48 15 24 23 56 16 58 21 12 18 13  -  3  2  7 47 22 55 59  9  - 44 40  - 41 39 42 27 26 53  -  - 60 32 30 36 20 49 37 54 35 43 46 51 57 25 28
 46 55 40 30 51 59 35 38 50 25 60  -  3 17 20 36  2 11 26  9  -  7 24 54 16 47  - 10 13 12  - 37  -  8  1 19 23  -  - 15  - 32 42 56 52  4 44 49  - 31  5 39 53  - 48 45 29 58  6  -
  - 41  - 43 29 38 50  8  - 19 10 16 52 32 55 60 54 45 36  - 30 18 51  -  3 31 11 53 34  - 33 12 39 22  - 26 37  4  -  -  9 35 59 20 44 21  -  7 46 47 27  -  - 49 14  2 13 40  -  1
 48 39 57 59 49 53 24 47  7 29 46 19 23 42 10  - 40 26 37 30 20 14  - 58 60  - 15 35 32 16 12  4 27 11 31 28 51 38 56 18  - 21  9  - 34 25  - 55 44 36  3 54  1  5 17 52  6  -  - 41
 30  - 21  - 14 46  - 60 26 12  9 18  - 13  -  - 52  2 40 20 56 33  -  - 25  - 47  - 58  5 31  6  7 45 10 57 34 28  -  1 15 22  - 43  4 39 16 48  - 35  - 27 32 55  3 42 38 19 44 59
  - 34  8 21 47 51  4  - 15  5 57  -  7 40 41  -  9 37  -  3 48 19 44 31  - 30  - 20 60  - 50 27 33 23 11 17 38 58 36  - 12 55 32 18 43 42 39 13  - 45 52 49 56  - 46 29  1 24 59  -
 33  - 18 34 16 57 49  -  - 30  8 60 50 29 19  -  7 15  9 42 39  - 23 59 24 53 37 27  - 35 28  -  - 12 52  3  - 48 46  - 58 31 43 17 47  -  - 38 26 40 25 36 14 13  2 55 11  6  1 51
 36  - 15 56 17 24  -  -  - 26  6 28 41 49  - 46  4  -  - 19  -  - 32 52 39  - 55 51 31 23 43  -  -  1 60 13 44 25 27 12  7 33 20  - 59 47 45  - 21 14 37  2 16 38 34 18  -  - 48  -
 34  - 38 22  - 47 56 51  8 42 13 11 32  - 35  - 49 40  - 59 43  4 25 19  1 15 27 58  - 45 18 26 16 36  - 48 57  3  -  - 17  6 24 60  - 33  9 21 53 50 46 28 23 30 44 20  2 54 29 12
 38 45  6 35 32  8 41  - 49  - 52 24 60  - 27 51 16 12 20 40  7 29  - 11  -  -  -  4 18  - 47 34  - 21 26  - 33 39  1  - 30 37 10 57 42 14 25 43 13 59 28  3 36  - 23 50 31  -  9  -
 28 32 14 19  -  -  6  3 53 23 24 40  - 22 39 25 12 33 30 60  - 42 35 51 20  - 44 56  - 43 49  -  5 26 34 10 59 18 15 21 31 38 47  - 55  7 13 54 52 16 29 58 41 36 45  4  9  - 50  -
 50 26 30  - 37 45  -  6 12  4  3  - 58 53 18 10 32 35 17 51  8 15 40  - 42 23 21  - 52 60 36 48 13 39 25 29 47 46 16 14 49 27 55 33 22  - 54  -  5 24 56  -  2  - 57 28  - 38 19  -
 58 51 29 47 26 14 45  - 27 28 49  -  5 46 42  -  8 25  - 56 34 60 55  -  - 12  - 22  7 31 11 16  - 32 57  -  -  -  3  -  - 54 39 21 17 36 40  - 18  2 41  1 30  6 20  - 24 33 53 13
  - 13  2 58 35  - 36 45 18 14  - 53 46 15 51 17 25 29 28  - 47  3 49  7  - 20  1  9 11 24  4  5 34 57 12  - 21 26 10  - 55 52  - 37 16  - 33  6 42 19  - 22  - 31 38 43 54 41 40 56
  4  2  - 29  7 23 44 10 22 48 51  1  - 45 14  8 33 36  - 50  -  9 34  -  -  - 58  -  -  3 30 25 24 52  - 38 46 56  -  - 20 18 27 55 19  - 35 41  - 12 57 47 42 53  -  -  5 49 21  -
 24 23 51 32  -  1 38 21 16  -  -  - 47 50 36  - 30  5 22 41 49 39  7 20 37 28  - 43  3 27 46  -  - 18  4  6 53  - 54 56  - 42 19 48  -  -  8 12 11 55 31 17  -  2  -  - 26 44 45  9
  7 46 25 11 28 17 12 20  -  - 19  - 24 33 30 37  - 48  -  - 16 21  4  1  2 52 29  8  - 53  5  - 49 40 18 58 56 31 32  6 47  9  -  - 36 27 42  3 45 51 50 41 13 43 54 38 14 39 22 15
 27 57 19 49 59 11 25 41 52 35  -  -  4  5  -  2  -  - 42 28  - 37 48 46  -  - 36 44 40  -  9 50 45 58 13  - 60 17 38 51  -  - 12  - 23 16  - 20 54 43 10 33 26 21 55 22  - 32  3  6
  -  7  -  6  - 42 47  -  -  -  -  - 38 34 23 52 46 50  - 44 54 57 36 29  -  1  -  3 35 40 24  - 17 43  2  5 28 27 33 26  4 25 60 31 56 45 59 10 48 58 16  9 51 41  -  - 37 18 15 11
 49  6 17 10 30  9  - 32  - 22  - 36 12 54 26  5  - 60  - 45 29 11 43  -  - 58  -  1 27 18  8 15  -  4 21 46 25 14 13 16 19  - 28 41 33  - 53 37 23 57 35 56  7  - 47 51 40  - 55 20
  - 28 50  9 57 16 14  5 37 11  - 44 35 24 21 43  3 47 12 39 55 17 20 10 15 41 40 26 25 51  7  -  - 30  -  - 49  -  - 59  -  8 13 19 38 56  6 29 60 52 22 42  - 27  4 53 36  - 18 48
 37  - 45  -  5 39 10  - 51 33 43 58  - 52 31  - 21 23 53 27  1 34  - 40 32 13 41  2  -  8  - 55 48  6 56  - 26  -  - 50 24  - 16 59 28 12  - 36  - 11 14 46  - 29 18  3 19 47 20 60
  8  3  -  7 10 34 20 18  - 59 48  - 27 37 50 57 56 58 39  5 15 46 41 42 43 45 49 28  - 29  - 54  - 53  -  2 36 52 19 24  - 40  - 22  -  6 11 51 38  - 44 55 60 17  9 23 16 13 35 26
 25 29 22  - 46 21  1 30  4  - 17  2 59 27 24  -  -  3 11 32 12 51  - 16 49 50 57 40 48 54 42  - 55  - 38 44 19 20  5  -  -  -  8  - 31  - 10 52  - 56  - 34 45  9 39  6  - 23 28  -
  - 44 37 42  - 29 43 39 40 55  1  - 53 41  - 35 15 20  - 17  - 26  9 27  6 25 46 11 56 34 10 38  4 16  -  -  5 45 52 58 48 47 14 30 12  -  -  -  -  - 23 18  - 32 21 57 60 51  2  -
 35 30 12 60 45 25 33  - 34  - 42  - 13  - 28 32 10 41 58 16  5  - 31 23 22 44 54 46 59  - 48 18 43 14  - 51  1  - 17 37 21 20 26  6 24 50 38 39 47 29 11 53  3  - 52 19 49 55 36  -
  - 35 55 36  - 44 37  -  -  - 11  7 34 21 48 39 53 10 60 38  9 59  8 14  4  - 18 49  - 13  6 45 25 50 51 15 40 32  2 54 26  3 46 29 30 22 41  5 12  - 33 31  - 24  -  - 17  -  - 58
  -  1 54  - 34 27  9 48 19  - 29  -  6 36 49  - 43 38  8 13 24 35 12 41 28 59 33 18 55 10  -  - 40  - 46  4 32 11  - 30 56  2 21 45 26  - 47 14 58 37 39 57 20 44 22  7 53  -  - 16
 59  - 42 39 44 58 51 37 20 38 32 48 49 55  1 45 29 16 23  4 60  6  -  - 33 21 10 25 41  9  2 57 36 31  -  -  - 19 24 22  3  7 17  -  - 53 50  - 43 26 13  5  8 47  - 12 52  -  - 34
  - 12  - 48  4  3 42 44 57  7 59 32  1 39  9 28  - 31 14 49 23 58  -  - 50 16 26 36 19 33 25 22 47  - 45 37 15  - 35  2 52 60  -  -  8 55  5 56 40 54  6 10 17  -  - 30 27 11  - 46
  - 60  - 26  -  - 59 13 44 15 37 39  - 12  4  1 35  - 21 22 53  - 10 43 40  - 38 41 30 58 51  3 50  - 14 47 52  2 31 36 18 57 29  - 49 28  - 19 32 46  8 45 55 23 56  - 25 17 54  -
  9 15 35 20 39  6 29 54 28  - 55 23 57 30 11 22 37 24 32 53 41  8 45 34 47 43 52  - 38 14  - 51 44 10  -  -  4 12 58  - 36  5  3  1 46  - 31 16 56 27 26 59  - 48 40  - 18 42 33  2
  6 11 36 13 23 22  2 53 32  -  -  9 14 47 16 58 57  7  -  - 59 30 37  - 19 24  - 54  -  1 21 40 28  - 17 41 35 55 42 43 50  - 56 39  -  - 46  8 33  - 51 48 10 15 25 27 34  3  - 45
 55 59 27  1 42 48 53 33  - 17 12 47  9 18  - 54 39  4 13  2 50 31 14  5 41  - 56 29 21 19 57 32 51 60  - 22 16 35 45 11 44  - 30  8 25 20  - 58  3 38 24  - 34 37  - 10 28 52  -  -
 15 49  - 38  6 43  - 59 42  - 26  -  -  9  - 33  1 44 29 37  3 36 17 48  8  4 24 45 50  - 32 10 11 34  -  7  -  5 51 31 39 46 41 47 14  - 20 53 57 18  2 12 21 28 19 60 56 25 23 55
 18 42 24 25  8  - 34 27 29 53 16 13 31  3  - 11 20 28  - 33 14 56 19  9 54 40 45 47 39  2 59 36 52 44  - 23 48  - 12 46 22  1  - 50 32 57  4  - 55  - 43  - 37 60  5  -  - 10 26 17
  - 24 60 40  9 12 21 26  3 18  - 50 37 59  5 20 42 30  -  - 31  -  - 17 34 55 48 15 44 39 22  7  2  -  - 27 14 23  -  - 25 28 58 52 13 11 43 57  8 10 19 29  4  -  -  1 33 56  - 49
 60 19 11 45 56  2 30 36 46 34 47  4 28  -  -  - 22  1 24 25 38  - 13 15  7 49 50  - 53 32 26  8 23 55  - 33  - 43 20 57  5 44 37 10  - 35  -  -  - 17 54 52 31 39 16 40 59  9 27 14
  -  - 48  3  - 40 57  - 11 58  -  -  -  7 38 59 36 53 35  -  4  - 60  - 44 34 42 52 37  -  - 43 18 28  - 54 31 16 23  - 51  -  - 32 39  5 27 25 41  6 12 24 50  1 10 26  8  - 56  -
 52 16 49 18 24  - 40  1 56 32  -  5 51 23  - 38 55 22 25  - 17  - 42  3 13 54 31  6  - 57 41 35  -  7 27 14 58 34 11 44  - 43 50  - 29  2 26 46 59  - 60 19 28  - 15 48 21 36  - 33
 56  - 16 41 54 28  - 25  6  2  -  - 36  -  7  - 50 46 19 24 26  - 52  -  - 51 35 21 15 44 38 13 57  9  3 55  8  -  -  - 23 17 11 42 45 40 14 33 34  - 30 20 48 18 60 49 10  4 47 53
  - 22 58 15  - 60 18 28 21 46 45 14  - 10 25 23 13 42 56 35 57  2 29 50 38  -  - 48 54  7 16 49  8 37 24  -  -  6 44 17 34 53 51  3 27  9 19 59 20 30  1 11  - 52  - 39  - 26 32 36
  5 56 32 44  1 15  3 29 17 21  -  - 42 20  - 26 31 18 10  6 52 25 30  -  9 57 39  -  -  - 23  - 41  - 55 60 13 22 37 53 11 19 54 38  - 59 58 27  2 28 34  -  - 50  -  - 48 16  -  7
  1 27  - 12 36  - 58  - 55 24  - 51 10  - 59 21 19 39  5 52 11 41 46 35 53 56 20 16  4 17  - 47 31  3 54 18 45 42  6 48  2 30 22 34 60 43 37 40  9 32 38  - 29 26 33 13 57 50 49 44
  - 43  - 53 60 54 46 34 33 57 30 25 20 11  - 56  - 21 50 29 42 28  - 12  5 10 19 17  6 37 58 41 32 27 23 45  7  - 48 55 14  -  -  2 18 44 36 47  1  9 15 13 35  - 49 16 22  8 38  3
  2  -  5 50 52 18 22 43 30 47 25 20 16 35 56 19 44  -  3  - 32  - 28 49 17 26 60 59  -  - 15 58 29 41 39 21  -  1 55 13 42 24 38 51  9 37 57 31  6  8 53  - 12  7 27 36  4 46 14 23
 14 33 26 28 41 32 54  -  9  3 22 45  -  - 44 29 58 43  -  - 40  - 38 57 52 27 23 55  -  -  - 46  - 49  6  - 10 13  8 39 60 51 18  4  - 17  -  - 19  1  -  - 25 16  7 37 15  5 34 35
 29 21  4 24  -  - 60 23 58  -  7  - 30  - 54 16  6 19 38  - 44 48  - 39 26 37 13 50  1 36 17 20 10 56 42  8 22 51 28 34 46 11 52 40  - 31  2 45 27 49  - 43 15 59 35 47  3 53  - 25
 16 37 59  -  - 36 32 19  -  - 38  -  -  -  6 55 24  9  -  - 10 27 50  - 11 39  - 34  - 15 56 53 54  -  - 20  2 33 57 52  1  -  4 49 35 23 48 44  7 60 40 51 22  8 13  - 41 12 42 47
