2880
 12  5  -  -  8 43  2 60 15 32 28 36 29  4 49 31 44 56  - 51 16 19 35  - 45 50 42 24 58  -  -  - 34 39 30  6  -  7 13 33 54 55 14  - 11  - 37 23 38  - 21 46  1  - 22 18 48 41 59  -
  7  - 22 38  6 57 55  5 35  - 56  -  - 48  - 37 27 32 29  1  - 54 42 23  - 16 43 58 28 18 34  8 47 50  -  2 30  - 12 25 45  4  3 17 36 14  9 41 13 40  - 51 24 44 10 53  - 15 60 21
 37 17 34 29 51 20 35 32  - 26 47  7  3 28 40 30 12 42 44  -  4 31 46 24 38 48 57 11  -  -  1  - 25  9 56  8 49 13  5 52  - 10  - 22 16 41 33 14 39 55 45 21  - 43 23 36 59 50  6 18
 59 24 30 40 60 35  3 52  - 49 36  - 42 18 46 50 22 31  6  - 39  9  - 14 29  - 13 45 47 26  - 54  -  -  4  1  - 43  - 44  2 56 19 53 20 23 28 48 57 10 41 34  7 33 21  - 25 51 17 27
 11 28  2  -  - 59 44 50  -  -  3 38 22  -  7 29  8 19  - 58 21 17 20 26 34  -  - 52 27 42 45 18 55  - 36 15 60 48  9 12  4 49 37  - 32 39 24 57  - 43 47 10 53  - 41  1 31  - 46  -
  - 30 38  -  - 37 16  9 31 39 15 50  7 10 12 60  - 44 33 54 43 59  8 40 25 47 51  -  -  - 19 22  1 41 23  -  - 58  4 21 32 45 17 56 57  5 48  - 46 52 13 29  - 24  - 42 49 55  - 20
 52  -  - 30 44  - 23  3 28 19 55 54 59 25 50  - 45 20 35 33  6 38 39 56  - 29 26  4  2  7 12 15 53 47 31 16  - 17 42 43 40 34 48  -  5 37 18  - 22  - 49 41 46  9  - 60 24 13  - 58
 22 21  9  - 27  - 39 41  4 10 14 56 52 49  - 23 51  1  3 34 58 26 30 17 31 53 24 19  6 15 29 42  -  - 37 35 50  8 38  - 55  2  - 47 43 45 59 36  -  7 28 16 25 18 20  - 33  - 54 44
 49 13 20  6 19  - 50  - 17 58 45 14  9 26 21 44 23 37 39  - 30 16 31 57  -  4 28  - 25 33  - 56 15  - 47 18 27  1  7 24  - 32 42  - 46 59  - 11  - 34 22  2  - 12 54  8 55 52 41 53
  - 22 55 34 50 58 32  2  - 37 33  -  -  7 27  9 38  5 19 56 12  - 17 54 39 43  - 20 23  -  - 51 13  - 18 25  3  4  -  - 31  - 47 49 30 28 45 10 35 11 46 60 40  - 59  - 42  1 52 48
 31 57 17 55 47  8  - 23 48 35 40 43 10 45 51  -  - 11 13  - 33 24  2  5  - 19 52 25  - 21 22  - 18  - 32  -  1 30  - 37 58 16  - 29 28  - 49 42  - 53 60  4 20  6 15  - 14  - 12 46
 17 34  - 58  2 30 41 19  -  -  - 46  - 42 22 24  - 53  1  - 47  - 56 44  3 14 31  8 60  -  -  -  - 38 50 21 13 35  -  5 36 26 12 54 27 40 57  - 55  6 52 25 32  - 28 48  4 39 51 45
 27 42 58  1  - 55 34 53 32  -  - 22 30 59 37  - 33  3 23 15  - 12 44 49  6  5 47  - 52 36 18 28  - 16  - 24 20 29 26  - 38 46  8 40 50 43 10 60 56 54  - 39 11 48  2 17 21  7  - 31
 50  - 16  - 45 48 60 49 54 20 11  - 36 35 32  - 53 23 34  2 44 28 24  - 40 56  9 29  - 14 31  - 26  -  8  -  -  5  - 27 33  -  - 46 39 21  1 17 51  4 15 37 30 13 43 41  7 12 25 10
 34  6 50 47 48 27 29 37 43 12 17  - 33 53  8  4  - 59 28 41  9  5 13  2 21 36  -  3 39 31 15 14 58 51  - 52 54 57 22 40 46 24 49  -  - 42  -  7 19  - 11 44 38 45 25 35 60 56 18 26
  - 11  -  - 55 17  5  1 40 34 42  - 56 12 39 19 28 50  - 53  7  8 52 45  -  - 58 38  - 43 41  - 33 24 26  - 23  -  3 35 57 18  - 32  9  4 25  - 60  2  - 13 10 59 48 14 46 30 47 54
  5  -  - 25 29  4  8 54 34 31 19 16 13 47  - 41 18 17 48 59 57  - 37 55  -  1 45 26 53 28 52 32 44 58  - 42 43 27 10 15  - 33  9 30 49 51 36  2 24  - 56  -  6 20 46 11  3  - 38  -
 23  - 31 21  -  - 14 39  2  6  -  - 53  - 38  1  - 18 22 17  - 30 11 34  4 54  - 32 45 59  3 19 56 12 16 41  -  - 36 46 51 60 50 27 10  9  8 25 48 49 43 57 26 37  7 33 58 35 42  -
 30 43 46 26 16  -  - 57 60  -  -  - 45  6  5 48 55  - 52 18 40 25 59 21 41 34 10 54 14 23 58 17 49 37 22 53  -  - 39  - 50  9 24  - 51 35  - 20 42 36 27 47 44  - 11  -  - 19 31 38
  2  - 49 44 26 22 13  7 23 43 21 33 20  9  1  - 37 45  4 36 19  - 25 29 10 42 17 59 35 58 47 46  5 27 53 54 31 18 56 55  - 50 52  6  3 16 34  - 12 15  - 32 60 14 38 51 57 24 40  -
 10  -  4 17  3 50 19  -  5 25 48  - 57  - 28 38 39  8 21 14 41  - 49 59 36 20 60  9 37 13 16 45 40 30 27  - 26 56 58  - 34 43 46  2 42 18 44 15  6 47 29  1 35 51  - 23 52 33 22  -
 16 59 52 39 54  9  7  -  6 21 41 40 17  - 56 42 31 49 26 23 28  2  3 25  - 27  - 18  - 57 50 30 11 13  1 55 45 46  - 38 19  - 10 12 15 29 14  5  - 60 37 43 36  - 35 34 47 48 20  8
 43 12 13  5 34 49  1 51 22  2  8 18  - 40 26  -  6  9 60 48  3 57 19  7 23 55 44 53  - 24 38  - 28  4 46  - 58 47 29 17 16  - 21 59 52 33 32  - 30 42 25 45 15 11 50 31  -  - 27 56
  -  - 48 12 59  1  - 21  - 22 60 30  6 11 45  7  -  - 40 27 50 55  -  8 16 24 46 28  9 32  - 43 42 35 41  -  - 14 51 23 44 20 29 33  - 15  -  4 17 39 36  - 57 47 19 49 10  - 37 52
 28 20 44  - 24  2 27 18 25 38  - 49  -  5 15 43  - 34 59 26 29 13 45 10  8 33 39 46 12 30  - 36  - 31 40 60  - 42 52  - 11 57  - 58 21  - 54 50 37  1 17 53 19 16 55 22 35 14  -  4
 53  - 54 11  - 34 36 22  -  8 26 13 21 46  - 12 56 24  - 16  - 23 10 39  1 52 37 44 17 19 14 25  -  -  7 27  9 50  - 28 42 51  5 60 33  2 15  -  - 48  -  - 58  -  -  -  6 18 43 55
  3 53 43 50  - 33 49 47 41 48  - 39 58  - 60 45 35 55 57 13 10  7 18  -  -  -  -  - 22  4 40  6  - 26  -  - 11 19 37 54 27  1 44 34 59 56 42 32  - 31 14 30 12  5 16 15 23 20  2 29
  - 31 35 27 20 28  6 26 58 44 32 23 15 57 52  5  9 46 45 38 54 22  1 51 47 10 19 16 30  - 49 24 50 53 14 48 59  - 60 18 39 12  - 11 37  -  -  -  -  3 55 33 42  - 34  7 43 29  4 36
 15  - 29 20  - 26  9 34 50 17 46 59 19 32 48 27 11 52 37 39 55  - 53  -  - 13 40 56  7  - 21  1  - 23 57  - 28 31 30 51  5 14  - 43  8 49 22 18 41 25  3 42 54 10  -  6 38 60 45 47
 20 23 18 16  -  -  -  6  - 15  - 29 60 13  -  3  - 48 14 40 52 42 58 53 24 35 55 30 21 46 28 31 12  7  - 26  5 38 19 50 47 59  -  8  2 22 56  - 45 44  -  - 27  1  -  9  - 37 10 11
  -  2  - 52  - 60 47 16 18 24 53 20  1 58 42 11 46 40  5 19 25 37  - 32 33 39  6 12 34 44  - 57  9 29  - 28  - 51 14 56 35  - 54  - 26 13 41 22  8 30 59 23  -  4 45  3 17  - 55  7
 58 39 57 22 21  - 43  - 11  4  1 45 27 14  - 51 36 26 18  - 37 50 55 15 13 40  5 60 31 56 10 35 24  6 17  7  8  2 48 34  - 29 23 44  -  - 20  3 52  - 30  - 59 38 33  - 16 32 28 41
  - 55 60  8 56 15 20 17 39 53 44 10 16 33 30  - 34 54 25 24 36 40 41  - 12 45  1 35 11  5  - 59 14  -  - 38  7  9 49  - 28  6 57 50 18  -  - 29 26  -  -  -  -  2 32 21 13 31 19 37
  8  7 51 54 53 10  - 28  -  -  - 27 25 38 33  - 43  6 49  -  - 14 36 19  5 15  4  - 57 22 44  2 21  - 35 56 46  - 24  1 12  - 13 16 60 47 39 58  - 20 23  3 31 32 52 50 41 59 48 34
 19 26 37 49 40 53 12 59 52 11  4 42  -  - 34 20 48 22 17 45 24 41 21  - 60  6  3  - 36 10 56  - 43  2 33 14 51  - 50  -  - 31 25 28  1  7 46 39 16 27 35 55  9 54 18 58 29  8 44  -
 14  -  -  4 49 41  - 25 45 55 51 35 31 37 19  - 20 16 56 28  2  -  -  - 58 57 23 13  8  - 26 60 29 54  - 34 48 44 47  - 53  -  - 24  -  6 40 12 36 50  7  5 18 42 27 38 15 10 11  9
 35  -  - 18 23 24 31  -  9  3 12 58 40 56 29 55  2 51 38 46  1 15 28  -  -  -  7 43 50  -  8  -  - 60 10 45 53  - 27  - 22 44 30 25 48  - 11  6 34 32  4 19 52  -  -  -  - 26 33  -
 32 58  8 53 12 31 11  - 55  - 49 41  - 34 13 36 47  - 15  - 56 51 40 27  - 30 22 23  - 25  - 29 57 46  - 19  -  6 54  7 14  - 20  3  4 38 26 52  1 16 10 18 21 28 24  2 44 45  - 50
 47 44 15  -  1 25 30 11 27  - 52  4  - 51 54 46 29 41 32  7 35 56 48 16 18 23  2 40 24 12 60  -  - 42 13  -  -  - 33 49  8 53  6 37 17 55  - 45  5 14 38 31 50 21 57  - 39 43 36  -
 54 50 27 46 58  - 33  - 10 28 37 21 12 22  4  -  - 57 47 42 31 20  5  6 52  - 53 39 56 49  - 26 23 34 45 32 41 15 43 14  3 17  -  7 13 25  - 38 18 59 40 24  - 55 29 44 36 16  -  1
 33  - 40 59 35 56 52  8  -  - 38 31 34 39  - 14  -  - 53  -  - 11  4  1 20  - 21 15 41 37 55 10 46 25 54 44 36 49  - 26 43 13 32 23 19 50  6  - 47 58 16 48 22  7 17  - 51 27 30 57
 46 48 42  -  7 16 38 45 47 33 43 52  - 29 17 34 21  - 55  3 59 10 15 58 54 28 30 51  5 11  4 39  - 57  9 50 24 36  - 60 37 19 35 18 44  - 27  1 53 13  - 12 41 25 40 32 20  6  -  2
 36  - 33 57  4 12 18 43  1 27 22  - 23 60 24  - 40  - 50 55  5 44 32  - 15  7 49 14 48 53 54  - 16  - 25  - 56 34  - 20 41 42 51  - 47 19 13 35 59  - 31  - 17 30 58 37  -  9  3 39
  -  -  -  7 43 40 45 30 37  1 54  5 47  3 59 25  - 39 41 52  8  - 16 13 28  9  - 48 38  - 17 50  - 32 19 22  6 20 15  2 60 35 58 14 31 10  - 34 21 12 24  - 23 36 56 57  - 53 26  -
 41 10 47  - 33 13 53  -  -  -  - 32 51 55  -  - 58 38  -  6 46 36  7 30  9  2 59  5 42 48  - 12  - 19 21 57 18  - 20  8  1  - 39  - 45  - 31 37 40  - 54 15  3 49 60  4 26 17  - 35
 38  -  7  9  - 39 40 31  - 29  - 11 14  - 25  -  4  -  - 20  -  - 51 47 43 44 56  - 59 27 32  - 48  1 12 13 16 23 17 10 21 28  - 35  6 58  5  -  - 24 26  8 49 50 37 55 19 36 15 42
 44 37 59 10 32  6 56  - 12 30 50  - 18 19 58  -  - 25 16 47 15 60  - 28 22 38  - 42 26  8 57 49 36 45 24 17 14  3 55 41 52 23 40  - 35 11  2  - 43 21 48 20  - 29 51  5 27 46 53 33
 25 52 41 15 36  3  - 55  - 42  - 60 26  - 31 10 32 47  8 43 20 27 57 37 14 18 54 34  -  -  - 33 30 48 49  -  - 28  -  - 13 38 59  4  - 46 51  - 58 35 39 50  5 19 44 56 22 11  - 23
 40 45  3  - 46  - 24 58 33 36 57 53 39 43  6 32 60  - 27  5 18  - 12  4  -  -  8  7 13 52 59 55 35  - 11 20 21 37 34  -  - 41 22 51 54 31 50  9  - 29  1 49  - 17 26 10 28 23 14  -
 13 49 21 14 18 45 26 44 53 56  -  2  - 31 57 22 54 36 30  8  -  - 27  - 48 37 34  6  1 50 20 23 32 15 28 46 33 39 59  3 24 52  - 41  - 60  4 47  - 17 12 35 29 58  9 43 40 25  5 16
  - 15 56 37 17 18 28  - 24 13 31  6  -  2  - 47  1 10 12 44 48 32  9 22 27 41 50  - 20 60 46 52  - 59  - 23 40 53 21 11 30 36 55 45 29 57 35 43 49 51 58  7 33  -  3 26 54  -  8 14
  - 47  -  2 10 51 22 56 59  - 24  8 32  - 55 57  -  - 46 25 42 45 54 48  -  -  -  1 29  6 35  - 60 36  3  - 52 21 11 30 20 15  4  5 38 44  - 53  -  -  9  - 14 27  - 28 37 40 13 12
  - 46 11 19 52  - 59 35 49 45  - 24  - 36  -  - 17  -  2  - 13 43 23 12 42 60 15 21 10  - 30  -  7  -  6 31 55 25 41 29 56 40  - 20 22  - 58 16  4  9 44 27 37  8  1 54  5 57 34 51
 24 19 10  - 11 54 57 46  8 23 34 15 38 30 16 13 25 33 42 22 45  1 14 18 59  - 35  2  - 55 36  3  - 40  - 58 37 12 44 39 29 21 41 48 53 17  7 51 32  - 20  9  4 26  - 27  - 28  -  6
 39 35 24  - 41 29 17  4 19  -  - 55 11  1 23 18  -  - 54  9 49 47 50 33  - 51 14 27  - 16  - 58 37 52 59  -  - 26  - 53  7 22 28 15 56 48 12 46 25  -  5 36  - 60 30 45 32 44 57 13
 56 25 45  - 38 21 42 48 16  -  5 12 55 52 10 49 14 15 24  4 22  6 29 31  7 32  - 57 19  - 23 40 27 33  2  -  - 54 46  - 17  8  -  - 34 36  -  - 20  -  - 59 13 41  - 39 50  - 35  3
  - 51  - 32 13  - 25  - 42 18 29 48 54 20 43 35  - 30 31  - 17  - 38 52 57 46 11 50 33  -  2  5 41 22 44  -  - 59  1  6 23 37 15 10 40  -  3  -  - 26  - 58 39 34 53  -  8 49 16  -
 57 27 19 43  - 46 10 15 51  - 39 44 24  -  - 21  - 60 36  - 14 29  - 20 30  - 25 37 32 45  6  -  3 11  5  4 17 52  - 59  - 54  - 31 23 53  - 55  9 18  - 22  - 35 13 12  1 34 50 40
 48 36 26  - 31  - 58  - 20 47  6 25  2 21 44 52  - 43 10 57 38 33  - 11 50  3  - 49 46  1  - 34 22  5 51 39  - 32 23 13  - 27 16 42  7 24  - 40 15 41  - 17 55 53 14 30  9 54 56 59
 45  - 14 51 22 11 46  - 44  5  - 34 41 50  -  - 24 28  7 21 32 48 47  9 37 26 27 31 16 54  -  -  - 43 29 12 39 60  - 42 59  - 38 55 58  - 17 13  2  - 33 40  -  3  6 20  -  -  - 15
