2880
 59 37  -  2  3 29 24 23 43  -  - 13  8  -  - 20  7 33  - 14 54 16 52 57 44 58  6 45 60  4 42 25 41 10 18 12  - 30 38 17 26 46 31 47  - 50  - 35  -  -  - 55 22 34 40  1 51  - 36  -
 19 28 34 11 37  - 31  - 23 22 21 27  -  - 26 44 10  - 30 43 35  -  - 49 29 40 54 59 42 41 56 57 47 24 58  1  3  -  4 50  8 48  6 15 38 12 16 18  - 25 36  9 14  - 20 17 52 51  -  -
 20  - 28 40 56 57 32 39  - 60  4 37  -  - 18  - 12 14 47  - 36 51  - 29  -  - 52 53  -  7 58  - 19  9  -  -  -  5 44  -  -  1 13 17  6  -  8  - 50 22 30 41 35  2 21 31 16 34  -  -
  9 31 15 36 58 60 10 53 24 26 19  -  - 13  - 11 29 37 59 47 45 32  -  - 56 38  5  - 17 27 41 39 34 48 20 51 12  -  3 21  1  - 18  6 16  7 44 25  - 33 40 52 43 57  -  - 55 22 23  4
 41  1 40 50  9  5 11  - 47 16  - 17 58  - 57  -  - 51  - 28  - 24  6  8 20 42 26 54 33 34 49  3  - 22 21 60  -  4 56  7 29 32 53 27 30 36  - 43 31  - 13  -  - 10  - 14 46 48 35 45
  -  7 35 48  - 33 55 43  5 12  - 15 30 23 40 45 18 58 44 13  9 25 38 39 22 57  -  8 27  - 53 50  - 31 19 11  -  - 29 51  - 47 16 42 60 17 36  - 14 46  - 24  2 21 52  - 49  1 34 41
 44 20 39 26  8 24 30  6 13  9 42 25 43 60  4 38 11 29 41 58 34 53 51 46  -  -  -  - 12  -  7 59  - 57 27 15 47 36 54 33  -  -  -  1  2  - 32 22 17  5  - 48 56 50 45 19 10 37 52  -
 47  - 55 16 24  1 15 12  7 28 44  8 56 27 34 22  3  9  - 11  6 20 35 17 32  - 19 40 50 25  - 46 53  -  - 18  - 49  -  - 59 37 14  5  - 29 42 54 51 26 57 21 10 48  - 23 33 45  4  -
 52 24 10 55  4  - 49 25  -  -  9 51 17 33 54 27 22 60 20 34 48 56 47 44 13 12 23 28  1 14 18  - 29 43  - 36 46 21  - 35  7 57 50  3 19 16 15 41  - 59 31  5 26 39 38  - 58 32 11 30
 24 48  7  9  - 44  -  -  8 13  - 30 25 50 14  3 52 40  - 20 59  6 39 28 16 60 35 58 41 43 34  -  5 37 51 45 22 10 17 31 27 55 54 32 21 53  4  - 46 23 12 57  - 49 15 56 38  - 33 11
  - 35  6 60 19  - 27 54 17 47  - 12 40  - 51 37 24 59 57  - 44  5 28 45 34 30 46  -  2 38 29 23 14 55  -  - 15 18 53 10  9 13 36 16 56 39 48 32  - 11  -  4 21 26 33 20 31  7 41  1
  7 41 51 58 21 36 59 45 40 29 17 43 23 39  9 14 50  4 49  6  - 60 54 33 11 20 57  1 13 55 48 27  - 16 25  2 30 52 12 38  - 22 47 44  -  - 46 26 24 28 18  3  - 42 56 37 32  -  8 15
 51 19 48 43  - 59 39 40 32  -  - 23  4 10 38 31  6  -  - 54 53 36 44 27 55 24 28  9 47 26  - 15  2 18  -  - 57  - 13 58 12 50 56 30 20  3 52 21 34 29 46  8  - 60 49 42 45 11 37 33
  - 38  1 27  -  -  4 57 48 17 52 56 14 44 45  - 26  - 58 16 29  - 59 20  - 49 55 47 39  8 33 42 18 19 35  - 43  9 40 54  - 60 32 31 37  -  -  - 21 12  6 53 51 13 23 11 22 41 50  7
 49 30 54  4 43 40 14  - 22 20 45  2 26  6 32 50  -  5 36  -  - 19  - 48  7 21 25 37 28 46 17  - 51 42  1  - 29 23 60 24 16 31 35 38 33 56 41 59 11 47 15 18 27 58 57 10 13 39  -  -
 15 45 49 13 22 31  8 29  - 18 32 48 59 42 55  - 39 21  - 44 28 14  - 24  4  9 36 30 56 47  -  - 57 11 26  -  - 34  2 19 43  7  - 50  5 20 27 51  - 35 10  -  3 23 41 46 37 12 53 16
 50  9 44 35 59  -  -  - 25 23  -  - 45 34  8 15 38 19 52  - 22  - 17 40 47 14 37  7 18 28  6 10 31 20 53 58 51 32 21 11 57  5  3 12  4 13 26 46 33 42 48 56 30 55  2 29 27 43  - 24
 46 32 22 47 28  - 25 36  - 44 55 59 48  5 10 57 33 11 14 49 41 52 58 56  2 53  1  - 30 39  - 18 50 54 60  6 26  -  8 15 24 21 19 45 23  -  7 29 42  4  3 34 17 31 37 51 43 27 40 13
 39 16 57  5  - 32 42 17  -  -  - 47  - 52 13  2  - 44 35 56 58 43  -  - 15 27 18 10 37 51 60 53 49  3  - 25  1 29 19 28  - 34  - 41  8 46 31 50 26  -  - 14  4 59  - 21 11 54  -  6
 58 21  - 12 34 54 33 37 27 49 31 35 42 55 46 36 13 30  - 15 51  - 24 16  -  1  - 43  8 53 57 28 25 23 44 22  7  - 59 39  -  -  - 56 14 26  - 20 48 38  5 32 50 29  4 45  6  9  3  -
 54  6  -  - 48  -  - 24 19  -  - 45 46 32 27  - 49 55 29 41  - 30 16  7  -  -  8  2 52  - 22 44  - 40  9  - 37 38 31 25  -  4 20 58 11 28 17 47 43 57 50  -  - 56 34  5  - 23 15 53
 55  5 16  - 15 22  9 46 44 53  - 33 35 49 56 60 17 24 21  - 37 40 26  - 14  -  -  - 23 31 45 48  -  -  4 47 20 50 32 59  -  -  - 11  - 19  - 38 39  - 34 51 29 52  1  7  - 57 58 43
  - 36 11 10  -  - 13 20 57  7 35 28  5 58 43  - 56 16 38 42 18 41  8 26 45 29 27 51  9 60 46  - 59 25 50 19 54  -  - 55  6 39  -  2 12 22 23 34 32 44 21  -  1  - 14 40 48 53 47 49
 22 43 24 30  - 34 29 33  - 48  2  1  6 26 37 35 54 13  - 32  - 44 23 55  - 36  -  - 11 58 25  4 52 51  -  8 59 39  7 20 41  -  -  - 45 18 28  -  3 21  9  - 31 19 10 49 53 17 57 50
 32 60 17  -  -  -  3  - 33  4  5 49  1 28 21 29 51  7  9  -  -  2 15  6 18  -  - 24  - 12 44 52 36 41 34 40  - 19  -  - 14 59  - 35 47 25 20 55 23 56 11 45 54 46 16  - 42 26 13  -
 40 51 37 19 23 48 60 35  9  - 33  - 11  - 30  4 28 43 56  8 50 13 25 41 21  - 45 22  7  - 15 32 27 12 49 26 24  1 58 16 55  - 34 39 46 52 14  5 47 53  -  -  -  - 42 36 54  2 59 18
 42  2  - 52 38 16  5 51  - 50  3  4 60  8 58 32 15 10 54  7  1 35 40 36 24  -  9  6 46 17 59 26 44 14 57 39 56 12 20 29 37 45 23 48 25 55 22 53 41 30  -  - 13 11 31 43 21 49 27 19
 36 57 29 31 51 17 47  2 16  - 41 11  - 30  -  - 20 48  4  -  -  3  - 10 35  6 15 49 34 24 19 12 40 27 56  -  9 43 14 18  -  - 39 23 13 21 59  - 58 54 38 46  8 32  5 44 50  - 45 60
  5 27 21 17  - 53 52 47 59 36 20 18 34 16 23 48 19  -  -  -  8  - 55  -  9 22  7 39 51 32  2  - 24 13  - 28 14  - 25 43 31  - 45  - 49 41 33 57 15 10  - 54 60 38 30  3 29 40 42 46
 28 54  3 20 44  - 17  - 31 25  1  - 13 45 16 12 58 50 23 26 30  7 10 14 41  5  - 15 38 40  - 22  6  8 37 34 55 35 48  - 49  9 59 21 32  - 53  - 57 60 24 42 36  4  -  2  - 56 18 27
 30 42  9 59  5 19 54 21  - 55 49 44  - 20 52 13 36 12  -  1 24 46  - 32 53  -  - 16 25 37 28 34 23 50 38  4 31  3 11 60 33 17  -  -  -  - 57  2 29  - 43 15 48  8 39 41  7 35  -  -
 48 49 25  - 27 37  -  -  2  3  - 41 53 24  -  - 30  - 32  4 14  -  - 21  - 15 31 56  6 10  -  1 35 47 39 59 28  - 26 34 50 23 40 33  7  8  -  - 55 13 52 17  - 43 44 22  9 58 38  -
  2  4 58 15 49  - 20  - 28 32 57 46  9 56 44 53 60  1 10  - 26 33  - 34 36 48  - 35 45 16  5 30 22  - 31  7 40  - 23 13 19 42  - 51 55  6 11  - 12 18  - 37 39 41  8 52 59  - 54 17
 37  3 12  6 33 23 57 44  - 27 47 16  2  1 39  - 40 36  - 50 49 22  - 38 30 41 13  - 14  - 55  - 43 52 42 54  8 60  -  - 20 11 48 59 35  - 56 28  7  -  - 29  - 25 46  - 24  5 26 58
 14 29 41 18 13 47 22  9 15  - 23 34  -  - 24  6 53  - 48 57 32 31 37 12 60 51  3 25  - 56 36 49  - 46 11 50 10 59 52 45  - 30 17 55  1  2  - 42 40  - 26  - 33 44 27 38  4  8 16 20
  8 12 53 22 55 14  6 56 49 15  - 21 50 47  -  - 16 34 26 52 25  - 18 51 19 43 33  4  3 54 13  - 39 28  -  - 42 20 27 57  2  - 24 37 40 48  1 30  9 36 32 38  -  - 60 59  5 31  -  -
 21 52  5 46 14 13  - 10 26 57 43 36 22 12  -  - 23 15 25 45 47  -  7  -  6 54 56 38  - 19 11  8 60 32 33  - 34  - 55 53 28 29  2 18 44 37 49 31 27 50  -  1 41 30  9 16 17  3 20 59
  - 39  8 21 57  - 43 41 18  - 29 60 36 15  -  - 27  3 42 33  2  -  -  - 12 31 49 46 22 44 16 38 58 53  5  -  - 54  1  - 13  - 26 34 51 11 19 10 28  -  -  6 52 14 17 48 23 24 25 37
 26  - 56  3 29 30 45 13 51 59  -  7 57 31  -  -  9  -  2 24 55  -  - 58 46  - 50 33 35 48  -  - 42  -  - 38 49 41  -  -  - 52 28 20  - 43 34 11 19 15 54 40  5 37 18  -  1  4 32 47
 18 17 32 45 11  6  - 60 55 35 34 29 16 22  2 46  1 39  -  - 57 37  -  - 42 10 47  -  4  - 31 36  - 21 40 43 38 51 30 27 44  8  - 52 50 15  - 14 25  - 33 13 58 54 26 53 41 20  9 28
 16  - 50 56  - 11  -  1  - 54 15 14 28 25  3 24 45 20 39  - 46 34 32 13 49  7 42 31 10 36 26  - 21 60  2  - 44  - 41 48  - 53 33 57 29 23 43  - 35 27 47 30 38  - 55  8 12  6 17 51
  - 59 52 14  1 15 19 50  3 56 25 26 38  -  6  -  - 27  -  -  -  - 29 54 33 46 51  5  -  - 10  -  9  -  - 23 32 48 36 12  -  - 41  - 42 44 58 24 20  - 22 11 37 45 53 55  - 60 31 39
  - 14  - 49  - 12  - 38 10 31 11  6 51 17 19 41 34 26 53  - 39  - 43 42 37 25 30 50  -  2 52 40 54 59  3 20  5 27  9  8 48 35  7 13 18 60 55 23  - 45  1 47 44 28 32 24 57 46  - 36
 53 25  4 28 16  - 56  7 36 38  -  - 29 57 49  9 43 17 45  3 42 39  - 60  - 32  -  - 48 23  1  - 11 30 13  5  -  - 18 41 21 15  -  - 31 27  -  6 44 55 58 22 59 51  -  -  8 33  -  -
  - 40 31  - 46 52  2 26 12 39 50 58 19 37 53 54 41 28  - 38 20 42 21 11 51  8 32 55 15 13  9  6  3  - 43 29 45  - 57 14 23  -  - 60 24  -  - 49  -  - 59 25  7 36 47  -  - 44 10 35
 38 23 13 51 36  - 12 30 20 37 58 31  -  - 48 43 14 52 16 29  4 26 56 18 27 47 44 60  -  -  8  - 33  - 55 24  2  6 46 40 11 49  -  -  -  9 35  -  1 41  -  7 42  - 59 32  - 28  -  -
 25  -  - 44  - 55 50  - 11 30  6 10 32 53  - 51  5  - 17 60  -  -  -  2 28 19 21 18 43 22  3 37  -  - 48 56 41  - 34  4 38 54 52 49 36 33 39 40 59 16  8  -  - 35  -  -  - 15  7  9
 60 15 30  -  2 21 34 16 50  1 40  - 44 38 29 28  4 57 43 39  7 54  -  -  5 26  - 36  - 52 37 33 48 45 59 53  6 31 35 56 46 20 10  -  3  -  9  - 22 49  - 27 12 47 11  - 19  - 55  8
 27 55 59 34  7 26 48 32 30 24 56 54  3 14 35 19 46  - 28  2  - 15 45 37 31 17 20 11 40 50 38 43 10 58 47  - 18 42  -  9  4 44 57 36 39  5 29 52  8 51 60 49  - 12 25  6  - 13  1 21
 12 18 42 37 31  - 44 58 21  5 13 55 27  - 17  1 32 54  3 48 38 57  4 15 50  - 39 19 26 29 30 51 20  - 45  - 35  - 16 23 36  -  -  8  - 10 47  - 49 34 25 33 46 22 28 60 14 52  6 40
 33  8  - 39 52 56 21  - 53 11  - 50 55 48  5  -  - 41  - 25 13  9  2  -  3 59 40 32 49  - 27 20  -  -  -  - 36  7  - 42 35 14 22 46 43 24 45 12  4 31 44 10 16  - 29 28 34 38 30 54
 57 13 43 32 30  4 40  5  1 58 27 42 49 51 20 16 44 45  - 53 56 18 50  - 39 37  2  - 36  - 47 41 38 35  8  - 60  - 10 52 22  - 12 54  - 14 21 17  6  - 29 26 34  9 48  - 28 59 19  -
 29 11 46 25 17 45 23 22 38 40 14  - 31 59 47 21  - 35 37 10 12  -  5  3  1 44 48 27 58 49 43  - 13  2 15 33 53 28  6 36 34 26  4  9 52 32 50 60 18  8 56 39  - 24 54 57 30 42 51  -
  - 26 19 41 53 20 18 55 45 51 37  - 21 40 28  - 25 38  - 17  - 11  - 22 57 23 10  - 31 35 12 47 46  5 36 52  - 24  - 30 56 33 27  7 59 58 54  - 13  6  2  -  -  1  3 50 15 16 43 48
  1 46  - 33 18  - 41  - 56 34 26 20 10 19  -  - 37  -  -  - 15 28 49 50 54  2 16  -  - 57 40  - 55  4  7 48 52  -  -  3 25 27  - 14  - 51  - 36 38  9 23 31  -  5 24 58 35 21 44  -
 43 34 60  -  6 28  7 48  - 45  -  3 52 54 31 26 21 49 27 46 33 47 41 19 10 35  - 42  - 18  4 55  8 36 23 44 50 56  5  1 58  2 30 25  - 38 37  -  - 14 39 16 57 20 12 15 40  -  - 32
 23 47 38 42 40  - 16 27  - 52  - 22 39 46 11  7  8 56 18 36 21  4 20 31  - 34  -  -  -  - 50  - 12 33 10  - 19 26 45 44 51 25  - 24 15 54 13  9  - 48 28 59 32 17  -  -  3 29 60  2
 11 22  2 53  -  - 37 34 46  6 18  9 47  3 12 25 59 42  8  - 60  -  - 43  -  - 41  -  -  5 20 13 45 49 54 17 27  - 15  - 52 10  - 29 28 31 51  - 30 58  4 23 24  7 19 39  - 50 56 57
  - 10 23 54 26  8 51 28 34 46 38  - 20 35 50 56  - 18 13  - 40 17  - 52 48 11  4 12 32  - 21  7 30  1 14  3 16 53 22  6 47 19 37 43 41 45  5 27  2 39 55 44  - 33 58  - 60 36 29 42
  6 56 45  8 41  9 38 19 14 43 39 52  -  2 60  - 47 25 46 55  - 58  -  4  - 16 17  - 24  3 23 11  7  - 28 57 33  - 42  5  -  - 29  - 26 30 18 37 53  1 35 36 40  - 50 12 20  - 49  -
