2880
 36  -  9  4 37  -  - 29 18 13  - 26 35 20  - 15 45  - 48 38  - 23 33 51 34 60 24 52  1  3 44  - 54 22 14  2 41  -  7 25 32 49 30 21 28 17 43 19 11  -  6  - 58 56  -  - 53  - 27  -
  2 38 27 51  - 13 35 46 48  - 31 36 44 34 21 10 39 45 42 22  - 25  6  9 57 59 40  -  3  -  1 54  7 18 50  - 60 17 32  - 11 43 26  -  -  - 55  8 12 47 14 41 16  4 58  - 37  - 30  -
 37 14 23 45 53 46  5 60  - 55  - 32  - 12 54 19 59 47  - 11 18 29 17 26 40 20 16 13 36  8 22 56  9 25 24  6 49 35  3 10  1 57 15  2 34  - 39  - 52 30  - 48 31 42 28 43  - 51 50 33
  5 31 40 17 55  -  - 20  9  -  - 33 51 28 45 43  - 11 21 39  -  -  -  - 50  - 15 29  - 49 42 44  - 32 54 22 38 23 34  -  - 53 56 12 58  1 25  -  8  6  - 19  4 14 47  - 41  2 57 35
  -  - 52 20 29  -  - 53 47 35 25 28 24 37  -  4  - 36 13  - 12  9 21  7 17  -  6 58 22 14 57  - 45 42 59 38 15 31 51  2 19 46 32 41 30 54 16  5 44 18 55  - 33  1 49 10 50 11  8 26
 27  - 32 13  - 17 43  - 53 47  -  8 54 18  2 45 10 12  -  9  -  5 35 28 37 25 36 55 49  7  - 33 29 30 20 57 59 42  - 39 22 14 31  - 40  - 50  -  - 34  1 16 15  -  - 52  6 48 38  -
 35 53 15 50 14 54 18 34 46  4 30  1 32 16 22  3  -  -  -  -  - 37 24 12 44 58 57 21 60 38  -  - 19  - 45  - 39 41 40  - 36 31  - 17 20 23 10 13  - 26 52  - 11 25  - 56  2 28  - 49
 18 41 17 31  7 55 25 13 51 27 14 10 28  - 48  -  1 30 53 49 46 60 26 43  5  4 21 19 11 24 47  - 56 54  -  -  8 58  - 32 44 33 50  - 37 45 40 22  - 35 59 42  9  6  -  - 23  - 12  -
  - 13 51 44  6  7 58 25 23 32 42  -  2 46  - 34  - 21  8 31 19  - 49  - 12 37  3 30  - 33  -  -  -  -  -  - 35 20  - 52 47 10 17 29 43 28 53 16 50 40 48  1 55 45  4 14 24  5 41 22
 52  - 31 53 20 38 15 49  7 60 11 21  9 48 57 35  -  2  -  1 56 46  - 17 39  -  5 45  - 18  - 22  - 14 32 27 55  - 24 36 12 30 51 50  6 25  - 59 54 58 47 28 40  - 37 41 44 16 33 43
 48 12 28 41  -  - 40 35 25 56 45 46 21 17 53  - 31 50 22  3 49 27 14 52  6  8 42 37  -  - 24 36 51 55  - 39  - 33 13  4  -  -  - 10  7  5 19 44 23 57  - 43  -  - 20 26  - 30 15  1
 31 15 11  6 35 23 16 44 26  -  - 60  - 59 29  7 30  4  9  2 43 20 39 21  3  - 49 41 47 45 12 25 18 28 38 13 40 55 48  - 54  - 58 19 52  - 17 33  -  5 57 37 10  - 34 53 27 24 32 14
 29 42 43  - 25  4  - 58  -  6 34 20  7 47 26 13 32  8  - 21 23 38 15 55 41 53 17  -  -  -  - 37  -  2  - 30 24  3  -  5 60 16 35 14 18 12  - 52  - 28 45 50 27 48 44 46 22 54 36  -
  8 25  - 60 47 26 31 51  5 42 28 27 45  -  -  2  3 16  -  - 39  - 53 32  1 41 35 33 54 58 48  6 14 46  -  - 18 34 21 23 52  - 59  -  4 43 30 40  - 36 56 12 57 15  -  -  - 44 10  -
  3  -  - 47 22  1 37 40 50  - 60 19 39 26 34  5 57 56  7 52 44 24  -  -  8 55 51  -  9 13 38  4 10 53 12 14 16  - 25 59 31 18 21  -  - 27 36 48 35 49 15 17 45 28 42 30 33 46 54 41
 33 20 25 54 18  8  7 19 58  - 51 23 22 24 40 17  -  - 55 57 47  -  - 14 26  - 53  -  4 39  6  2 13 48 56 31 10 44 11 34 42 41  - 28  -  -  3 49  - 45 30 52 36 16 50  - 15 12 59 29
 16 36  -  -  - 47 30 45 49 34 18 17 42 40 12 58 14 60  4 10 38 32 27 25 54  - 26  - 37  -  8 11 48  -  1  - 56  - 44 43 46 55 28 22 24 57 35  7 29 41 23 51 53  -  6 19  3 59 31  -
  -  6 37 48  8 25 54 42  -  - 33 18 14  3 56 36 28  - 34  - 31 52  4 11  2 16 59 22 46 43 53  - 55 45  7 51 58  - 27 17 21 20 41 24  -  - 60  - 30 10 26 35  - 29  1 40 12  -  9 19
  -  - 59 40 36  2 57 12 28 21  3  - 25 60 18 27 16 33  5  -  - 11 48 29 53  - 39  - 17 56 23  - 30  8 15 43  1 14 38 44 51 47  4 58 10  9 13 31 34 24 32 20 22 52 19 54 49 37 26 42
 26  3 49 36 42 52 39 23  1 38  - 31  5 44 27 55 25 28 16 30  - 50 60 41  4  - 20 32 51 40  - 14 11 13  6 53 46  - 47 33  8  7 34 15 22 59 29 35 57 21  9 10  - 18  - 12 45  -  - 37
  6 56 16  1 40 35 12  4 32 50  - 34 53 58 42 20 43  -  -  - 33 44 18 10  -  - 60 27 14 11  -  -  -  3 55 37 48 49 41  - 13  - 38  - 47  8 54  - 19  7  -  5  -  - 25  - 31 29 39 36
 28  -  3 27 46  - 48 31 10  - 43  9 58 54  8  -  4 37 33 25  - 59  1  -  - 32 23 18 45 42 14 12 44  7 16 34  -  2 57 21 17 36 52  - 35 30 15 29 38  - 51 49 24 22  5 55 13 26 60 40
 43 58 20  - 60 50  4 14 35 12 24 22  -  - 52  - 21  3 30  - 45 10 57 40 49  7 47 39 18  - 32  - 38 34 37  - 13 59  2 53 16 28  9  - 31 26 44  1 27 56  - 29 48 33 11 23 19  -  6  -
 50  - 53 23 45 28 14 33 57 22 48  7 41  - 35 46 55 29 25 37 52  - 12  1 60 10  9  - 24  - 17  - 20 39 47 49 11  8  - 19  2 51  - 26 36  - 27 42  - 59 58 30  5 44 31 32 40  6 21 16
 54  - 19 15 27 34 21 56 36 51  - 49  - 33 58  1 60  -  6  5 17 13  - 59 45 28 55 23 40  - 52 29  -  4 46 48 14 53 22 18 35  9  7 32  - 31  -  2  3 50 39 24 30 47 16  - 26 43 37 10
  7 47  6 46 13 19 22 28 34 58  5  - 57 55  - 18 33 38  -  8 42 16 54  - 32  - 50 43 20  2 36  - 40 49 35 15  9 39 53 14 45 17 10 44  3 48 41 25 37 11  4 27 12 59  - 60 52 23 51 24
  - 17  - 56 10 12  8 22  4 44 21 25 59 23 41  - 48  1 52  7 57  - 13 53 11 49  2  - 29  5 55 60 47 31 34 18 30  - 54  - 58  - 45  - 15 38  - 39 32 33 40 26 42 24 46  9  - 27 28 50
 17  1 55 33  2 51 32 10 44 14 12 41 27 45 25  - 47 13 24 50  4 40 42  3 16 15  - 60  - 52 37 28  -  - 57 11  - 48 36 35 53 19 39 30 46 49 56 18 58  -  8 21 34 26  -  6 54  9  5  7
  - 22 35 37 44  -  -  - 42 20  - 59  3  -  4 60 40 54  - 12 29 34  9 16  - 46 18 49  - 55  2  - 53 10 17 50 52 57 56 15 41 25 23  -  5  -  - 27 26 14 13 39  - 51 38 48  1 19  - 47
 24 30  - 19  - 32 56  2 16  - 20  3  - 52  -  - 58 25 41  -  7 33  -  - 27 42 12 31 10  -  - 34  - 60 36 45 28 26 39 29  5  - 55  8 51 18 22  - 21 38 53 15 46 50  -  1  4 40 35 11
 15 54  - 12  -  - 23 21  - 30 22  -  1 51 49 37  8 27 31 60  - 19 34 56  -  2 44 24 16 20 11 26 33 38 18  5 57  -  -  6 48  -  -  7  - 36 32 45 39  -  - 25  -  9 13  - 55 53  -  -
 12 10 56 21 39  - 13 57 29 11 38 15 18  4 17  - 51 20 44 32 16 36  2 60 42 26 30 54 55 19 49 50 25 33 23 52  7  - 43 24  - 22  -  1  - 14  5 34 45 31 46  8 28 53 41 27  -  - 58  6
  - 19 50  -  - 31  2  -  - 41  6  - 17 14 46 32 34 58 45  - 55 56  - 47  7  9  - 38 27 59  - 20  4 21 60  3 22 29 52 48 39  8  -  - 44 53 49  - 24  - 12 11 13 37 35  -  - 33  - 28
 39  - 54 26 16 24 51 30 27  3 49  - 15 13 10 14 11 19 57 56  5  2 37  - 58 48  - 25 43  - 59  - 34 50  - 12 23 36 17  - 40  - 20 31 29 41 38 55  1 46  - 47 44  - 45 33 60  4 18  -
  - 33  7 22  - 15 26  - 52 45 44 58 29 56  - 21 49 51 12 24 27  8  3 30  -  - 43  - 48 25 39 10 46 57  - 35  -  - 50  - 23 37 14 60 16 34 47 41  9 17  5 54  - 55 53  4 38 42  1  -
  9  2 38  - 26 60 42  3 19 53  -  5  -  - 16  6 13 10  - 28 24  -  -  - 56  -  - 15 59 57 46 47  - 20 27  - 36 43  1 55 14 50 29 35  - 58  4 37 48 22 34  7 52 17 23 21  -  - 11 30
  - 24 45 58 56  9 53 50 43 31 29 54 16  - 44 38  2 26 20  -  -  7  -  - 51 12 13  1 52 22 41 19 39 36 21  -  5 15 37 30 55 32 27 23 25 11 42 60 46  8  3 34 35  - 14 57 18 17 49 59
  -  5 42 59  -  3 46 55 60  -  - 47  4  8 31 30 44 32 58 15 41 22 51 13 20 17 11 57 50 28  - 18 35 40  9 33 34 37 19  1 25  - 48  6 53 24 26 10 43 27  - 38 21  -  - 49 56 36 23  -
 49  8 57 25  - 48  -  - 41  - 53  4 13 32 50 47  -  5 36 46  - 21 45 37 14 44 58  7  -  - 60 38  6  - 52 55 26  - 18 51  9  1 11  - 17 22  - 28 40 12 31 56  2 43 33 35 16 20  - 15
 30 40 47  - 17 56 52  - 13  - 46  - 50  7 24 59  - 48 51 19 21 18 41 34 22  - 10  - 15 26  - 32 58 23 28 20 53 11  8 49  - 35 37  5 38 42 14  4  - 60 43 55 54  3  2  -  9  -  - 39
 46  - 60  - 57 18 29  - 14 54  2 52 30 11  - 51 20 15 37  6 26  - 22 24  9  1  - 34  5  - 25  - 28 17 33 40 44  4 23 16  3 45 43 42 19 21 48 56 41 55 50 58  - 10  -  -  8 31  7 13
 40 11 36 39 41 29 47 18 24 15 17  - 12 49 59 16 19 14 27 35 48 57  - 45  - 34 22  4 31  1  - 42  8 43 13  - 54 32 55 60 33 38  -  - 23  7 28  9 56 37  -  6 51  2  3 20 30 25  - 21
  1 57  8 28 19 37  -  5 40 49 10 53 46  6 20 24 50 52 56 42 11 43 25 36  - 45 27 48 39  - 34 13 16 12 22  7 33  - 30  - 59 44  2  3 54  - 23  - 51  9 29 31 38 41 26 47 32 15 55 60
 25 28 48 29  -  6 36 37 30  2 59  - 11 10 32  -  7 35 39 53 15  - 56  -  - 14 34 26 23 50 20 16 17  - 44 58  - 38 49 31 24  4 60  9  1 33 51 46 13 43 54  - 19 27  8  5 57  -  3 18
 21 49 41 55 52 27 28 16 37  - 32 57 36  - 13 12  -  -  - 43 35  - 44  5  - 40  8 51 33 23 58  - 31 11 29 19 50  -  - 47  4  - 54 39  -  - 34 20  7 53 22 59  -  -  9 42 48 14 56  -
  - 60  - 18  5 40 33  1 20 43  4 24 47  - 19  8  6 44  3  - 58 49  - 38 10  -  -  -  - 48  9 15 32  -  2 54 45 22 12 41  - 11  - 51  - 13  - 53 55  - 16  - 17  - 39  7 35  - 52 23
 20 21  - 16 32 49  9  8  2  1 58 37 34 25 23 26 36  - 17  - 22  -  5 39 31 33 14 10  -  - 15  3 52  - 19  - 43  -  - 13 29 27 12 59 50  - 46 38  - 54  - 18  -  - 55  - 47 45  4 57
 13 27 18 24  - 10 20 48 11 46 54  - 23  -  5  - 22  9  2 17  6  -  8 33 28  3 52  - 56 21 26 30 15 29 41  - 47  - 14 58 50 59 53 38 49 55 37 51 16 42  7 40 43 12 36 31 39 35 19 32
  -  - 39  9 43 14 10 15  -  5  7 30 20  1 55 41 23 34  - 13 54 42 52  6 19 29 45 35 12 27 31 46 36 47  - 56 37  -  - 50 28 48 57 53  - 32 18 17  -  4 24 22  - 11  - 16 58 60  - 44
 58  -  - 34 15 16  3 26  - 36  -  2 48 35 47 23 56  - 18 33 28 17 55 57 30 43 38  - 25 32  4  8 12  - 40 44  - 45  -  - 27  6 42 20  - 19  - 14 53 51 10 60 39 54 52 59 46  - 13  9
 57 51 46 43 48  - 44 38 55 19 39 29 49 41 11 22 18 40 59 20 53 35 50 27 47 54 28  - 30 31  -  5 60  -  3  4  -  6 33 56 15 34 24  - 14  2  9  -  - 32 21 36  1  8 10 45 42  7 16 12
 22 23 58  2 28 44 55  - 21 16 15 56 40 36 37  9 24 17 43 47 60  4 31 50 48 51  1  8 13 53 35  -  3  - 42 32 12 25  5 26 57 29 19 54  - 10  6 30 59  - 18  - 41 34  - 39 20 38 45 46
 14 55  - 52  - 41  6 24  -  - 36 43  - 15  7 11 12  - 49 26 34 31 16 19  - 38  4  -  - 35 50 48  - 27  -  - 42 21 45  9  - 40  3  - 60 46 59 54 20 39 37 23  - 13 18 44 28 58 47 17
 60 16  4 14  - 45  -  -  - 23 50 38 55 53 36  - 52 46  - 59  3 47 11  8 29 35 41 17 28 12 30  9  1 37 48 42 21  7 26 20 10  5  6  -  - 40 57 58 15  2 44 33 25 31 51 24  - 56 34 54
 32  - 30 35 34  - 45  - 17  7  - 55 56  - 15  - 29 41 23  - 37  6 10 44 46  - 25 28  -  9  - 31 59  - 58 24  - 19  4  - 38 12 47 16 33 50 20 26  5  1 49  3  8 21 22 51 14 13 53  -
 59 35 34 10 58  -  - 47 39 18 26  - 43 22  9 53 41  6 38  - 30 48 20  4 15 21 46 11 57  -  - 27  2 56  5 28  - 16 31 45  7  3 40 13 55 37 33 24 42 29 36 44 23 49  -  - 51 50  - 52
 19  - 29  - 30 53 24  - 38 28 16  -  6 31 14 48  -  - 26 54 59 55  7 18  - 22 37 47 32 41  -  1 57  -  - 46 17 51 60 42 56 13 44 36 27  -  - 11  2 23 33  9 20  -  - 15 25 10  -  3
 45  7 26  3  - 58  1 11  -  9 55  - 38  - 43 44  - 23  -  4  - 39 29 20 13  - 48 53 35 16 27  -  - 59  - 25 31 50 46  - 30  - 36 37 21  6 52  - 33  - 19  2 47 32 15 34  - 41 17  -
  - 43  1 11  9 21 60  - 45 48 19 51 26  5  - 42  - 18 15 14 40 53  -  - 33 13 54 16 41 46 56 58  - 44 10 59  - 52 29  7  6  - 25 27  - 47  8 50 28 20 35  4 37 30 57 36  - 22  2 31
 38 32 12 30  1 59 50 36  - 26 37 42 10 19  - 31  5  - 14 23  -  -  -  2 55 56  7  6 34 47 33 49 27 15 11 21 25 13 20  8  - 39 16 18 45 52 58 57 22 44 28 46  -  - 24 17 29  3 43 48
