2880
 43  - 11 23 27 39 55 54 15  -  - 41  4  1 19 16  5 21 18 50 36 56 14 12 49  8 58  - 32 48 26 40 33 45  -  6 42 46 53  9 47  - 37 60 35 13  - 57 51 29 25 24 59 52 38 22 34 17 31 30
 50 57  - 13  5 30 25 42  - 44  - 32 27 23  -  7  - 37 53  -  -  9 24  - 20  3 38  - 60 41 33 48 49  - 31 11 46 14  1 29  2 17 52  6 22  - 28 45 19  - 39 36 56 34  -  - 35  -  - 51
 54 13  2 22 10  - 46 39 12 42 53 17 47  - 20 50 30 52 35 37  -  - 26 51  6  - 45 55  - 29 59 21 60  -  -  1  4 24 32 38  3  - 23 58  9  - 56 28 57  - 40 44 25  - 41 18 31 43 34 49
  - 43 47 35 17 42 18  9 22 59  - 49  - 33  4  - 51  3 19 26 39 58  6 31 10 15 40 32 27 53 29 57 12 30 34 38 56 60  - 46 23 11  - 55 24  - 20  8 52  7  - 54  - 48 36  - 44 45 16 28
 52 25 19 14 12  -  - 30 48  3 29 11  - 58 10 24 34 15  - 51 35  6 54 37 55 32  7 22  - 45 44 16  -  -  5  9 26 33 38 21 27  8  - 49 47 43 59  2 39  - 41 17  1 56 60 50  -  4  - 53
 45 49  - 10 20 27 12  3 38 37  - 46 33 15  - 18 28 25 36  6 54 29 30  - 26 41  - 11 58 51 52  - 57 21 13 40  - 22 42  -  - 55  -  -  5 16  - 24 35  8 44 43 48 23  2 59 50  1  -  9
  - 48 18  -  1 56  -  -  -  - 15  5 39 50 52  6  - 32 24  2  - 43 51 19 38 36 28 57 13 27  - 26 11 59 23 33 16 17 10  - 49 58 53  - 25 35 12  3 37  -  - 41 55  8  - 60  -  9  4 22
 21  - 49 53 54 26  - 31 11 13 22 51 59 20 32  - 40  - 34 41  -  5 48  8 30 24 50 39 29  - 15  2  - 37 38  - 33 35 55 25  4 43 58  7 42 12 17  1 18 44 45 52 28  3 27  - 60 57 10 56
 59  - 42 54 29 37 19 28 51 33  - 23 22 55 46 31 26 53 11 24  8  - 60  - 27 44  6  3 56  2 36  - 30 43  -  4  -  -  9 47  5 20 17  1  - 32  - 52 10 15 14  -  - 40 49 34 38 41 35 57
  -  - 32 24 40  - 13 36  - 49 43 10 54  - 48 38 53 14 20 31 25 23 33  2 28 50 17 16  3 44 30  - 39 60 22 37  1  - 15  8 11 29 26 57 27  -  -  - 58 47  - 55 35 12  -  9 19 52  5  -
  -  - 60  8  6 43 56 51 53 25 52 31 57 39 27 20  9 13 37  5 45  -  - 42 11 38 41  -  -  3 10 34  7 24 21 28 18  - 17  - 12 30 47  4 15 29  - 36 54  -  - 46  - 49 26  - 14 55 22 40
  - 36 57  6  -  - 30  - 16 27 23 37  - 24 22 12 38 11 17 35 42 33 10 34 39 56  2  8 15  4 28 47 46  9  -  7 59  - 29 43 45 49  1 25 41 53  - 48 55 14 19 20  3  - 50 52 40 58 44  5
 10 55  - 39 15 16 36  - 46 31  1  2 21 22 34 26 13 24 47 17  7 54  9 52 37 12 33 30 42  8 56  -  6  - 48 19 20  -  -  4 28  -  5 53  - 51 11 32  -  - 57 35 44 25 40  - 23 29 38 59
 33  9 40 49  8 59  -  6  - 53  7 39  - 56 17  - 20 36 42 38  5 28 16 25 57  - 31 24  - 34 60 27  - 55 51 10  - 32 35  - 44  4 11  - 18  3 48 23  - 46 26  2  -  - 29 45 30  - 19  -
 37 33  - 12 43  - 48  - 55 17 34 56  8  - 40 54 27 51  9 36  - 10 49  - 29 58 22 53  - 16 41 50  1 23  - 35  5 57 46 15 30 21 18 44 14  - 26 47 59 25 32 45 60 38  6 24  - 19  2 52
  - 14 25  -  2 12  8 59 34  4 42 20 32 52 44 15 56 49 38  -  - 60  - 36 40 19  - 54  - 22 45  -  -  1 18  - 53 55 28 26 41 16 51 47  3 39 43 11 50 10  5  7  -  6 24 30 13  - 46 29
 26 44 14  7 57 50  6  - 23  8 24 34 10 11 16 49 33 38  -  -  2 55 13  9  - 45 25 41 37 59 58  - 20  -  - 54  3  - 36 28 31 39 29 17 40  1  - 46  -  - 51 30 52 43 48 32  - 42 60  -
 60 46 48 28  4 41  - 25 59 36 10 42 19 30  -  9 24 12 55 49 52 13 34 44  1  7  - 35 47 40  -  - 22 50 39 16 32  - 43  -  -  - 56  3  - 57  2 26 15  - 27 53 23 51 21 37 17  5  - 33
  -  -  -  -  3  5 49 52  - 28  - 18 20 53 33  - 48 31 14 25 13 35 47 27  -  1 59  -  - 15 17 36  4  - 50 23  9 56  6  - 54  - 38 42 46 55 19 29 60 21  -  - 41 16 43  -  - 34 32 12
  - 39 53 25 60  - 11  - 40 52 41 30 24 27 14 28 29 34 13  4 22 31  7 35 19  - 36 18 38  - 43 58 23 12 26  - 15 37 21  -  -  1 50  9 48  8  -  5 16 59 55 57  6 32 20  - 45  - 51 54
 47  - 22  - 46 38  - 60 19 14  -  -  3 59  - 57 43 58  7 40 16 11 52 23 35 34  -  - 54  - 51 53 50  - 33 26 29  5 18  - 36 37  -  8  - 31 44 10 42  1 48 32  2 45 17 25 56  6 21 13
  3  - 17 40 13 18 51  - 21 12 50  1  5 46 31  -  -  8  - 16 10 49 55  - 47  - 29 43 39  -  4  - 36 28 24 58 22 20 27 45 57  - 32 35 30  - 23  - 48  -  - 11 19  - 14  - 41 56  - 44
 11 21  4 27 14 52 10 20 31  - 16  -  9  - 51 30 41  - 29  7 57 47 35 17  -  2 34  - 46 26  - 33 32 25 15  -  8 58 54 59 60  - 28 38 44 45 39 56 49 36  1 13 24 37 19 12 18  - 40 55
  9 53 52 41 16 20 26 27 44 58 46 55  -  - 42  - 10 56 45  - 23 50 19 47 15  6 51 48  1 39  7 25  -  5 28  - 54 29 37 18 40 14  - 22  2 24 35 30  - 13 21 12  - 33 34 57 32  3 59  8
 51  3  9 34 35  7  - 24 18 40 37  - 42 28 11 45  2 57  -  - 30 21 25 38  -  - 52 47 55 10 12  - 14 54  - 59 13 27  -  - 20  - 36 32 26  -  - 50 23 22  4  - 46 31  - 56  6 53 15 58
 17  -  - 36 49 57  3  4 60 32 54 59 40 37 23 48 35 41 51 33  1  -  -  -  8  - 30 29 52  - 27 22  5  -  - 25 14  9 31 55 53 46 44 28 34 56 13 20 43  - 16 21  7 50 42  - 24  - 12 26
  1 52 55 37 42 32  - 10 54 43 18 33 50  4 60  -  -  7  - 58 11 51  5 13 22 21 35 31 17  - 20  9 27 48 59 57 30 45 34  2  -  - 40  - 23  - 47 38  -  - 49 28 39 46 12 14 36  - 53 16
 28 38 20  -  - 10  - 32  1 26 48  6  -  - 12 52 58 47  - 15  - 41 50  - 23 59 11 56 45  9 34 44  - 18 54 60 40  -  2 37  7 19 46  5 29 36 16  -  - 27 42 39 49 14 25  -  8 30  -  4
 32 24  -  -  - 45  - 41  4  -  6 19 35 47 50 23 39 54  -  - 46 16  - 56 52 51 37 10 14  -  1 59  - 17  3  5  2 28 11 53  9 15 25 20 60 49  - 55 44 26 29 40 21  -  8  - 43 36 27  7
 13 54 29 26  7  9 57 16 41 20 21 38 55 32  1 35  3 22 58  -  - 45 44 33 60  4 56  - 48 14  - 23  2 19  - 18 31 11  - 52 25 50 27  - 36 28 40 42 34  6 10 59 53 47  - 46 12 24 17  -
  - 11 35  4 56 49  1 19 20 22  -  - 30  8 38 53 37 45  - 47  -  - 57 24 25  5 21 14  -  6 39 43  - 44  9 36 55 50 16 34 52 51 54 18  - 26 58 13  2  -  7 29 27 10 15 31 48 60 41 42
 41  6  5 46  - 28 14 34 29 38 32 58 31 36 18  -  4 55  - 27 59 15  - 53 12 26  -  1 24  - 11 13  - 20 60  3 43 49 50 22 17  9 42 23 45  -  8 33  -  2 37 48 51 21 56 44 10  - 57 39
  - 40 56 30 31 15 41  2 33 24 36 28  - 34 57 22  - 17 32 60 14  7  4 59  - 42 54 45 26 55 16 12  9 47 53 39  - 19 44  3 13  -  8 43  - 20 21  -  - 18  - 50  -  1 37  6 58 48 23 10
 29 28  -  - 26 24  - 15 43  -  4 36 56 21 13 17 44  2  -  -  - 40 32 22 53 48  5  - 12 58  - 51 55 41 49 47  6 39 14 57 59 31  - 16 33 27 60  -  - 37 38 25 42 30 11 54  - 18 50 45
 25  5 34 20  -  - 31 17  6  -  - 26 12 35  9  -  -  -  4 19 48 30 36 45 58 47 57 50 44 56 38  -  3 27 37 15 51  1 60 24  - 23 55 21 52 59 49 18 14 41 28 42  -  2 32  8 11 10 33 46
 15  - 27  2 18 33  - 26 49 41 20 29  - 14 45 21 32  - 56  3 47 57 43  7 17  - 55 60  - 24  - 28 31 53 44  - 12 48 25  6  8 13 19 34 37 54  9 35  - 38 46  4 10 59 22  1 52  -  - 11
 12 60 39 50 51 53  2  - 47  1  - 45 16 38 30  - 59 33 49 54 21  4 46  -  - 22  3  - 19 25 14 42  - 40 41  8 17 15  5 27  - 18 34 56 32  - 52  6 11 24 58 10 26 36 28  - 20 35  7 43
 20 41 54 59 36 31 32 29  2  7 12  9  -  - 21  - 42 27 43  1  - 37  - 60 16 14 23 19 50  - 13  - 18 51  -  - 44 38 26 11 46 48 49 52  8 30 45 17 24 53  - 22 33 57 35  3  - 39 28  -
  5 27 37 60  9  6  - 43 32 46 19  3 25  - 35  - 36 28  8 20 51 39  - 26 33  - 48 12 30 49 24 11 34 42 16 50 52  -  4 23 21 53 15 10 57  7  - 44  - 17 22 58 13 29 18  2  -  - 45 41
  - 15 43 17 21 25 29 56 35  - 59  - 36 44  - 40 11 18  3 52 49  - 41  -  -  - 47  -  - 20  - 38 53 22  - 34 23 26 19 14  -  5 13  - 10  -  - 16 45 30 33  9 32  - 55 51  7 12  - 37
  - 32 46 51 19 29  -  1 50  -  - 27 23 43 53 56 25 16 30  - 24 38  - 39  - 54 10  6  - 37 55 14 35 58  8 17 47 52 12  -  -  3  2 31  4 42  - 59 41 11 34 18 40 15 44 49  9 28 48 21
 56  -  - 52 25  - 39 45 17  5  - 43 14 49 59 46 57  4  - 12  -  3 58 41 50 10  1 21 53 30  -  -  - 16 36 27  -  -  -  7  -  -  6 29  -  2 37 31  8  - 54 26  9  -  - 40 42 15 20 18
  - 37  8 15 52 54 50 18 10  6  - 44 46 42  - 14 21 29 25 28 31 12 38 49  - 40 20  2  - 35  - 41 47 56  - 51 58  - 39 60  1  -  3 48 43  - 30  9 53  -  - 34 36  7  - 26 59 22 55 23
 34  - 13 32 39 46  - 12 58 55 40  - 15  3  2 33  8 26 52 30 44 48 28  6 56 23 49  5  4  1  - 17 42 38 47 20 25 53 45  - 50  7  - 36 11  - 51  - 27 31 43 19  - 54  9 16 37  - 14 35
  -  - 51  3 55  4  - 49  - 47  5 60 48 16  - 27  - 39 59  9 50 18 29 57  7  - 13 34 11  -  - 19 43  - 58 56 37 36 41 44 32 54 14 45  -  -  -  - 26 35  - 23  -  -  - 28 21  - 24 15
  6  -  - 55 32 17 21  - 57 18 14 13 53  -  7  3 60 42 39 29  4  - 23 48 51 49  8 44  - 43 22 45 40 26 12 52  -  -  - 36  -  - 31 37 58 33  1 34 25 19 50  - 54 11 16 35 28 46  - 38
  4 29 21  - 11 36 52 23 24 48 44 14  7  2  -  - 22  9 16 53  -  1  - 58 42 27 19 26 41  - 40 54 10  - 17 13 57 47 51 39  6 45 43  - 56 25 32 37 38 55 20  - 15 28 59  5  3 31 30 50
 53 10 16 45 48 19 43 13 36 11  -  - 29 60 47  4 12 59 23 21 20 27 56 40 41 57  -  -  9  7 54 46 24 33  6 22 35 51  3 42 26 52  -  2 38 50 55 15  - 49  -  5 37 44 30 39  - 32 58 31
 19  - 50  9 22  1 28 47  -  -  -  7 44 12  6 32  -  - 60  -  3 34  - 15  - 30 24 23 59 31 57  8 17 39 40 45 48  - 13 33 43 38  - 26 21 41 14 25 56 54 18 49 58  4 53 10 46  2 52 27
 27 19 15  - 33 47 45 46  3 35  -  -  -  - 36  - 16  - 10 55 12 32 31 54  -  - 44  9 40 42  5 49 48 34 11 29  -  7  -  - 58 25 41 13 53 52 22 43  - 51 24  - 57  - 23 20  - 38 18  6
 36 26 33 31 37 40 24 58 27 51  3 47  -  - 39  - 55  6 57 56 28 25  -  4 44 60 42 52  7 50  -  1 59 32 30 12  -  - 22 49 38 10 16 19 17 46  - 14  5 43 23  8  - 41  - 53 15  -  9 48
 30  - 44  5  -  2 22  - 45 54 17 12 37  - 24  - 19  - 31 34 32 52 18  - 43 29 27 28 49  -  9  - 58  3 20 48 10 16 47 13 39 35 59 41  1 23 36 21 46 57 53 33 11 42  4  - 26 14  - 60
 40 18 26 47 24 14 34  -  -  -  - 48 11  7 58 10 45 35 15 44 37  2 22 20  9  - 43  - 21 52 25  - 13 46  1  -  -  - 23 56 55 57 30 39 16 19 27 54  6 32  - 38 31 60  3 41 29 33  8 36
  - 22 28 43 23 34 37 35 14 21 57 52 49 41 25  5  7 60 26 59 19 24  8  1  3 11 12 17  - 46 48 10 29 15  -  2 39  - 20 40 18 32 33 30 55 58  -  -  9 42 13 31  - 53 51 47 16  - 54  -
  -  8 23  - 45 44 33 11 39 30 28 54 38 29 49 58 50 48 27 46 40 59 12 16 32 25 26  - 34 18  2 37 56  7 14 42 19 31  -  5 35 22 24 15 51  -  3 53  1 52  9  6  4 13 10 21 57 47 43 20
 22 59  - 33 41 23 15 40 56  9 49 57  - 10 28  - 14 30  1  8 34 26 37 55 46 18  - 27  5 54  -  - 16 35 42 44 38  - 58 31 19  - 12 51 50  6 53  - 21  - 36 47  - 17 45  7  2 20 11 24
 16 31  1 38  -  - 44  -  5 60 27 53 41 51 55  -  - 46 54 13 58 14 15 29  4 43 18 25 10 36 21 35  - 49  7 32  - 42 30  -  - 40 57 11 19 17 33 22  - 48 12  -  8 20 52 23 47 50  3  -
  - 12 38 29 30 51 54 37  - 15 35 22 17  -  3 39  1 10  2 11  - 53 40 18 36 28  - 59 25 32 23 52  8  4 45  - 24 34 57 48 14 44  7 46 13  9  6 58 33  5 47 27 43  - 31  -  - 16 42 19
  - 35  - 16 47 22 58  - 30 10 13 25 45 40 54 29 18  -  -  - 17  8 39 32  2 55  - 51 23 11 37 24 38 31  - 49  - 21  - 41 42 28  4 14 12  -  -  - 36 33 52 60 34  9  5 43 27  - 26  3
 18 42  6 44  - 55 47  -  9 50  -  -  - 31 43  2 49 19 33 48 53 20 17  -  -  -  4 13  - 28  8 29  - 10 35 41  -  - 56  - 24 34 60 59  -  - 15  - 12  -  3  1  - 26 57 27 54 40 25  -
