2880
  - 19 32  - 25  8 49 28  7 38 50  - 30 10 18 45 54  -  - 46 57 55  - 12 31 42  - 35 15 22 44  - 11 52 60  -  - 43 41  4 47 40 29 53 23 51  -  -  - 17  -  -  9  -  - 21  5 20  - 56
  3  -  - 41 30 11  8 59 57 34 15  - 40  5 32  - 25  7 49 44 58  - 42 36 43 22 31 56  -  - 53 47 23 29 37 10  - 38 35 55 28 18 50 14 39  - 26  1  4  9 19 20 27 12 24 13 21 60 54 33
 28 37 43 11 35 30 23  -  - 20 54 52  - 33 31 39 21 42 40 58 24  - 32  4 22 38  5  3  6 53 55 44 14 15 34  8 36 10 49 60 26 50  - 29 18  1 19 13 16 47 51  9 46 41 25 27 17  2  7 59
 18 48  - 29 42 24  9 38  -  4 53  2 13  - 10 17  - 46 19 45 60 41 59 21  - 31 56 57 16  3  5  8 33 50  7 37 15 20  6 35  1 11 36 12 43 28 23 58 34 52 44 25 14  -  - 47 51  - 26 32
  2 18 56 26 59 50 47 51 42 55 38  - 37 41 27 15 35 34 60  - 33 58  - 53 49 23 14  1 12  -  9  - 28 48 46  -  - 54  5  -  - 31 45  -  3 30 11  - 13 40 17 22  - 24  - 10 36 16 25 39
  - 52  -  -  - 17 36  - 41  1 28 47 51 16 13 24 14 35 42 21 25 30 46  8 37  - 33 29 34  6  - 45 12  7 32 54  - 18  9  - 48 57 53  - 55 23 22 56  2  - 39 10 11 44 38 26 49 58 43 31
  -  1  9  - 23 31  -  - 29 51 41 13  6 22 35 26 37 52 33  - 21 28 54 32  3  - 12 10 27 58 17  -  - 44  - 46 56 16 42 45 24  - 43  - 34  -  -  - 39  8  - 38  - 15 48 53 57 40  - 25
 33  7  8 34 46 37  2 49 22  - 59 11 21 50  - 48 36 45 27 40  - 26  4 17 20  - 25  - 32 13 23 10 47 58 31 57 44 30 60  6 52  -  - 19 41 12 56 15  9 39 18  1 38 28 53 42 14 29 16  3
 51 26  7 60 24  5 12 34  - 48  -  -  - 38  - 56 49 40 25 32  4  -  - 45  - 29 19 43 36 16 10  - 30 28 53 15 20 59 44 52 57  9 47 50 54  8 41  2  3 55 13 18 35 17 27  6 46 23 58 21
  4 56 47 10 48  7 19 43 23 13 35  5 28 49  8 25 24  - 37 31 41  - 17 44  - 16 42 27 60 15  - 57 59 51 22  1 39  - 53 30 29 55 33 21  6  - 46 50 58  -  2  - 54 11  3 40 26 38 20 34
 27  2  6 19 18 51 56 47  - 45 23 39  7 13 55 37 53 33 43  - 28  4 24 54 40 36  - 41 44 48 58  3 22 34 11 35  -  - 26 14  5  -  -  - 21 16 57 30  - 15 12 32 20 50 60 25  1  9  - 10
  - 57  - 55 60 23 13 37 36 53 18 54 50  - 25  - 22  6 56 52 34 48  9 14 44 49  - 58 33 31 46  - 41 24  - 59  8 26 11  - 10 47 15 35 30 32  - 45  5  1  3  7 40  - 43 29 39 19 17  2
 53  - 19 23 43  2 48  5 10 60  - 56 39  7 26  -  - 31  - 28  -  - 51  1 12 11 59  8  4 41 21 54 46 36 52 40 55  6  - 44 32 15 35 47 27 29 34  - 22 49  -  -  - 58 13 20 30 18  -  -
  - 22  5 12 39 58 51 36  4 54 33  - 15 55 52  -  - 17 18  - 45 47 29  - 21 35 11  - 46  - 50 25 24 53 14  2 26  3 23  - 37  8  -  6  -  -  -  7 60  - 30 40 48  - 44 32 42 13 57  1
  -  6 11  -  3  - 58  7 52 41 34 27 60 53  -  - 29 15 14 24 26 20 12 40  - 21  4 36  - 35 45 28 42  - 54  - 25 48 19 56 13 32 37 38 10  9 50  8 43 23  5  - 31 51 57 16  - 30 46 55
 48  - 28 50 27 46 20 58  - 43 56 16 23  - 33 22 44 19 32  - 35  1 25  7 18  3 15 21  9 38  -  - 10 17  - 34 42 47 39 54  - 24 59  - 45  2  4 55  -  - 37 12 49 30  - 51 52 53 41  6
 23 35  - 31  5 47 38 18 28  -  -  -  - 17 45 34 15 27 20 16  - 49 60 59 41  2 26 33 51  - 54  9  - 25  - 43  6  - 22 21  7  -  -  - 46  4  - 10  1 42 52  - 32  3  -  - 12 44 39 58
 39 41 37 20  -  -  - 19  - 36  2  9  5 56 29 35 12 44 11  -  6 18 48 38 17 53 55 16 52  - 26 49 27  - 47 30 50 34  - 32 25 43 22  8 59 60 14  - 46 54 58  - 13  7  - 28 33  3 10 57
 57  - 48 28 52  1 32 23  2 26 25  4 22 37 47  - 16 51  -  -  - 38 35  -  - 20 40  5  - 12 56 31  - 55  - 42 24 36 58 19 60 13  8 27 14 44 21 54 30  - 45  - 39  6 41 18 10 49 15  -
 37 24 59  - 22  4 33  - 46 19  9 45 35 58 53 29 32 16  - 36  3  6 57  -  8 56 41  7 20 52  1 23  -  5 30 51 49 15  -  2 43 14 18 13 28 25 44 39 50 26 60  - 55 10 12 31 54 48 27 40
 36 59 38 51 54 45 18  -  - 21  1 28 55 52 12 60 39 41 17 26 43 24  - 56 10  9 53  - 30  8 47  -  3 31  6 19 35 32  - 48 42  - 49  2  - 33 20 23 27 34 22  -  -  4  - 37  -  - 44 11
 44 32 54  1 26  -  4 29 60 50 36 30  - 21 51  8 33  3  -  -  -  7 40  9 27 18 48 38 49 28 57  - 31  - 25 16 34  2 13 41 46 39 17  - 24 52  5 53 59  - 55 43 47 42 20 58 15 35  - 45
 43 30  1 56 47  - 39 21  -  - 17 20  9  8 44 40 60 54 35  - 49  - 38 48  - 14 58 25 59 11 31 36  4 16  -  3  2 53 12  - 18  -  6  - 52 19 28 57 37  - 15  - 26 45 33 46 22 50 29 24
  -  -  - 17 50 52  -  - 26 31 16  1 57 39 48 11  8  4  - 42 36 59 22  -  -  -  - 28 47  2  -  - 29 27 13  9 21 46 43 15 14 38 51  3 32 55  -  6 20 35 23 30  - 33  5 41  7 56 53 19
 17 13  - 47 11 25  7 27  - 59 60 49 34 57 15 21 42 48  6 51 16 54 58 39 45 19 18  - 23 29  -  -  - 14 43 31 37 56 46 26  4  - 55  5  9 50 38 36 33 53  - 52 12 40  -  - 24 41 22  8
 13 39 30 37  - 12 41  2  -  -  4 46  - 44  - 47 45  1  3  7  -  - 10 42 35 17  6  - 53  - 59 50 51  - 21 32 23 60 29 20  9  - 16  - 11 15  8 25 19 58 43 24 22 38 34 57 40 28  - 27
  - 15 60  - 55 26  -  - 39 40 52 38 59  - 34 19 28 12  - 17 11 57 30 25  -  - 16 48 41  - 36  - 49  9 56 21 32  -  -  - 50 37 13  7 33 42 31 46 24  6 47 44 51  8  -  5 18  1 45  -
  - 36 23  - 20  - 53  4 12 27 30 19  -  - 22 54 57 39 31  - 50 11  - 35  - 40 44  -  5 33 41 14 25 37 29  7 10 21 24  1 58 52 34 42 38 45 17 32 55  -  6 48  3 49 18 59  -  - 28  -
  - 55  - 45 10  9 43 56  1 22 49 58  -  2 21  3  6 36 34 29 52 42 15 46 30 33  - 51 11  5 24 48 40 32 18 26 13  7 50 57  - 12 23 60  8 41 39 59 38 27  -  4 37 16 31 19 20 54 47 28
 29  - 39 15 33 21 35 60 31 25 26 23 27 24 16 38  9 43  8 57  -  5 20 58 47 50 46 42  - 56 32  - 44 12 48 22 41  1 30 17 45  3  -  -  - 13 51  - 40  - 28 14  - 19  2  - 53 59  4 54
 32  - 53  5 34  6  - 11  - 58  7  -  1 54  - 49 52 10 55 47 38 13 19 15 51 41 21 31  - 25 33  -  2  - 23  - 27 39  8 22  - 46 57  - 48 24 42 37 45  3 36 16 56 35 40 50 60 17 14 43
 30  - 20 38 13 40  -  8 24 47  3 36 18 25  - 33 11 56 57 60 23 35 26  - 58  -  - 12  -  - 37 55  5  - 45 41 28 44 54 42  - 34 48 17  1 14 49 19  -  2 50 59  - 27 16 52 31 43  - 46
 56  - 14 21  6 15  - 16  5 42 55 57  - 43  - 58 48 59 24 37  2 31 49 13 25 27 10 44  - 46 52 29 17 39 41  -  7  4 28 38 12 60 19 51 40 18  9 34  8 45  1  -  -  - 26 11  - 22 50 20
 21 44 25 33 58 60 55 50 15  - 27 53 11 31 17 59 41 18  9 14  1 12 34  3  5  7 36 49 43 10 16 39 37 19 57 48  - 40 51 23 38 20  2 32 26 35 13 52  - 29 24  8  -  - 42 22  4 46 56  -
  5  - 34 30 40 54 25  - 33 37  -  - 17 27 50 53  3  -  1 39 44 43 36 51 15 46 28 59  2 20 12  -  - 22  8 55  -  9 14  7  - 16 24 26  - 56 18  -  -  - 41  -  - 60 29 35 58 11  - 38
 54 12 55  - 41 38 29 48 16 14 10 24 43 34  -  7 19 30 46 59  5  -  3 60  - 13  - 39 37 17 27 42  - 47 49 20  - 23 56  8 53 58  9  -  - 26 33 40  - 18 57  2  - 52 51 44  6  - 35  4
 25 27 52  -  - 49 34  -  - 39 32 59 24 28 37 14 40 20 15 38 48 16  6 30  -  -  1 60 18  - 11 26 50 54  - 45 19 13  - 51 55  2 44 57  - 46 29  3 56 33 35 53  -  9  4 12 43 31  8  -
  - 28 36 39 37 41 17  - 59  5 40 14 16 29  9  1 58 57  - 55  7 32 11 26  - 47 13  - 42  -  4 51 15 38 19 33 31 24  - 49  8  -  -  - 50  6 25 43 48 12 27  -  - 46 56  2 23 34  - 35
  8 40 31 57  -  -  -  3 50 15 29 33 14 47  -  - 20 22 16 49 39 51  7 11 42 58 34 37 10  1  - 30  -  2 55 38 59 28 45 24 36 19 41 54  5  -  - 18 17 43 48 26 53  -  9 23  - 12  6 44
 40  4 15  3 57 42  - 22 32 12 45  -  8 59 49 46 47  -  5 18  - 50 33 41 56 60 38  - 25 30 28 27 20  -  -  6 29 51 36 13 17  - 52  - 58 34 43 44 10 37 53 19 24 39  -  7 16  - 21 48
  1 38 57 18 15 53 37  -  -  8 44 60  4  - 40  9 46 21 12 11 30  -  2 34 59 32  - 20  -  -  - 16 13 33 36  - 54 49 27 47  - 56 42 48 29  5 45 51  -  -  -  6  -  - 17 55 50  7  - 23
 10 42 12  - 44 56 16 20 11 17 46  - 33 23 41  4  - 37 13  6  - 25  8 24 32 30  - 54 45 57 48 52 58 59  9  - 18 27 34  -  -  - 14  -  -  - 53 21  - 51  - 29  5 31 49  3  - 36 40  7
 50  -  - 59  -  - 44  - 25  9 19 42 26 46  3 30  7 49  - 20 37 15 55  6 14 39  - 13 28 45  - 34 32  1  5 27 53 11 21 12  - 48  4 56 16 10 58  - 31 57 54 33 23 22  8 43  - 51 38 41
  - 10  - 22 38  3 46 26 58 11 39  - 48  -  - 36 23 32 47  -  - 56 41 28  1  -  - 52  7 19 51  5 54 45  2 49 12  - 40 16 35 21 25 59 17  - 27 14 44  - 33 31 30 55 50 34  - 24 13 42
 35  -  2  -  4 44 59 13 27 46 12 31  -  -  7  - 26  -  -  - 32  8 16 37 19  - 52  -  - 43 40 60 53 21 17 29  9 14 10 25 49  6  - 28 47  -  - 41 18 11 34 36  - 57  -  - 38 42 51  -
  -  - 21  - 28 32 22 31  - 16 58 44 53 45 20  - 51 11  - 19  8  -  - 29 48 12  9 17 13 60  2 46  7 26 24  - 33 41 57 39 40 23  - 55  -  3 54  - 49  - 56  -  1 34 14  - 59  6 52 50
 60  - 10 40 12 22  - 39 44 30 43 51 56 11 58 41  - 26  - 33 17 29 18  -  7  -  - 24 19 54  - 38 16  6 59 53 46 55  -  3  - 28  -  - 49 37  2 31 47  4  8 45 50 32 52 14 25 21 48 13
 24 17 35 27  2 55 57  - 20  - 13  6 49 15 54 31  4  - 59 48  -  -  - 47 23  8 50 19 29 51 18 33  - 42  -  - 14 22 52 40 21  7  1 39  - 38  -  -  - 32  9  - 43  - 45 60 37 26  5 36
 45 33  3 48 21  - 52  - 14  -  6 37 25 42  5 16 34 38 36 50 10 53 56 55 46 57 54  4 39 26  -  2  - 11 20 17  - 29 32 43  - 59 58  9 15 40  1  - 12 13 31 47  7 23  - 24 19 27 60 49
 42 54 24  2 51  - 15 44 40  - 20 26  -  - 36 55 50 53  7 22 13 21  - 43 52  4 39 32 56  - 19 17  1 35 10 11 45 33  3 34 59  5 31  - 37 57  6 16 14 28 25 58  8 18 46  - 27 47 23 60
  - 31 40  9 14 13 54 41 34  6 22 18  2 48  - 27 55 47 44  1  - 19 43  - 39 25 32 23 24 37  - 58 57 60  -  - 11 50 17 53  - 45 26  - 51  - 15  4 42  -  7 49 16 36 59 56 29 10 33 12
 31  3 58  6  - 33 50 42 56 10 51 15  -  4 24 20 59 28 29 23  -  - 21  -  -  - 30 47 22 27  - 37  - 46  -  -  - 12 38 18 41 35 39  - 13 54  -  9 53 16 14  - 34 25  7  1 11  5  2 26
 34 21 44 42 49 27  6 53  - 24 57  8 31  -  2 18 13 23 22  - 15 60  1 52 54  -  - 30 50  - 14 20 26 41 58 28  -  5  - 37 39  -  3  -  4  7 47 11  - 25 38 35 10 59  - 36 56 33 55  -
 12  - 27 58  8  - 42  1 49 18 24 21 32 30  -  2 10 25 51 34 55 40 53  5 13  -  3 15  -  9  7  - 43 20 50 56 16 35  4 28 31 36 60 33 44  - 48 17 23  - 11 41 57 54  - 39 45 14 19 52
 22  5 18 24 36 14 45  -  9 28  - 25 38  - 46  - 27  - 26 54 59 17 44 20  6 37  2  - 35 21  -  - 52 13 40 12  - 58  1  - 19  - 11 34 56 49 60 47  - 31 29 50 42 48 10  8  -  4 30  -
  7 14 13  8  - 29  3 33 17  - 31 34 10  1 56 32  2  - 54 53 42  - 37 50 36 51  -  - 21 23 35 40  9  - 44  - 57  - 55 11 20 25 27 41 12  - 52 26  - 46 59  - 15  5  6 49  - 45 18  -
 16 58  - 13 31 10 28 24 51  2 37  3  - 19 14  -  - 55 23  - 18  -  - 33 60  -  - 11  1 59 43 53 34 40 12 36 47 52  7  - 27 49 38  - 57 21  -  5 25 56 42 54 17 20 39 45 32  -  9  -
  6  8  - 54  7 19  1 46 55 23 21 17 42 60  -  - 56  5 10 43 47  -  - 18  - 24 45 22  3  - 30 41 38 57  4 14  - 31 16 50 44 29 12 25  - 39 40  -  - 48 20 34 28 13  -  -  2 15 59 53
 20 53  -  4  - 16 14 32  - 49 42 55 29 12  6 57 43  2 41  5 51 27 45  - 24 26  - 18 31 36 34  - 56  8  - 58  3  - 48 59 11  - 10 37 19  -  - 35 28 44 21  - 25  - 15 54 47 52  1 30
 55 46 16  - 19 39 21 54 43 44 47  -  -  - 57  - 18 24 30 13 12  3 50 10  9  -  -  - 58 32 15  -  - 23 35  -  1  8 59 33  6 26 28 40  2 48  - 22 29  7  4 60 36  -  - 38 34 37  - 17
