2880
  9 10  -  -  - 47 49  - 50  5 56 24 21 34  -  - 30  -  - 31 38 36 18  7  - 22 39 52 60  2  8 15  - 19  - 46 45  - 20 27 59  - 16 37 57  - 43 51  -  -  1 32 55  - 41 35  3 33 40 28
 23 58 11 25 21 15 27 40  1 48 37  2  8  -  - 46 33  4 60 35 53  - 36  6  7 56 41 54 13 44 57 14 20 28 16  5  - 24 51 18 42 50  -  -  - 34  3 59 22 12 52 38 47  9 26 17  -  -  - 43
  -  -  - 56 45  8 25 17 43  4  -  - 53  7 16 19 52 32  - 46  9  - 35  - 57 14 24 44 39 41 58 38 55 11  - 37 31  - 13  -  -  2 50 18 40 22 30  6  - 59 60 26 51  -  - 12 54 49 47  3
  - 41  6  - 27 20  - 26 34 39  1 51 54  5 32 37 60 16 43  4 42 47 25  3 28 24 31  - 48 15 19 13  - 21  7 56  - 22 35 38 11  -  -  - 10 33  - 57 30 50 17 12 58  8 45 52 14 29  -  -
  1 38 33  8 39  - 29 27  - 16  4 32  - 13 43 12 18 15  3 40 52  - 56  - 24 11 59 37  5 19  - 46 25  - 49 36 26  2  6  -  -  - 41 20  - 10 23 28  - 58 57 44 35  - 17 55 53 50 30 42
 19 27 44 45 13  - 53  - 26 50 10 49 38  -  3 58 47 33  -  - 16 52  -  - 56 18 60  -  - 14  1  9 41  - 39 15  2 35 36  4 37 55  5 48  - 31  7  - 57  - 25 30 12 29 51  - 11 32 59  6
 18 29 57  -  - 14 41 35  -  -  - 38 13 19  5 30  6  7 11 28 12 54 48 46  2 45 17 31 58 39 47 59 49 24 50  8  3 51 23  - 33 32  - 34 42  9  1 25 16 55 10 22 36 21 37 40  - 60  - 44
 31 12 52  6 46 27  -  - 40 37 41 33 57 42  2 45 28 13 55 20  -  -  - 59 17 48  9 24 32 16  -  -  8 43 51  - 15 54 60 56  -  5 25 53 14  - 22 29  1 18  - 49 19  - 21  3 34 38 10  -
  - 11 32  -  2 35 48  - 29 24 15 26 33 50 18  8  - 44 56  - 19  -  1 58 51 25 23 40  7 59 42 10 47 30 54 55  5 41  9  -  -  - 53 45 43 57 28 22  -  3 13 52 39 36 20 21  - 12 34 17
  - 54 49  - 41 37  3  7 18 51  -  - 24 39  9 42 53 31 17 44  1 16 14 22 38  - 50  - 11 20  -  - 10  4  - 52 19 28 25 48 15  - 12 30 27  2 56 34 26  -  6 33 21 47  -  -  - 13 58  -
 15  - 30 35  - 23 50  - 53 36 14 54 56 22 58 24 20  - 48 11 25 32  - 34 41 38 12  -  - 21  3 37  - 10 31 43 47  - 59 42  2 29  - 46 13  6 52 55 60 27 49  - 28 45  - 16  1 18  4  -
 17  - 23 14  7 51 35 47 33 53  6 37 30 46 38  - 54 39 31 45 28 18 15 41 42  9 11  - 44  - 32 20  - 57 58 12 43 52 16  - 26 56  1 50 59 13  - 24 48  - 21 36  4  -  - 34  -  5  -  -
 20 32 17 57  4 25 40 56  - 52 46 15  7  3  - 11  -  2 59 12 33  - 26 55 53 37 30  - 38  - 43 54 35 58 34 27 60  9 44  - 50 45 13 29 51 19  8 14  - 28  - 24 22 42 48 47 21 10 41 36
  - 42 48 50 14  - 44  3  5 13  -  7 36  - 30 39 59 47  - 24 11 21 32  1  4  -  -  9 55 60 27  - 38 52  - 34 57 23  - 10 51 53 46  2 25 26 49  -  6 15  -  - 17 31 28 20 16  8 22 18
  -  - 50  5  - 42 26  1 27  - 36 44  -  - 31 48  7  9 57 25 47 39 49  8 52 17 54  2 21  3 16 58 24 15 32 20 55 12  - 22 43 13  -  -  6 14 11 19 29 30  - 51  -  - 34  - 45 56 53  -
 29 19  - 15  -  - 13 55 37  6 30 43 47 16 36  -  5  -  - 38 49 10  - 33 11 50  - 20 53  1  -  - 46 27  - 41 25  - 52 58 12 39  4 54  - 45 40  - 32 57 34 18  2 24 56  9  7 48 14  -
  -  6 16 19 49  - 47 51 59  - 20 31 28 12 29 57 14 37 34 32  - 53  - 52 22  - 10  - 18 38  2 60 15 55  9 42 30  - 11 46  1 21  - 35 44  - 54  -  - 23 24 43  7 26  5 56 48 17 39  4
  7 36 34 48 23 57 55 21 32  - 39  5 46 60 19 38  3 59 33  9  - 28 44  - 54 16 29 15 17 56 31 49 30  - 11 50  4 18 53 43 20 12 35 52 22  - 51  - 40 26  8 27  -  1 13  - 10 58  6 24
  - 47 13 34 31 12 37  - 60  3  8  -  - 29 42  - 49 30 58  - 54 46 21  - 26 59 18 55  - 24 23 27 36  9 41 51  6 33 14  -  4 40 20  - 28 16 48 52 44  2 45  1  - 32 43 19 38 39  - 50
 42 21 31 43  3  -  -  - 51  1  - 13 15 48 24 47  - 56  -  -  6  8 58  2 10  - 36 26 16 28 33 23 19 40  - 60  - 30  4 25 55 18  - 11 34 27 41  -  -  - 12 35 32 57 14  - 17 54  5  7
  - 34  -  9 57 40  - 33  2 18 32 52 12 59 60  - 56 38 19 42  - 27 50 45 29  -  -  - 51  8 20  1 43 41 25 24  - 49 10 53 39  - 11  7  - 47  - 35  -  - 31 14  - 44  - 54 13 26 48  -
 30 53  4 46  -  5 45  8 38  - 44  - 32 20  - 36  -  -  -  1  2 43 37 42  - 60 47  - 59  6 14 18 31  -  - 17  - 34 39  9 16 52 48 15 35 41 24  -  - 22 56 29  - 23 54 58 25  - 21 19
  - 14  5 60  6 17 34 22 47  - 11 10 35  - 12  - 23 52 24  -  4 42  - 31 20  2 43 18  -  -  - 21  - 33 46  - 29 16  - 44 36  - 32  - 38  7 25 54 53 49 55 41 27 19 50 28 26 40  3 45
 57  7  - 17 24 34 16 36 55 56 40 41 20 33  6 23  2 26  8 58 35 11 30 49  3 39  - 27 25  5 50  4 51 12 43 44 21 48 22 37 32  1 60  - 45 52 13  9 18 38 54 47 31 15 53 59 28  - 42 29
 60 39 21 12  - 31 32 52 49 54 38  -  1  6 23  - 26  - 50 27 30  2 17 16 37 53 15 19 40 13 25 41 45  - 47 10  8  -  - 20  7  3 34 59 11 29 55 18 46 44 14  - 33 35 24 42 58 51  -  9
  -  - 15 24  - 41 20 19 46 49 21  9 14 57 45  6 38  -  1 23  5  - 33 53 44 31 27  - 50 40  -  -  -  - 26  4  - 55 32 47 13 48 28 43 37 35 39 42  3 34 29 10  - 59 18 60 12  -  - 16
 35  -  - 37 33  3  2 46 44 27 24 40 19 31  1 26  4 10 30 47  - 14  - 29  - 20  - 58  - 45  - 25  - 42 52 57  7  6 34 60  - 36 17  8 55 50 53  - 15  - 23  9 38 28 49 41 51 16 13 54
  - 56 60 33  -  - 23 45 31 47 13 22 17 58 40  5 27  - 28 54 55  - 41  9 49  - 57 46  1 50 52  3 12  7 37 16 51 53  8 59 10 30  6 32  - 48 14 21 19  - 20 11 26 39 29 44 42 25 36 34
 52 57  -  2 18 22  -  5 10  8  -  - 25 55 13 51 32 34  - 36 50 26  3 39 31 46  6 56 23 53 37  7 14  - 24 54 28  - 48 17  - 60 15 27 21 59  - 47 38  - 58  - 43 41 33 49 20 35 45 12
 39  3 58 28 42 30 57  - 24  7  2 55 52  4 11  - 45 35  - 59 23  - 34 44 36 41  -  - 46 27 51  -  - 54 29 14 37 38  - 15 17 16 33  -  -  8 12  5 31  - 47  -  - 43 10 48 19  1 26 21
  -  - 39 47 26  - 51  - 21 57 34 28 55  -  -  -  - 45 36 53  - 35 24 60  -  - 38 23 42  4 48 12 50 44  - 11 16 37 15 54  3 58 29 17 18 25 27 20  5  7  -  -  -  -  6  8 46 41 49  2
  8 49 38 22 30 21 28 34  - 59  5  -  6  2 27 54 40 48 52  - 29  - 19 18  - 55  4  - 36 11  -  - 37 53  3 32 42  7 31 33 44 26 58 23  9 51  - 39 56  - 46  - 10 50 12 25 57 24 43 47
 55  - 37  - 25  -  1 43 39 46 52 57 31 51 17  - 29  - 54 49 18  3  2  5  6 15  7 47 10  - 22  - 44 34 40 30 32 45 50  8 23 14  9 41 19  - 35 27  - 60 42 59 53 13  4  - 33 28 20 26
 38  - 25  -  - 49  7 12  3 17 60 34 18 41  - 32 16 40 42 43 31  1  4 30  5 28  - 13  9 22 10 53 23 47  -  -  - 59 56 21 46 24 26 58  - 20 50 36  -  - 37  - 57 55 39 14 52 45 11 51
  6  4  - 27 22 45 10 20  - 11 29 47 51 26 53  - 39 49 46 15  - 31  - 50 58 19 16 17 12  - 36 57 18 14 48 59 40  - 54 13 60 37 43  1 23 30 21  8  9  -  5 55 34  -  -  2  - 44 35 41
  5 20 43 31 38 44 59  2 54  - 42  - 29 11 15 22  1 24 16  - 58  4 47 19  8 21 13 30 57 55 28 17 56 32 27  9 10 26 33 39 45  -  3  - 50 12 34  - 36 35 40 53 41  6  - 46  -  - 60 49
 59 24 18 41  1 29 36  9 17 43 55  6  -  8 52  -  -  - 37 21 15 19 28 47  - 13 42 34 45 12 54 51  2  -  - 49 35 58  3  - 22 23  - 40 31  - 32 30 25  -  -  7 48 46 57  -  -  - 16 20
 53 18  - 20  - 46  - 58 25 28  -  - 22 23  - 55  9 11 14 60  - 38 59 10 32 36  - 48  3  - 12 44 17 35 33 40 27 21  2  - 56 49 42 24  4 39  - 45 34  6  - 16  1  5  - 37 43 15  - 30
 21 26 55 44 11 10 18 50  4 35 12 20 58  - 57 56 17  5  7  - 34 41 29 37  - 33 32  - 43  9 30  -  1 45 53 13 22 39 38 36  8 15  - 60 47  -  - 31 59 24  3 25 46 14 16  - 49 52 28 48
 49  - 45 21 58 60 43 25 19 38  -  -  -  1 41 28  - 20 18 17  - 13 27 12  - 30 53  7  4 36 35 40 33 37 14 39 52 11 42 57  6 34 10  5  -  3 59  - 55 48 16  8 54 56 23 24  9 46 44  -
  - 60 53 23 43 58 46 30 57 40 49 12 37 32 54 27  8 51  9 56  7 44  - 24 14  1  - 35 15 48  - 31  6 29 19  - 59  - 26 50 28 20 22 10  5 18 47 13 42  -  4 34  3 11 55 45 39 21 38 33
 43 51  - 18 56 50 11 60 20 21 17 53 45 15 37 25 12 57  4 13  - 22 31 27  -  7 55 33 41 29 49  2 34  5 30 38 46 36  - 14  -  - 52 28  -  1 16 48 54  8 39 40 42 10  - 23 44 47 32 58
  - 28 59 54 16 36 39  6 48  -  9 11 34 52 26 10 44  - 32 57 40  - 43 13 35 23 58  - 47  - 53  -  5 49 17  -  - 15  - 29 24  7 38 12  8 60 42 46 51 14  2 56 45 18 25 30 27  3 31 37
 32 55 46  1  - 43 31 44 13  9 59 36  - 54 50  - 35 22 51 30 60 15 11  - 19 58 48 57 33 17 34 39  -  6 42 18 23 10 24  5 40  - 56 21 20 53 45 37 52 25 41 28  - 38  2 26 29  -  8  -
  - 37 51 13 47  6  9  -  - 55 35 21  4  - 34  - 46 50 49 41 27  - 60 25  - 29  3 12 54  - 45 19 58 31 10 22 53  5 40 11 38  8 23 16 36 28 44 56 43  - 30 15 24  - 32 18  2 59 17 39
 51  - 29 53 44 55 12 16  -  - 19  - 41 49  -  2  - 60 10 39 36  -  - 11 30 34 25 50 26 43 18 52 27  -  -  - 56 20  -  7  -  - 47 38  1 58 46 15  - 31  - 45 40  -  3  6  4 22 23 14
 36 31 28 59 50  - 56  -  - 60 33 30 39  9 22  7 10 55 41 34  - 25  - 17 48 35 44 43 14 49 26 47 54 23 38  -  -  8 29  -  5  - 45  6  - 40 15  -  - 13 27 46 52 51 42 53 18 19 37 57
  -  1  - 39  -  -  - 13 41 26 22 56  -  - 33 29 43  3 40 50 57 48 38  -  9 32 35  - 31  - 46  5 59  -  - 19 18  - 28  - 14 11 49 47 30 54 36  - 12  -  - 21 20 37  8  7 60  4 24 23
 16 59  - 52 20  -  4  - 23 33 31 60  5 40 25 43 21 54  - 55  - 56  - 14  1 47 26 49  - 46 39 24  7  - 28 35 41 27 45  - 58  9 44 36 48 15 29 10 17 32 11 13  8  3 30 50 37  6  -  -
  -  -  7 49  -  1  -  - 30  -  3  - 50 10 28 33 22 27 25 48  - 60 39  - 12  4 51 32  8 37 41 26 42  - 45  2 14  - 47 35 53  - 55  - 56 24 18 38 20  - 43 19 23 52  9 15 59 34 57  -
 54 35 24 11 36 59 15 31 58 34 26  - 10 27  - 14  - 42 21  - 32 20 12 48 46 49 56  8 22  - 13  -  -  - 55 45  1 60 41  - 47 44 18  4 16  5  9  2  -  - 53  6 37 33 19 43 50  -  - 25
  2 15  9  7 32 38 19 42 16  - 53 25  - 14  - 35 41  1 27  - 44 59 40 28 43 57  5  - 37 10  4 11 39 26  8 33 20 29 18 34 49  6 31 51 46 56 17 23 47 21 48 58 30  - 52 36 22  - 54  -
  - 23 41  - 59 33  - 18  9 44 48  - 26 24 14  3 55 29 35 51 46  5  - 20 21 43  8  - 19 54 15 32 60 16  1  6  - 13 12 45 34 28 30  - 49 37 38 58  - 17 36 50 56 27 40 10  -  7 25  -
 22 33  -  3 60 52 14 54 56  - 58 27 23 45 59  - 15 18  -  - 26 12 53 57  - 42 19  - 30 32  9  -  - 36  -  - 38 44 46  - 25 41  7  - 29 55 10 50  8  - 51 20  6 17 47  5 40 43  1  -
  -  -  1 26  - 19  6 32 12 30 51 29 42  - 48 17 24 41 53  5  -  7 13 36  - 10 49 39  2 23 40 43 28 25 20  - 50 46 57  3 27 38 59 14  -  -  - 44 45 47 33  4 11 22 60 31  8  9 55 15
  3  9  - 55 10 11 22 29 45 20  7 39  - 38 35  - 19  - 44 52 17  -  -  - 50  6  -  5 24 47 56  -  4  1 13 48 58 40 37 23 18 54 27 25 60  -  - 49 41 51 26 42 14  - 46 33 15 36  - 31
 45 40  - 29 53 48 52 57  - 22 50 42  - 44 49  - 13 46 15 18 39 37  9 54 34  - 21 10 28  -  - 16  3 17 36  - 12 32 27 41 19 59  8 55  -  - 31  4  - 20  - 23  5  7 38  - 35  2 56 60
 25 30  8  -  - 53  5  - 15 23  -  3 11 35 46 16 57 28  - 37  - 58  6 43 39 54 45 41 34  - 29 55  9 38 12 26  -  1 21 49 48 27 36  -  - 32  2  - 50 42 19 60 18  - 22 51 56 20 52 13
 28  - 40 30 55 26 21 39 36 15 43 14 44 47 51 59 25  8 23  -  -  - 45  -  - 27 20 29 49 31  6 34  - 50  -  3 48 42 19  2 57 46 24 33  7 17  4  1 10 16 22  - 60 58 11  - 32 37 12 52
 26  -  -  -  -  2 60  - 22 12  - 19 48 25  - 31 11 58 47  3 56 17 54  4 45  8 14  6 52  7  - 50  - 20 35  1 13 57  5 55 29 42 51 49 41 21  - 43 27 10 15 37 16 53 36 32 23 30 18 59
