2880
 22 43 34 10  4 30 55  - 47  -  - 26 48 51 38 14 49  - 39 28  - 15 18  -  2 16 31 37  7 13 24 36 44 32 41  - 58 60 33 20 17 21  3  - 53 50  9 42 27 12  -  -  -  8 35 29 54 56 52 19
  -  -  - 33  -  - 41 49 16 46 56 29 39 10 14 59  -  - 48 21 54 18 55  4  6 19 28 25  - 27  - 34  -  1 42 36 53  3 51 58  7 32 47 11 30  8  - 45 20 24  - 12 31  - 23 13 60 57 22 38
  -  - 58 48 46 13  - 34 44 24  -  - 42  7 55 29 32 15  -  3 59 41  -  - 10 12 38 21  - 45 49  - 22 51 33 52  5  - 39 60 28 37 57 36  1 18  - 56 54 30 31 16 53 40  - 23  2  8  - 47
 34 37 49 58 30 56  - 59 24  7 17 11 52 47 50 57 35 33 10  - 60  1 44 39  8 13 16 54 29  -  - 48 28 26  -  6 18  - 22  - 32  9 40 55  - 51  - 14 19  2  - 36 23  - 53  - 21 31 43 20
  - 18  - 56  - 51 50  5 36 37  3 52 47  - 44  -  7 49 32 60  - 21 10 12 20  -  2 43 30 33 42  -  - 11  1 45  4 16 54 46  - 34 26 48 28 19  - 59 15 35 40 57  6 55 22  9  - 13  - 29
  - 47 42  - 28 29 49 57 25 59  -  5  7 53 46 55  1 39 30 32 11 52 35  - 48 23 41  9 40 17 51 56 21 14  - 50 19  - 13 18  3 27 16  2  - 60 12  8 44 26 38 24  - 54 10 15 43 37  -  -
 18 31 19 27  6 35 39  - 57 20  - 34 49  8 36 52 14 54 38 37 23 46 25 42 58 51  - 32 33 26 53  3 13  7 11 55 21 17  5 50 45 40 22 29 15 59  - 41  1 28 16  4  - 56 30  - 24 44  2 48
 45  -  - 28 29  - 35 21 40 53 48 32 26 23 12 31  2 19 20 36 24 37 14 55  4 52  -  - 54 16 11 58 43 49 47  5 44  -  9 59  - 60  6  - 18 42 34 30 17 27 10 56 25  -  3 51  - 41  7  8
 31 28  - 25  7 48 59  - 33 21 42 54 50 43  4  - 26 60 52 27 53 29 57 46  1  -  - 55 24  6 44  8 11  -  3 38 10 56 16 40  2 36 51 20 17 45 39 47 30  -  - 13 14  - 58 18  5 23 37 15
 47  -  9 18 51  3 36 52  - 44 54  - 14 19 15  1 50 38 53 40 42  - 17  6 16 55 45 24 41  8 10 37 48 35 21 32 26 59 46 30  4  - 33 12 43 27 31  2  5 60 25  - 56 20  - 28 57 49 29  -
 56 45  - 49 50 37 13 33 59 39  9  -  8 44 10  - 40 28  2  - 18 14 34 15 30 35  -  - 12 31  - 22 53 25  7  -  1  - 58 42 47 16 41 60 24 52 54 11 38 55 36 26 48  - 20 57  -  4  3  6
 32 44 27 26  2 15 14 19  9  -  4 24 37 21 58  - 13 42 59 16  -  - 52 48  - 17 34 36 56 41 57  6 23 55 46 10 43 40  -  1 12 35 39 38 31 54 33  3 53 50  -  - 11 47 51  - 18 30  8 49
 29 32 24 46 59 21 42 11 56 22 12  - 34 27 37  - 33  -  -  -  - 45  1 43  3 40 58 20 49 18 13 39 17 48  2 41  -  4  7 38  - 50 10 54  6 25 51 23 26  5  - 19 44 15  8  -  - 55 31 52
 52 12 31  1 23  6 46  2  -  - 11  - 55 33  3  8  5 27 34  - 19  -  - 17 29  - 30  -  - 10 20  - 56 36 43 13  - 24 48 35 26  -  9 22 38 37 44 18 49 39  -  - 58  - 47 14 28 32 60  -
  -  2 22  8 20 19 32 38  -  - 23 21 43 13 42 34  3 30  1  - 26 25  6 60 47 28 10 53 16 51  - 54  - 18 27 29 24 41 36  9  -  - 45 50 55 31 48  4 59 14 17  5 12 33 46  7  - 35 57 44
  -  -  - 51 55 42  -  4  1 26  -  -  - 25  - 12  -  - 37 23  - 34  - 50  -  5  - 39  - 20 35 52 10 13 16  9 11 54  - 22 46 15  -  - 57  3 56 48 58  6  7 33 45  - 41  2 40 60 38 21
  8  5 39  - 19  1 45  - 14 23  -  9 11 49 25 36 34 17 12  -  -  2  - 13 26 44 54 60  4  - 22 28 51 47  - 21 57 38 31 48 56  -  - 40  3 41 46 15 24 10 42 59  - 32  7 35  - 58 50  -
 48 19 46 43 15 39 10 60 32 14  - 59 12  - 57  - 22 58 50  - 27  -  - 47  9  4 11 16 36 56 34  -  -  - 29  - 45  2 44  5  - 23 52 28 21 40 38 24 13 41 54 51  7  - 42 53 55  1 17 25
  -  -  2  - 12 55 18 26 50 40  - 22  9  - 11 42 20 10 43  5  -  - 37  - 34  3  1 15 48 24 16  -  - 19 23 30 39 44  4 32 38 54 59 41 58 13  7 28 35  -  -  -  -  - 49  - 33 27 21 56
  -  7  -  2 42  - 25 10  - 48  - 39 24 45  5 22 56  - 60  9  - 11  -  - 17 30  - 50  - 21  - 43  - 28 54 16 35 12 52  3 57 31 27 46  - 34  1  -  8  4 55 38 18 41 32 58 44  - 59 53
  2 13 26 12 34 45 54 56 21 33 24  - 22 11 16 51  - 59 31 42  7  5 39 23  -  -  8 17 27 40 46 30  6 58  -  -  9 52 10 28 41 19 38 15 37 29  4 35 55 57 60  3  -  - 50 43 36 47 49 18
 10  3 16  4 41  -  1 46 30 43  - 14 33 56  7 32 38  6 55 34 40 54 12 53 22 18 20 13 11 39 52 60  -  - 17  - 15 51 57 26 25 24  5  8  - 44  - 21 28  9 47 45 49 42 37 48 27 29  - 59
  - 20  - 37  -  5  - 29  - 34 10 19  3 15 35 43 46 53 57 17 52  - 24 44 18 60  -  - 23  - 56  9 54  -  4  7  - 50  8 16 40 33 58 14 32 12 42 25 31  - 41  - 47 59 21  6 22  -  - 27
 39  - 33 21 31  -  5 50 41  9 55 25  6 29 24  7 10 12 28  - 46 58 59 19 45 38 44 47 32 42 17  - 52 27  8 26 49 57  -  4 15 56  1 53 16  - 18  - 48 43 23 22  - 37  - 40 34 51 14  -
  - 54 21 47  1 53  7 36 46  - 26  - 57  - 51 17 28  3 58 15 20 19  - 22  - 43 24 29  - 50 59 55  -  -  -  - 14  - 41 39 16  4 48 35  2  - 45  - 18 38 52  -  -  - 44  -  - 34 10 13
 23 53 15 52 16 14 48 43 49  - 35  - 10 32 21 28 31  8 54 18 45 27 36  5 33  - 42 59  1  - 41 13 60 29 20  - 40  -  - 17  - 30  2  6  - 58  - 50 22  3 26  - 39  7  4 24 37 12 56 11
  -  6 20  - 17  - 27  - 42 29 59 49  - 12 56 11  -  -  9  - 16 47 32 37  -  - 15  3 18 14 28 40 55 50 19  - 34 48 21 41 22 51 60 10  - 24  - 58 25  7 45  -  4  - 31 44 23 46  - 33
  - 48 51 23 33  -  - 16 13  5 41 18 25  - 19 39 17  1 35 58  3 22 20 54 60  8 27  - 28  2 40  7 38 43 49  -  -  - 15 36 14 29 30 24  - 46  6  - 34 37 21 47 26  - 57  -  - 59  - 32
 15 25 30  - 43 28 53 54  - 18  - 51 29 59  8 46 24  -  - 48 37 56  5 41 12 32  4 19  - 11 27  - 47 20  - 57 38 55  - 49  - 39  -  3 36  - 26 22 40 31 33 35 16 10  - 34  - 42  -  7
 33  -  - 17  - 32  - 22  - 38 25 42 15 30 29 56 23 34 21  -  8 51  - 14 44 31 36 18  6 60 19 35 39  - 10  3 52 49  - 37 11 57 13  -  -  5  2 16 45 40  -  - 20  -  9 26 47 54 41 55
  - 60  - 22  - 54 19 37  5  - 49 55 59  2 20  -  -  4  -  1 31  3  9 24 57 15  - 40 45 48 12 21  - 53 36 39 17 18 23  7  - 47 11 26  - 35 29 51 42 58 13 30 46 43 16 41 38 52 33 28
 42  - 56 39 24  - 31 28 26 57 30  - 38 35 33 50 15 41 40  4 47 48 60  - 25  - 49 52 14 55  8 12 29  - 45 58  2 27 19  - 10 20 44 23 22 21 36  1  7 51 53 11  9 17  5 32 13  - 46  3
 54 30 23 35 22  - 37 17 29 16 28 38 41 26  - 44 60 57 18 11 13 53 31  9 56 14 52 45 20  7 15 46 58  8 55 12  6 10 32  2 43  - 49 34  - 48 47  -  - 19 27  -  1  -  - 39 59 25 24 40
  7 36 48 42 40 60  - 18  - 17 16 46 44 28  - 19 59 26 24 52 50 38 13  - 15 53 32  2 10 43  - 49 41 45 30  4  - 33 27 12 54 55 25 37 39 47 57 34  9  -  1 58 35 23  - 31  - 11  6  -
 50 14 17 36  - 26  - 40 39 55 18  - 28 22 32 49 48 43 33 51 34 13 41  1 23 10 57 30 58  9  5 11 12 24  - 53 25  7  2 31 27 38 56  -  8  - 52  - 16 29 59 20 15 45  - 60  6 19 35 42
  - 15  -  - 48 18 44 42 11 49 39 16  1  - 60 38 25 22 23 57  -  8 56 30 55  - 53 12  - 35 36  5 19 17 59 31  -  - 26 27  9  7 24 51 34 33  3 32 52 47 58  2 54  - 43 21 41 14  - 46
  - 27 29 60 11  -  8 14 35  -  -  - 51 40 47 20 42 50  7 33 39 59 53 21  - 58  -  -  3 30  1  -  - 52 28 17 23 45  - 57  - 18  -  - 48  2  5  - 32 54 44 41 37 13  6  -  - 22 36 43
 28 10 59 20 13 34 29  1  -  -  - 36 23  6 40  -  9 48  - 43 56 35  - 57 51 50  - 31  5 37  2 41 30 16 53  - 27  - 55 47  - 14 54 45  4 39 22  - 21  - 18 60 42 49 38  8  - 24 25 12
 35  -  7  - 21 10 22 12  - 30 53 58 13 60  6  - 11 55 36 44 43 28 33 59 39 57  - 34  -  1  -  -  3 37 32 54 46 19 42 25 24 52 15  4  - 16  8 49 14  -  - 31 38  - 29 45  -  5  - 50
 30  9 50 34 38  -  -  8 31  - 51  -  - 58 54  -  -  - 16 29 14 60 27 32 40  7 43  -  -  4  -  -  2  5 22 49 59 35  6 52 37 46 12 39  - 57 25 36 11 18 15 55  - 44  -  - 42 21 28 45
 51 21 40 13  - 27  - 20 12 58  -  1 36 48 39 35 18 29  5 22  2  - 28 10  - 41  -  -  -  3 25 26  4 57 24 11 56 30  -  - 19 43 50  7 52 38  -  - 47 44  - 32 59 46 14 37 31 15 45 60
 58  8 18 29  5  4 40 32 10 60  6 30 35  -  - 54 53 11 44 41  - 16 21 51 13  - 59 26 17  - 38 25  1 22 57  - 42 37  - 45 48 12 20  9 19 49 15 27  3 56 14 28 24  2 33 36 50  - 55 34
  - 16 54 53 45  - 24  - 38 51  1  8 56 37 59 10 47  7 22 14  - 33 46 58 11 49 12 41 15 25  3 50  - 34 60 48 55 43 30 13 42 44 21  -  5 26 19 39  - 32  2 17 29  6 27  4 20  9 18 36
 49 42 35 55 53 43 60  3  -  2 58  - 20 16  1 40 39 44 17 46 15  9 29 52 36 48  -  5 51 47 32 23  - 21 31 28  7 13 45 56 50 11  4 59 33 30 37  6 57  8 34 14 22 25 12 38  - 26  - 41
 53 41 10 40 56  - 28 30  - 42  -  2 18  3 23 26 54 25  8 31  6 12  -  7  - 22 50 57  -  - 37 38 27  - 52 35 48 46 34 21  - 17  -  1  - 15 32  5  4 13 43  -  -  - 45 20  -  - 47 16
 41 51 11 15  - 59  2 55 52  - 43  3 31  - 45 21 58 14 46 38 48  7 42 33  5 20 17  6 57 36 30 44 50 40 18  -  8 25 24  -  - 22 23 16 47  - 28 26 37 49 56  1  - 29 34 54 10 39 19  4
 59 23  - 41  -  - 26 24 19 32 31  - 21 42 13  - 37 18 47 56  5 43 11 38 53 36 22  - 44  -  6  - 25  - 50  -  3 28 12 14 49  2 46  - 35  - 27  - 29  -  9 48 33 52 17 30  1 20  - 57
  - 52 36  3  - 12  9  - 15 25 45  4 53 38 28 37  -  -  - 39 41  -  8 49 59  6  - 51 43 32 21  - 18 30 35 20 47 31 17 23 44 58 29 19 56 10 60 54 50 48 57  -  - 34 13 11  7  2  5 22
  - 50  - 54 49 22  6 27 55  - 40 48 17 14 31 24 57  -  - 53 12 10  7 29 37 25 13 38 39 23 33  2 34 56  5 59 41 11 35  - 20 26 28 58 44  9  - 46 60 15  8 18 52  1 36 19  3 43 32 51
 24 17  -  - 18 58 30 23  3  1 14 33 16 57  - 48 19 52  - 50  4 20 47 34 38  9  7 42 46  5 45  - 36  - 26 56  - 21 60 43  8  - 55 25 40  6 53 10 39 22 51 37 41 28 59 49 29  - 13 35
 38 55  6  7 60 50 21  - 53 52 36  - 19 41 34 30  8 45 49  -  - 32  -  -  - 26 51  -  9 58 18  - 37  2  - 44  -  5 59 54 33 10 35 13 25 56  -  - 46 20 48  - 40  -  1 12 15 17 23 31
  4 59 38  - 52 11 12 44  - 19  -  - 46  5 41 25  6 32 51 49 28 26 54  - 14  -  3 10  2 29  9  - 24 15 13 47 20  1 53 33 35 45 42  -  - 55 58  7 56 23  - 21  8 57 40 22  - 36 27 37
 17 38  3 31 35 23 20  6 28  - 21 13 54 46 22  9 30 16 41 26 25 36  - 45  -  -  - 48 37 57 47 51  5  - 44 18 33 42  -  - 34  -  7 27  - 32 59 40  -  1 29  - 43 39 11 52  4 53  - 24
 37  4 13  6  - 25 15 48  -  -  -  - 58 31  -  2 43  5 14 59 55 24 51  - 27 33 29 28 47 12  7 42 26  -  - 60 54 22  - 53 23 49 34 52  - 17  -  - 10 36 46 39 21 50 56  1 11 16 40  9
 16 56  -  -  - 36 23 47  - 11 20 53  -  9 52 58 44 31  4 25 21  - 15  - 35 27 46  7 22 54 60  -  - 39 48 14 29 26 40 19  -  -  -  5  - 43 30  - 33 59  - 49 32  - 55 10 12 28 51  -
  5 26 53 16 39  7 57 13 45 54  - 37 60  1  - 33 41 40  3 10 22  -  2 31 46 47 21  - 19 44  4 29 32  -  6  8  - 14 49 11 36 28  - 42 23 20 43  -  -  - 35  - 50 30  - 25 17  - 15 58
  -  - 37 24 26  - 33  7 18  6 15  -  - 39 17  5  -  - 42 13  - 23  4 28 32  2 35 44  -  - 54  -  - 38 56 34  - 36  - 10 59 48 43 30 29  - 11  - 51 25  -  8 60 21 52 50 46 45 58  1
  1 39  - 32  -  8 16  9 43  4  - 44 45 17 26  - 36 51 15 35 29 49  - 11 21 42 60 27 25 59 48 19 57 46 58  2 13  - 18 24 53  3 31 56 20  - 10 37 23 52  6  7 34  -  -  -  - 38 12  5
 55 49 25 44  - 52  - 45 27 50 46 41  - 34  9  - 12 35 11 30  -  4  3  - 31 59 39  1 21 15 29 14  - 60 38 24 37 58  -  6 51  8 32 43 54  - 23 33 36 16 20 42 28  5  2 17 26  7  - 10
  - 46 45  5  - 16  - 53 20  -  7 17  - 36  2 27  4 47 26 12 32 39  - 35 52 21  9  8 55 28 14 15 33 41 37  - 30 23  - 51 29  -  - 31  - 11 24 38  6 34 49 44  -  -  -  3 25 50  - 54
