2880
  - 29 18 49  1 56  7 58 11  6  5 23 44 42 53 20 60 45 39 21  - 15 35 47 22 24 13 50 54  - 57 31 52 16 28  - 59 27 37  3 48 32 38 12  -  - 19  -  - 40 26  - 51  - 30  9  8 36  4  2
 23 16 27  -  4  7 53 41 43  - 20  -  5 29 46 40 18 56 47  - 45  -  6 37  - 55 38 26 49 13  2 44  9  -  3 31 32 12 35 48 19  1  - 42  - 57  - 14 22 58  - 21 33 52 36 28 59 25 54 39
  5  8 13 32  - 36 51  7 15 31  2 54 57 26  - 53  - 27 37 48 11  -  - 42 40  6 29  9 58 52  -  - 25 56 18 38 50 17  3 24 39 20 44  -  4 46 43 49 12 23 16 47 45  - 55 21 19 59 30 33
  8 51 14  -  - 57 25 38 17 43 24  - 47 22 40 49  1  - 19 18 26 29 39 56  9 20 44  - 28 30 50  - 53  4 33 34  5  2 42 16 27 54 10  6  -  3  -  - 32 45 55 11 37 31 46 12 58 41  7  -
 58 48  -  - 26  3 50  -  - 57 17  -  - 34 21 18 23 53 56 29 15  - 43  - 52 13 41 30 32 19 11 51  - 14 46 55  7  9  - 59 49 60 27 25 16  -  1  4 37 54  5  - 35  - 10 45 44 31  6 40
 39 54  9 51 16 58 48 21 47 35 30 12  1 25  - 32 13 10 28 20 49 44 17  -  3  - 50  -  - 24 36  5 33  - 45 18  - 46 14 53 55  - 31 23  8 56 29 11 27 59 60 52 19  4 38 34  2 15 22 37
 38  - 16 60 13  - 41  - 28 22 31 55  - 11  -  9 46 17 26  -  2  7  - 15 25 57 21 52  -  - 44  8  - 45 23 56 48 32 54  - 24 58  3 39  - 59 40 53 34 51 47  - 36  1  6 19 49 14 42 30
 50  -  6 24 39  - 22 14 34 19 27 31 23 46 52 47  -  - 11 10 38 21 41 25 20  3 48 33 18  -  1  7 45 57  - 60 28 40 51  - 29 17 15 54 26 13 35 12 53  -  9 32  - 43 37  5 36  4  -  -
 40 15  2  9 12 48 14 26  - 51  - 28 46 17 19 10 44  - 16  - 56 27  -  - 34 59  - 60 22 58 29 24 21 43 49  - 18  - 53  -  -  5  4 36 20 33 50 31 11 37  - 55  - 35 23  6 52  - 41 54
 46 40  3 57 60  - 35 43 29  4 48 20  2  1  5 44 10  9  - 51 30 18  -  -  7 14 54 47 31 33 37 25  - 59 52 42 19  8 12 56  - 15 28 26 22 49 32 55 38 21 23 41 17  - 11 16 27 58 34 13
  3 53 20 25 23 34 60 35 58 16 26 50 51  4 28 56 27  7 32 31 43 55  1 14  - 52 11 46 19 15 12 49 41 10 13 44 36 57 21 39 45 48  8 24  - 29 30 33 40  5 17 37 59 18 54 42 22 38 47  6
 12 59 42 35  3 31  - 20 16 60 53  - 29 21 51  8 58 43 10 46 54 33 14  1 23  - 18  5 15 34 32 13 40  -  - 45 22 37  6 17  - 56 39  - 30  -  -  - 52 41 28 36 55 50  - 57 25 11 49 24
  - 25 37  - 34  - 54 44 50 40 32 60  3  - 45  7 31  8 49  - 55 12  - 52  6 19 28 23  - 38 39 18  - 53  9 36 47  1 22 33 46 57 13 56 48 20  - 16 30  -  - 58 26 24 51 14 10  2 27 41
 57 14 32 19 42 37 17 30 18 54 49  - 15 10  -  -  -  - 33 26  - 50 22 13  - 11  2 35  - 53  3 40 43 28 24 27 56  - 44  - 38 47 58 46  -  - 23 21  6 48 34  5  1 25 59 31  - 20 60  -
 25 31 30 12 35 46 16 42  - 34  4  - 28 45 17 11 53  - 54  - 47 52 44 39 58 50  - 32  - 56  5 38  8  - 15 14 55 22  - 57 13  - 36  7 19 60 27 37  - 29 48  2 18 41 33 43 21 26  9  -
 31 35 57 23 33 26 36 34 10 58 43  4 37 59 29  -  2 19 50  - 52  - 16 38 12 41  6 14 51 21  -  - 22 60  - 13 25 56 40  5 42 44 24  3 17 47 55  - 54 46 49  -  - 20 27 11 39  8 18  -
 20 55 21 42 31 15 46 47 51 50 44 45  - 58 24 36 52 54  5  - 14 19 49 59  -  7 22  -  - 10  -  -  - 26 25 28  4 53  9 30 33 37 56  1  - 23 17  - 18 35 38  3 39  - 60  8  6 13  - 16
 27 21 26  3 14 55 30 18 45  - 52 24 25 44 50 38  - 15 29 53 51 56 40 20  - 35 47 42  - 17  8 46 16  9 39  7  1 48 60 13 43  6 34  - 23 58 22  - 49 32  4 19  2 11 41 54  - 33 31 36
 16 41  - 33 47 28 13 36 57  5  -  2  -  - 54 26 25 37 27  9  -  - 11 40 53 10 55 15 42 12  4  - 56 23 60 19 17 30 39 43 18 22 48 29  7 35  8 59 24 44  3  -  - 21  - 49 34 52  - 31
 49  - 40  -  -  - 10 17 59 20 58 47  - 27  - 52 42 44 51 32  6 14 15  4 13 43 37 25 35  - 33  - 39  - 54 23  -  - 50  - 16  -  5  - 29 21  7  -  -  -  -  -  -  9 53 41  -  3 11  8
  -  7 52 38 11 50 29 55  - 18  -  9  -  -  - 54 28 33  - 30  - 57 37 60 27 21 35 36  - 45 13 56 46 44 17 12 43 58 48  6 25 39 42 49 10  2  - 20  4  - 41 51  8 40 34 22 31 53 24  1
  -  4 41  5 29 45 28 53 38 27 40  - 55  -  -  - 47  - 13 60 33 24  - 57 31  8  -  - 30 32 42 35  -  1 21  - 14  -  7 44 37 50 19 11  -  - 46 51  - 15 54 10 16 12 18 20 26 17 59 49
 17 18 60 47 19 22 31 56 33 45 42 37 53 41  - 24 21  4 48  - 50 26 55  - 51 16  3 34 20 43  -  - 27 32 40 15  - 54 11 52  - 49  7  9  6 10 14 29 44  - 12  8 30 38  -  2 13 57 46  -
 59 20  - 40 25  5  1 12  2 26 11  -  8 18  - 43 38 13  7  -  - 60 31 16  - 42  -  - 46 39  6  - 28 36  4 24 44 35 33 54 15 52 17  - 37  - 10 41  - 50 14  -  9 57 22 29 30  - 56 51
  - 17 22 39  - 60 32  - 20  1  - 44  -  8 27 33 40 50 59 37  -  - 25  - 19  - 31 18 16 35 45 41 38  -  - 30 11  -  2 47 58  - 12 51 42 43  - 24 36 34  - 28 10 48  - 13  - 46 21 55
 24 38  - 15 56 44 45 60 48 42  - 17 16 31 23 27 12 46  2 39  - 59  - 51 43 58 40  - 47 11 20 14  -  -  6 32 21  7 28  -  - 36 53 10 33 41 34  - 25  3 30 49  4  -  9 55  1 54 35 57
 36  - 34  -  5 11 55 46  7 23 51 33 59 47 48  -  4 49  1  3  -  - 30  - 57  2 16  - 27  - 58 39  - 18 12  6 45 15 19  -  - 13 25 60 52 38  9 43 56 20 31 22 44 32 14 35 17 40 10 28
 22  - 54 36 37 35  3 31  4 13 21  - 20 55  9 25 11 42  - 44 32  6  - 41 26  - 57 39 48  - 52 50 59 19  1 29 51 16 38 49 23 10  - 53  - 15  - 40 28  - 24 14 56 27  -  7 45 34  2 58
 52 19 36  1 27  - 26 11 23 28  -  7 54 13  8 48 45 21  9 50 53 32  5  - 30 51  - 24  6 40  -  - 37  - 56  -  2 33  - 29  - 31 47 57 58 16 12 17 59  - 35  - 22 39 20  -  4 43  -  -
 44 12  -  - 15 27 23  4  3  - 33 53  -  7  6 29  -  - 25 58 21 51  9 26 50  - 20 11 45 59 24 52 57 39 55 22 41 19 46  -  - 30  2 43 47 42 54 28  - 16  1 38  - 36 31 17 32 56  5 10
  6 46 58  - 43 42 11 16 52 32 39 40 56 50  4 19 54  - 12 27  -  1 34 55 17  - 45 53  7 36 38 29 30 35 59 48 31 18 41 37 51 21  9 28 14 22 57  -  8 13 10 24 20  5 49  - 60 47  - 44
 19 26 44  2  -  - 37 32  1 12  - 59 34 43 15  -  7 57 36  - 60 42  -  9  - 56 33 58 53 25 41 10  3 49 11 21 39 28  5  4 22  - 14 16 50 52 18  - 46 24  - 13 29  - 45  - 38 48 40 35
 51 49  - 18 58 25 52  - 39 59 37  -  9 24 10 41 56 36 53 54  1 48  - 33  - 31  -  7  2 46  - 11 60  6 34 57 26 14 16 32 30 23 20 47  3 44  - 35 17  8 50 27 21  - 28  4  - 29 45 42
 11  5  -  - 50 29 56  - 24  - 12  - 48 14 31  - 19 32 34 36 35  - 46 45 18  - 26 10  -  7  9 23 58 22 41  8 57 52 13  -  - 38 21  2  -  - 39 42 43 25 27  4  -  6 15 30  3 28 51 59
  - 39 45 22 10 21 44  1 13 30  9  - 32 38 41 35 50 29 20  - 23 46 60 19  8 37  5 27 52 31  - 33  4 11  2  - 15 47 56 34 57 55 40 18 24 17  6 48  -  - 36 43 42  -  - 58 14 51  3  -
 56  3 24 21 38  6  - 49 42  - 13 34  7 30 60 17  - 18 46  8 16 39  4 28 41  - 51 44 57 47 25  - 20  5 14  - 53 11 10  - 26 27  - 35  -  1 33 22  -  9 37 54  - 58 43 15 29 50 19 52
 41  -  - 30 52 19  - 10 36  - 38 49 11 56 25 21 39 31 42 33 28  3 20  6 32 18 53 57 37 29 54 26  - 15  - 59  -  5  -  - 35  7  1 58  -  8 51 23  2 14 46  -  -  - 16 48  - 24 12  -
  - 34 17  - 22 53 49 54 21 33 15 42 24  -  1 58  -  3 35 43 41 28  - 10 59 26  9  4  - 55 51  - 19 38 36 47 29 44  8 23 56 46 37 27 13  - 60  5 57  - 20 18 14 16 40 50 48  7  - 32
 30 28  4 31 20 51 39 52  -  - 47  - 21 23 12 22 32  1 14 59 10 25 48 17 33  9  7  -  - 26 15 43 54  2 44 16 49  - 29 35  6  8  - 40  -  5 37 36  3 53 45  -  - 34 56 24 50 19 13  -
 54  - 35 50 46 39 58 27  5  7  - 43 30 49  - 55 51 14  8 24 44  -  3 31 28  - 32 56 36  2 26 21  -  - 53 11 60  - 20 22  - 18  -  4  9 12 59  - 42  - 13  - 47 23 52 10 37  -  -  -
 60  -  -  6 59 43 27  9 22 44 16  8  -  2 34 46  5  - 15 13  - 49 19 53 24 25 36 38  -  - 17 54 26  - 48  4  - 41 32 12 47 45 35 31 28 51 52 50 29 33 18 40  - 56 57  -  7 39 23 20
 26 47 48 58  - 38  -  - 14 37  - 19  4  - 56  - 20 28 44  - 29 35  - 36 15 54 24 13 11 50 30 32  - 25  - 39 34 60  1  9  - 41  - 21 18  -  -  7 33  -  - 31  3  - 12 46 42  5  8 17
  - 11 15 34 48  2 18  -  - 41 28  6 22  - 57 31  3 58 23  -  4 36  -  8 54 45 10 43 60 49  7  9 13  - 38 26 42 39 24 46 59 12 29 19  - 14  5  -  1 30  - 53  - 55 44 37 47 27 16 50
  - 50 46 52 40 30  -  6 56  -  -  -  - 37 18 42 57 51 41 35  5 22  -  2 48 28 27  - 59 20 55 15 34 29 19 49  8 21 43  - 17  - 54 14  - 24  - 26 23  1 44  - 38 60 32 25 33  9 36  3
 33  -  - 43 28 59 19 51 41 25  - 39 49 54  7 60 37 16 24  4 27 17 52  -  - 32 56  -  8 22 31  - 47 42 35  5  9  6  - 38 14 26 11 30 57  -  -  3 45 12  - 20  -  2 48 44 40 10 29  -
  - 13 50 29  - 47  8  2 55 49 23  3  6 60 20  -  - 24 17 56 57 40  7 48  - 44 12 41  - 28  - 22 32  - 16  -  -  4  - 21 54  - 18  - 11 31 15  - 19  - 43 33 27 42 25 52  5 37 53 34
 13 27  - 17 36 24 33 23 25 39 57 16 19  6 55  - 35 48 40  -  8 43  - 44 42 60  1 28  5 18 47  4  2  -  - 41 54 50 59 20  3 14 49  - 31 30 58 46  - 11 53  9  7 45 29 38  - 22 32 26
  - 52 31 54  - 20 40 22 27 21 60 26  - 19 37 57 16 39 45 49  9  - 32 46  - 38  -  8 50  6 35 48 15 33  - 25 23 10  4  7  - 28 30 17  5 36 47 13 51 55 56  -  - 14 58 18 41 42  - 12
 14 36 11  - 54 33  - 13 37 46 19 48 17  - 49 28 43 47 18 16 25 20 23 22  - 40 52 29 56 27  - 59 44  - 10  2  3 45  -  8 21 42  -  - 53  7 41  9 50  - 57 35 32  - 39  1 55 12 38 15
  7 37  - 59  - 40 21  -  -  - 18  - 14 15  -  4  - 34 38 45 17 13  -  5 47  - 58  -  1  -  - 36 49 30 31  -  - 23 57  - 60 35 33  -  -  - 11 44 10  2 51 12 28 29 26 39 54 32 43 19
 37 33  - 48  - 49 12  8  - 29 22 46 38  9 13  6 55 30  -  1  - 23 54  - 14 34  - 51  -  3 40 42 24  -  - 35  -  - 17 36  - 19 50 41 39 53  2 56  - 60 11  - 25 44 47  -  - 16  -  7
 47 32 33  - 53 41 20 59  -  -  - 14  - 52 26 45 17  - 30 22  - 10 50 11 35 46  4 55 38  5  - 19 18 21  -  - 27 36 31 51  8 34  - 13 44 37  -  -  9  7 42 39 43  3  - 23  -  6 58 25
  2  1 39 10  -  -  5  - 40 52 45 38  - 51 43  - 24 11 21 57 36 58 47 50 44 22  - 49  - 60 53 12 31 13 27 46 20 59 30  -  -  4 32  - 56 28 16 25 55  -  8 48  6 17 42 33  9 23 37 14
 18 56 29 26 24  8 42 28 46  - 50  1 60 36 38 23 14 12 55  - 31 45 57 49  - 17  -  2  4 37 16 30  6  - 32 33 58 51 34 11 20 59  -  - 54 25  3 27 41 10 52 44 40 19 13 53 43  - 39 21
 21 43  8 28 18 16  - 33  - 14 34 32 58 57 47  1 26  -  3  2  7 41 56 23 36 29 30 19 44 51 46 45 11 48  5 53 13 55  - 10 50  9  - 59 27  -  4 39 35  6 25 42 54 37 24  - 15 49  -  -
  4 58 12 41  6 14 47 39  - 38  - 10 35 48 42 51  - 20  - 11 59  8  -  - 55 49 25  3  -  - 56 53  - 40 50  1 16 26 45  - 34 29 52  -  -  - 21  -  -  -  - 46 24 33  5 27 57 30 17 18
 43  - 51  7 57 13  -  -  - 11  1 27 39 12  -  3 15 59 22  6 40  9 33 21  -  -  8 20  - 54  - 37 35 24 58 52 46 49 23 42 31  2  - 45 38  4 28  - 48 56  - 25  5 53 19  - 18 55 26 60
 55  - 49 27 41 12  9 48 60 17 56 30 36 53 16 50 34 52  6 14  - 31 24  - 39 15  -  - 23  -  - 28 29 46  8 43 10  - 26  -  - 40  - 37  - 45 13  - 20  4  2 59 11  7  - 47  -  1 57 38
 48  2 23 55 45 17  - 19  -  - 35 11  - 39  -  -  - 26 58  5  3  -  -  - 21  - 42  - 29  9 28  - 51 41  - 37 24  - 27 14 32 25 43  - 40 54 44 30 13 36  - 56 52 59  8  - 53 18  1 22
  - 30  -  - 55 18  4 37 49 36 59  5 13 20 22 14 33 25 52 41 24 54  8 12 10 23 15 45 40  - 34  6 42  - 57 50 35 29 58 19  1  - 51 38  - 11 31  2 21 43 32  7  - 46 17 56 16 44 48 53
