2880
  9 37 31 60  - 59 57 42  3  -  -  -  - 19 23  - 16 55 58 10  -  8  - 40  5 21 47 52  - 50 29 30 20 22  - 33  - 51  - 27 34  - 44 36 25 41  - 11 18 48 13  4 43 39 46 45 28 17  -  -
 54 60  - 20 11 37  - 44 25 13 29 55  - 47 50 45 40  3 10 52 57 56  4 41  - 12 14 32  8 42  - 33  2 35 31 17 24  5 58 36 26 51  - 53  1 28  -  9 30  7  - 43  6  - 39  - 27 21 48 34
 43 46  - 34 33  -  5 11 22 49 20  - 44 57  -  - 54  6 40 28  9 23  -  -  4 58 42  -  - 41 53 38 39  - 36  8 10 18 35  -  3  7 31  1 32  - 19 30 25  - 47 60 50 37 52 12  - 59 15 16
 26 27  5 22 41  4  - 18  - 53 48  1 24 42 32 11 25 59 57 23 30 21 54 52  - 28 39 60 16 46 33  - 19 38 47 13  3  - 31 37 50 55  8  2 15 34 43  6  - 56 10 35 49  9 12 14  7 36 51 45
 30  -  -  9 20 57 28 14  - 46  3 32  - 49 24  -  - 45 47 37 51  -  -  -  -  -  - 15 29 39 36 26 56 34 44 18 60 11 52  - 41 17  - 43 53  - 25 22 33 54  - 12  1  7  6 19 21 10  8  4
 25  -  -  1 35 23  9  - 31 22  - 21 14 32 39 50  -  - 26 59 27 15 38  4 43  - 33 28 11  - 55 48  - 17 53  - 57  - 20 58 13 47 18 19 42  3 51 52 41  - 46 54 29 36  - 60 40 45  -  -
 57  -  - 23 47 24 49 34  -  - 22 15 59 50 48  - 14 43 21  - 26 12 39 46 19 30 53  1  5 11 35 42  3 27 32  9 40 36 33 18  4 52 56 51  - 20  2 29 60 31  8 41 25  6 16 13 58 28 37 10
 35  - 29 12 30 20 58 33 10 52 14  - 22  - 45 54 48  8  6 11 37  - 41  - 15 19 32 46 17  2 26 39  - 13 50  - 18 44  - 56 51 49 25 16  -  4 36 55 57 59 28  - 42  - 43 38  - 40 21  5
 22 26 28  -  3 35 20  - 50 38 47 45 15 11 12  - 39  - 36  1 43  - 46 24  7  -  - 30 44 21  -  - 42  -  - 16 29 25 40  9 32  4 13 59  -  6 58 18 55 52  - 14  2 27  - 49 10 54  5  8
 49 57  9  - 37  -  -  - 60 33 45 44  2 52 10 31 19 38 14  - 54 13  - 42 12 15  - 26 36  - 32  8  - 47 21 51 43  -  - 23 58  5  - 17  3 11 27 40 59 50  1 28 56 24 20 48 34  -  7 30
 46 58 36 27 57 40 32 59 33 34 10 60 35 17  -  4 21  5 13  - 20  -  2  9  -  - 30  6 45 24  - 41 28 25 15 50 42  - 22 26 18 54  3  - 19 43 48 47  -  1  - 23 44 55 53  8 29 38 49 11
  - 36  2 29 48 31  3 50 38 21 32 37 27 45  - 30 55  -  4  - 46  - 60  - 23  - 40 18  - 33 39 22 11  7  9 15 14  - 17 42 35 58 57 13  -  - 59 56  - 25  6  - 24 34  8 26  - 41  - 53
 13 44  - 11 53 42  - 45 28  -  1 39  - 41  - 55 29  4 31  8 34  5 20 54  -  -  - 36  9  - 40 49 25 60 56  - 37 43 15 50 24 30 22 38  - 57  - 27  6  2 35 59 33 17 32  3 19 14 47  -
  - 41  -  6 42 22 36  -  - 54 12 53 30  - 44 14  -  -  - 21 48  2 32 15  - 29  8 24  - 20 60  1  -  - 49 34  - 52 45  - 19  9 58  -  - 59 40 10 38 35  -  -  - 23  7  - 18 33  3 37
  - 16 51 50 18  6 10 49  7 24  8 30 29  9 37 12  4 15 35  - 13 42 57 34 33 41 44 59 38  - 28 40 17 55 20  - 48 21 53  - 27  - 60 45 56 26 52  2 14 32 19 22 54  1 36 43  -  5 23 46
 17  - 25  - 22 33 52 54 43 41 21 28  9 55  - 27 47  -  - 12 50 19  3  - 46 39 20 16  - 51 57 58 30 44 38  - 49 14 48 34 59  6  2 24 36 29  5 15  -  8 40 53 13 32 35 56  1 23  -  -
 38  - 10 43  - 15  -  -  9 59  - 42 40  - 11  5 24  - 41 47 21 29 44  - 50 60  -  - 56  6 52  - 22 33  1  - 20  7  -  -  - 12  - 23 46 35  - 39  8  - 51  3 14 25 57 32 49 58 36 28
  - 10 27 13 51  5  1 40 47 19  - 18  -  -  - 29 37  2  -  - 24 55  -  7 11 57 34 14 33  - 43 20  - 54  3 23 59 58 39 16  - 53 21  8  - 30 56  - 42 44 36 15  4 60 41 46  - 49  - 38
 51 13  -  3 28  2 25 12 21  - 59 19  - 16  - 15 35 32  7 56 45 43 11  -  - 34  - 10 52 27 42 23 40  8 58 29  6 22 38  5 31 24 48 33 39  1 30  4  - 36 53 49  - 46 47 20 17 50 18 55
  - 18 48 57 43  -  6 16  - 11 40  - 13  7  -  8 42 49  -  - 53  -  - 56  1 26 10  - 58 12 47 17  - 32 28 36  -  -  3  - 25 44  -  - 33 55 54 51 19 15 27 31 34  4  5 50 20 30 45  9
 36  - 46  -  6 44 59  -  8 18 52 17 32  - 40 13 51 28 49  - 47  - 34  - 21  4 35 53 23 16 45 25 24  -  - 60 38 48 57 43 56 42  -  -  5 10 41  1 20 55 14  - 12 31 29  7 30  3 27  2
 42 39 57 28 38 16 46 29 19  5 24 11  - 59 55 53  - 17 60 31  4 54 45 21  -  -  9  - 27  7  -  2  -  1 52 56 34 41 25 10 36 23 50  - 20 18  - 58 32 12 22 40 26 47 30 44 15  8 43 49
 28  3 30 59  2 60 41 32  - 26 44 50  8 10 49  - 13 33 18  - 25  4  1 36 22 46 12  7 15  -  - 14 21  - 34 55 23 20  - 11 53 27 52 56 38 42 39 24 58  6 31  - 16 40 17 37 51  - 29 47
 23  - 52 45 12 46 60 25  -  - 16 43 37 44  -  -  6 36  -  -  7  1 49 11 41  5 55 33 13 47 22 34  - 29 14 27 54 30 19 51 20 26 32  -  8 17 38 50 48 24  - 57 18  - 15 10  3 31  4 35
 12 51 13 32 19 58 24  - 40  3  - 36 16  - 43 28  5 31 37 33 42 30 53 29  - 17 27 34  1  4 49 10  8  9 57  - 21 23  6  - 14 48 41 55 44 39 22 38 52 11 45  -  7  -  - 25 46 47  2 56
  3 48 54 30 10 52 16  - 23  - 36 13 46 14  -  7  - 34 12 35 28 45 33  8 17 32  - 27 39 44  6 51 38 49 37 24 31 26 56  -  -  1 42  - 18 21 20  - 50 22  9 47 40  - 59 11  4  - 25 43
 50 42 35 37  4 30 51  3  - 29 56 40 48 20 36 22 60 53  8  5 14 46 31 23 13 27  2  - 10 28 19 21 54 52  6 58 45 38 24  -  9 16 43 26 57  - 33  7 34 18 55 11  - 15 49  - 12 44  1 39
  - 33 24 53  -  7 27  4 16  8 34  -  -  6 56 41 10  - 32  -  3 20 12 35 58 44 25 38 47  -  -  9  - 21  5 19  - 37 30 13  - 57 36 48 22 14  - 60  - 28 23 17 46 43  - 40 42 18 52 51
 53  - 43 36 52 39 23  - 56 16 55  6  1 12  9 60 33 13 29 14  - 17  - 22 30 38 57 44 48  8 18  7  5 31 26 10 58 47 32  - 49 40 35  - 28 24 34 54 37  -  - 21 41 45 42 27  -  - 19  3
  -  - 16 48 56 13 31  - 15  - 50  7 45 27 29  6  1 18  -  -  - 47 35  -  9 59 38 25 53 32 37 43 51 42 12 41 46  -  - 55  2 60 10 54  -  - 11 33  - 40  -  5 23  8 26 22 14 19 39 20
 39 50 49 55 31 26 37 24 42 10  7  -  -  -  5 18 59 23 22 41  - 51 21 32 20  3 52  - 30 35  4 11 60 40  - 53  2 12 16  1  -  - 19 28 45 36 14 57 44 33  - 56 27  -  -  6  -  - 54 15
 59  - 32  -  - 55 15 39 34  - 42  -  3 25 21 17  -  9 52 54 40 38  -  - 57  - 37  - 12 58 16 47 13 11 23  1 26 19 44 29  7 56  -  - 27 48  8 41 45 10  - 18 60 14  4 36  -  - 31  -
  -  5  3 21 34 51 35 48 27  -  2 58 52  8 17 56 49 46 20  -  - 50 43  - 10 14 29 47  -  - 41 54 32 24 18 38 36 60  -  - 12 13 33 40  7  - 28 31 15 57 37 42 39  -  - 55 11 25 26  1
 21  - 18  4 25 10 17 56  - 35 39 27 38  5 58 42 46  - 53  3 22 60 36  - 55 47 49 19 50  -  -  - 43 23  - 44 12 29 37 28 48  - 26  - 41  - 57 34  - 30 59 52  - 16 11 51 31  1  9  7
 55 24 44  - 45  1 42  -  5  6  4 12 21 56 41 47 28  7 38  - 29 33 58 30 32 43  - 35 51 52  - 37 18 46 22 48 11 15 23 25 16 10  - 31 14  -  - 36 26 39  3 27 19 57  -  - 60 53  - 40
 20 49  4 19  9 12 47 37  - 36 17 24 54  -  1 16  - 57 23 32 41  - 14 53 18 11  7  - 28 25  5 50  - 15 48 40 30  6 60  - 44 29 45  - 13 46 35  3 51 34 33 10 59  - 56 21 43 52  - 27
 18  -  - 58 24 48 54  2  -  - 53 23 55  1 16 20 32 56  -  9 10 31 52 19  - 36  -  -  7 49 44  -  - 59  - 43  - 57 51 21  8 25  - 37  6 33  - 26 35 27 29 38 22 13 40  5  - 15 17 12
 60 53  7 40 17  -  - 43 51 39 49 59 20 37 28  9 31  -  - 18 58 44 48  -  2 42 15  - 41 34 56  - 10  6 46 25  1 35 54  - 23 33 27  4 11  8  -  -  -  -  - 36 30 12 21  -  5 57 16 50
  -  8 17 41 16  - 11 15 44 37 18  3  -  - 27 23 52  - 56 30  - 22 19  - 34  2 51 13 55 10  - 36  7 28 33  - 47  - 59 12  - 50 24 58 49 54 53 21  - 60 26  9  5  - 48 31 38 43 14 42
  5 14  - 17  - 43  -  - 12 50 60 16 58 51 38 59  2  - 34  6 56 36 37 39 25 24 41 48  4 22  1 15 57  - 40 26  -  - 47  - 45 31 54 35 10  9 42  -  7 23 21 55 52 44 27 33  8 46 32 19
 24  7 42 15  - 38 44  - 26  - 43 46  - 53  -  -  - 29  - 45 17 58 51 55 28 20 31 50 35  1 27 16 37  - 59 22 41 39 21  -  5 19 40 60 52  - 49 23 47  3 11 48  8  - 33  - 56  6 12 14
  4 15 26  - 36  - 53  - 41  9 25  8  - 40  2  -  7  - 45  -  - 14 13 31 51  - 22 55 42  3 34  5  - 19  - 21 33  - 49 52 46 59 23  - 58 12  6 37 28 29 56  - 35 54 50 30 24 11 38 32
  - 38 37 47  1 32 26  -  - 51 19  5 36 29 57  3 41 21  2  -  -  -  - 18  - 56 16 23 25 14 17 44 35  -  - 45 50 54 46 24 60 22 11 52  -  7 10 13 43  9  - 30 53 59  - 28  -  - 40 33
  -  9 15 44 60  - 18 22  - 31 33 47 57  - 20 21  3  - 28  -  - 10  - 59  - 40 58  - 26 36 50  - 29 30 27 39  -  -  -  8  1 38 37 46 35 19 13 25 23 45  2 24  -  5 14 34 41 55  - 52
  6 31 45 39 13 27  8 35 24  - 41 51 23 34  - 33 36  - 25  7 32  - 59  - 42 37 50 56  - 26  - 18  - 57 55  2 53 16 12 14 30 21 49  3 43 52 46 17 29  4 38 19 48 20  - 54 47 22  -  -
 31 34 58 54 49 47 40 20 53  2  5 10 60 26 33 38 57 30  -  - 15 52 23  -  8  9 45 21 19 17 11  - 44 43 42 37 25 13 36  6 28 14 46 27 50 56  1 59  4 51 41 39 55 48 24  - 32 12 35 29
 16  - 59 18 23 28  - 52 37 44 11  - 10 60 47  - 30 26 42 57 12  7  8 49 29 55  - 22  - 13  -  6 31 56 43  3  -  - 41 39  - 35 51 15  - 45  4 19  - 58 25 32 36 53  2  9 54  - 46 17
 19  -  - 25 14 11 43 30 36 56 46 31 34  -  8 10 23 20 15 42 16  3  - 48 35  1 18 58 24 59  -  -  6  4  2 28 27 55  5 45  - 39  7 12 51 32  9  - 21 47 44 26  -  - 54 17 33 37 50 13
 34 47  6 33  7  -  4 27 39 57  - 20  - 21  - 36 12 42 11 40 31  - 28 10  - 22 46  2 43  -  3 35 26 51 24 59  -  - 50 54 15 37 38 44 60 13  - 53  5 19 48  8 32 41 55 16  9 29 30 25
  2 22  - 42  5 36 50 31  4 27 57 14 41 13 30 40 34 51  3 17  - 32  - 25 38  6 24  8 59  -  - 19  - 48 60  7  9 28 10 20 54 18  1 49 23 47 55 44 46 16 12 45 58 29 37 53 26 35 33 21
 27 52 53  2 15 56  - 26 55 25 30 49 19  3 46  - 44 47 33 38 35 16 10 20 24 48  4 54 22 37 23  - 34 41 11  -  8 50 18 57 39 43  9  - 31 40 60 14 36 21  7  6 45 51 58  - 59 32 42  -
 52  - 20 56  - 45  - 28 58  4 54  - 50  - 25 51 43 41 48 22 49  - 47 33 31 16 19  - 21 18 12 13 55 36 17 11  5 53 42 38 29  -  -  7 34  2 26 46  3 14 30 44 15 35 10 23 37 24 60 57
  - 29 19  - 40 18  - 17  - 14 38 22 31  - 42 24 20 44 50  - 23 57 27  - 56  - 48 12 49  - 51  3 15 53 10  5 55  - 34 60  -  2 39 30 59  - 21 35  - 46  - 33 37 11  9  4 13  7 28  6
  - 20 38 51 50 54 21  8  6 23  9 41  7 48  - 25  - 58 30 49  - 37 56 16 44  -  1 29 46 15 14  - 53 10 45 12 19 59 13 40 11 28  - 57 24  5  -  - 39 43 60  - 47  3 22 42 55 26  - 31
 41 43 55  5 59  - 29  -  -  7 13 52 56 30 15 32 11 48 19  - 18  - 22 37 16 51 23 49 57 38  - 24  4 26 35 54 39 34  - 33 40 45  6 20 47  - 50 42 53 17  - 46  3  2 28  1 25  - 44 60
 44 59 41 10 29 34 13 55  -  - 35 38 33  - 14 49 45 54  - 58  -  - 16  3 39  8  5 57 31 60 25  - 36  - 51 52  - 32  4 46  - 11 30 47 40 27 12 20  - 37 42  -  9 50 18 15  2 48  6  -
  7  -  - 14 32 49 30 38  1 12  -  - 18  2 54 34  - 50 44 39  6 26 24  5 59  - 36 45 20 55 46 60  -  - 41 57 13 27 43  - 52 15  4 11 48 31 37 16 10 53  - 29  - 42 25 35  - 51 56 22
 56  - 40 16 21 29 14 23 52  - 15 26  5 39  4  -  -  - 54 55 36 35 50 44  -  - 11  - 37 43  7 53 33 18  - 47 28 49  9  -  -  3 17 34 30 58 24 45 22 42  -  -  - 38  -  -  6 13  - 59
 15 12 34 24 26 50  -  5 59  -  6 25 53  - 52 35  -  1 46  2 55 40  - 28 45 10 43 37 54 19  - 32 41  3  4 42  - 17  8 31  -  - 29  -  9 51 44  - 27 49 16  7 11 56 23 18 57 39  - 36
 11 32 39 46 27 25  - 53 57 58 28 35 51  -  3  -  - 10 43 24 52 48  9 12 40 49 21 20 18 54  - 45  -  2  - 31  4  -  1 19  6 36  -  5 55 15  7  8 17  - 50 37  - 26  - 29  - 56 41 44
