2880
  - 18 45 22 54  3 59 57  - 26 17 27  7  -  - 20  - 46 10  8  - 15 56 38 43  - 47 42  - 48 24 16 40 39 34 14 58 36  9 49 29 55  5 41  - 25  -  - 23  6 12  4 50 19  1 37 60  - 31  2
 58 34  7  2 27  -  3 43 36 57 56 44 60 46 20 22 11 31 28 35 15 45 48 37 29  6 23 17 13 49 54 41 38 59 16 19  5 30  - 40  - 42 50 26  - 39 52  - 10 53 51  - 33 21  -  4 47  9 24  1
  - 14  3 13 49  - 20 39 45 34 31  4 24 56 32  -  9  7 42 16  2 53  -  6 54 43  - 10 38 19 40 11  -  1  -  - 52 44 15 55 46 57 26 35  - 36 25  - 37 50 22  5  -  - 48 41 28 51 47 27
 14 33 10  -  5 37 17  9 41 50 39 29 54 49  - 23 25  - 21 18 42 58  - 44 48 53 31 34 59 12 60 46 55 56 30 35  - 57  3  -  8  - 47 40  - 27  -  -  -  7 19 13 38 26  4  2 51 11  6  -
 59 17  - 28  - 31 53 52 24  3 33 60 29  - 45 55  -  - 37  - 48 44 54 14  - 51 32 46  - 35 12  8 21  6 47 13  7 34 18  -  1 20 57  4  2 22  - 43 41 39 36 42 26 38 30 50 25  5  9 23
 44 25  - 30 15 46 54  -  2 35  6  7 16 18 27 31 33  8 41  - 43 10 11 22  -  - 50 26 29 57  9 47 56  - 28 36  4 52 21 23 59  - 60 32 20 40  - 58 13  - 38  -  - 42 24 34  - 17  - 12
 54 11 28  - 37 57 42 14 19  7 46 43  - 30  - 35 18 50 31  6 32 55 15 39 27 24 51 48  -  2 41  - 34 16 12  5 17 53 59  9 47  - 25 58 56  - 40  -  8 21 44 23 22 45 26 20  -  -  3 49
 28 22 40  - 45  -  - 35 51 30  -  3 47 10 49  6  1  5 59 24 31 21 38 11 52 58 36  2  - 20 23  -  - 15  8 18 57 19 53  4 41 32 29 42 13 60 17 37 12  - 56  7  -  9  - 48 39 25 26 44
 53  5 55 27 22 23 12 46 14  - 25 24 33 38 48 34  - 21 35 19 13 16 20 50 42 40 28  -  4  8 52 54  9  - 57  1  - 32  - 37  7 29 18 39 60 58 36 45  3 11 31 41 43 59  -  -  6 44  - 26
 56 43  1 11 21 10 44 32  - 47 29 52 45 19 15  - 60 51  2 55  - 28  - 31 26  8  - 41  -  -  -  - 12  -  - 46 33 49 36  7 57  4 27 34  - 37 30  -  - 14  - 39  3 13  5  9  - 53  - 20
  -  3  8 12 42 53  7  - 57 54 45  2 18  5 21 19 13 59 52 25 40 60 29 55 22 14 56 15 37  - 58 27 26  4  - 39 11 20 46 34 28  -  - 31 17  - 23 47  6  - 48 49 32  -  - 24 50 10  -  -
 32 20 34  1 17 48  4 40 55 51  - 45 11  - 25  -  7 18  - 57 59 46 28 52  - 23  2 60  -  - 50 21 13  - 31 30 10 22 56 44 39 35 12 19 36 33  8 15  5 37 16 26 58 49 38 27  - 29 54  3
 11 51  -  -  3 20 16  - 26 60 36  - 21 27  - 38 17  - 15 31  - 49 14 59 23  9  - 45 52 32 18 10  1 37 25  4 40 48  - 28 55  - 42 24 41  2 13 12 39 43  - 30 54  7  - 44 33 46 34  -
 16 41 12 32 57 54 19 37  - 55  - 39 15  -  -  7 47  - 33 60 53 51 59 17  - 56 27 23 26 46 11 58 42 44  - 49 48  -  1 38  2 24  3  - 35  8 45 50 52  9  - 40 21  5 34 13 29 31  - 10
  -  7 59 39 16  -  -  - 44 48  3 41 36  - 33  - 37  - 32 49 38  9 40 53 30 29 45  -  - 54  -  4  -  - 17 43  - 18 47  2 11  8 14 60 42 55 35 56 26  - 24 21 19  1 20 52 10  -  - 57
 47  - 44 49 25  - 38  - 23 31 12 46 27 45 52  - 10 26  - 32  1  - 22 58  - 11 15  -  -  6 35 30 16 18 56 57 28 54  -  - 13  -  -  -  8 21  3  5  - 59  2 43  7 29 55 51 36 50  - 40
 36  8  - 50 29 47 30 38 37  - 10 35 41 60 55 54 52 13 39 45 24  1 17 34 32  - 49  3  5 33  7 23 31 27 48 51  -  - 58 12 15  9 22 20 28 43  - 16 14 56  6  - 42 44 19 53  - 18  -  4
 29 59 25  6 46  -  - 47  5 15 48 10 22 35 14 13 28 20  - 36  7 30  3 51  - 39 55 21  -  - 42 32 58  8 54  -  9  4 44  -  -  - 38 56 12 23 37 57  - 18 50  -  -  - 53 45 41 27 43 24
  -  -  - 34 11  9 27 51 33 29 21  - 12 26 44 37  -  3  1 23 57  -  -  - 25 41  8 50 35 14 10 52 53 30 45  - 56 46 13 48 42  -  -  -  -  - 58 54 47 38 43 55  6  -  2  - 18 59  - 17
  - 16  -  - 41 27 58 23 25  2  - 40 32  6  1 39  3  - 24 54 12  -  - 42 19 28 21 56 50 17 36 57  8 34 53 59 44 60 43 51  4 48 55 22 18 45 14  - 29  - 49  9 52  - 10 35 37 20  7  -
 27 36 22 26 32 21  1  - 59 28  8 18 23 42 38  - 48 52 53 20  - 56  5 45 37  -  - 19 15 55 57  - 33 10  - 50 41  - 17 46 49  7 31  9 54  - 12 39  4 24 40 34 11  - 29 14  2 13 25 47
 40 31  - 48 18 14 32 19 16  - 38 21 58  3  - 53 35  - 54 39  6 37 27  2  - 50 20 28  -  - 55 13 52 46 42  - 36 23  - 30  - 60 51 33  5 44 26 11 24 49  4 59 25 34  9 22 57 15 56  -
 34 49  - 29  7 41 40  5  -  -  - 14 52 23  4 59  - 27  8 26 56  -  9  3 17 33 10 44 55 16  - 15 50 53  -  - 18  -  - 22 31  - 58 51  - 32 24 21 46 19 25  - 57  2 11  -  -  6 60 45
 45  1 30 36  - 28  5 50  9 39 13 58 57 17 18 25 22 24  - 38  3 41 26  7  - 42 19 55 56 37  4  - 27 51  -  - 60 40  - 54 44 33 43 29 15 35 46 48 34 10 47 20  - 52 49 11  - 16  -  -
 39 40 20 37 36 49  - 41 11 16 27 15  1 21 53 51 30 38 26 17 50  4 24 46 35  - 60  6 28  5  -  2 59  3 43  9 31  - 52 56 33 22 34  8 48  - 29  - 57 32  - 58 10 14 25  -  7 19 42 13
 52 57 58  9 56 19 15 27 10 12  - 34 48 28 50 30  -  4 38 44 60 47 41 13  8 16 11 51 22  -  5  - 18 49  6  -  - 25 26 53 20 17 33 43  -  3 59 40 21 46 54 31 23 32 14  -  1  7 35 55
  - 54  - 18  9 50  2 28  1 22 35 32  - 43 59 36 29 49 25 52 27 14  -  -  3 19 26 13 51  7 30  - 10 11 40  8  -  - 42 58 56 15  4 38 33 12 41 46 20 31 60 47 53 57  6  5 55 21 37 48
  6  - 46 52  2 40  - 22  - 17 32 19 34 50 35 47  - 10 49  - 11  - 37  - 51  - 57 54  3 25 27 28  -  7 23  - 42  5 24 60  -  - 36 48  - 16 31 26  1  8 14 56 12  4 33 43 20  - 15 18
  4 26 35 45  - 15 46  8  7 56  2 54 42 20  6 49 50  - 13 33 36 25 31 47  - 32  -  - 34 18 16 40 23 57  5  -  -  1 19  - 24 38  9  3 39 48 55 22 44 12 30 29  - 43 37 10  -  - 59 52
  3 37 32 46 53 36 23  4  - 43 60 25  5  -  - 50 15  - 20 51 30 48 34 18  - 31  - 40  2 42 59 35  -  - 26 58 16  9 14 45 12 41  - 55  -  -  -  7 49 54 33 57  1  8 13  - 27 24  - 56
 18 55 19  8  -  -  -  -  - 44  - 42 50 36 39  - 14 23 30 47 20 13 43  -  6  4 33 59 21 40 51  7 29 54  - 24  - 45 35 10 34  1 17 12 31 52 16 60 53  - 57  - 37 56  - 25 58 28 41  -
  2 56 14 20  - 59 39 45  - 21  -  - 26  -  8  5 55 35 60  4 17 36 30 27 10 48 41  1 33 52 53 24 47 50 13 31 38 37 12 16 23  3 15 11 44  -  - 25 40 51 58 54 18  - 28 49 32  - 57 43
 12 44 37 42  -  1 24  -  -  6  9 11  2 54 22 15  - 36 14 56  - 57 35  4 31 20  5 33  - 34 17 39  7 23  - 41 29 51 10 25 19  - 59 52 43 47 49  3 28 55 45 18 16 46 32 30 38 48  8  -
  5 38 48 25 14 11 60 30  4 10 22 17 56 13 19 58  - 45 23 50 16  -  7  1 40 36 18 31 20 47  - 29 39 24 51 32 55 26  6 15 52 34  - 27  -  - 33  2  -  -  - 53 44  - 41 54 59 35 12  -
 26 32  - 53 60 45 57  7 47  5 58 22  - 40 17 29 34 15 51 30 49 42 46 19 16 25 12 39 23  - 33 20  4 36 52 54  1 24  - 27  - 43 48  2 50 56 38  -  9  - 18 10 13  3  - 31 14 41 11  6
 55 52 27 15 19 26  - 49 40 14  - 36 39 24  5  - 46 41 11 42 44 20 16  - 12  - 48 58 18 10 13  9 60 47 33  3 25 21 50 59 38 56 45  - 37  -  6  - 43 30  - 28  -  - 31 23 35  8 22 29
  -  6 29 19 31 18 10 48 56 46  - 53 43  1 40  2 24 11 58  5 21  -  -  -  -  -  4  -  -  -  -  - 25  -  - 16  - 59 37  - 22 23 39 28 14 13  9  8 36  -  - 17  - 27 54  3 15 38 33 34
 42 46  4 47 12 52  -  3 22 33 20  - 49 34 13  8 40 43 44 15 14 59  1  - 57 17  7  - 53 31  - 48 36 38 55 25 37  - 60 26 35  2 30 54 21 51 50  9  - 28 11 19 39  6 27  -  - 23 29 58
 57 47  - 55  6  - 50  - 49  - 19  - 30  -  -  3  -  - 48 53 35 29  8 43 59 46 54  -  -  -  - 44  - 20 14 21  - 10 41  -  -  - 32 17 24  9 22  - 60 36  -  - 15 33  - 28 16  -  - 31
 15  2  -  - 23 30 26  - 60 53 49  5 40 58 11 14  -  - 19 46 47 24 57  9 18 34  - 29 17  -  - 55 35  -  7 38  -  - 31 41  - 12 20  -  - 54 32 42  - 27 37 50  4 39  3  6 22 43  - 59
 49 53 41 38 26 12  - 20 28 58  - 48 25 47 34 16 36 40 56  -  9  - 45  -  5 15  - 57 43 22  8  - 30  2 50 10 54 13 39  6 14  - 11 44 59 31 18 23 55  1  - 33 29 17  -  -  - 42  - 51
 13 42 24  3 20  8 14 60 31 52 15 55  - 11 37  -  4 44  - 10 58 12 49 16 56  -  - 38 19 28 25  -  - 41  9 26 45  6 48  -  - 39 54  - 23 29 57  -  2 40 17 46  - 35  -  1  - 22 50  5
  - 13 42 10 52 29 25  1  -  9  - 30 38 39 60 12  - 57 46 43 51 26 50 40 33 22 53 32  - 59  2 36 49 35 18 48 34 41  4 24 37  -  6  7  3  - 28  - 27  -  - 14 55 54  - 56 44  - 21 16
 35 45  - 40 10 16 11 59 20  8 52 56  - 55  3 42  - 54  - 27  - 39  4 24 44  7  -  9 57 23 31 49 15 60  - 34 21 50 38 13  6 18  -  1 30  5  - 19 25  -  - 12 28 22 46 26 53 36  2 33
 48 23  9 24  - 51 43 26 38 45 16 50 13 12 57  - 59 60  5 14  - 32 36 41 55 35 40 37  -  3 21 31 28 52  1  6 49 39 34 11 18  -  8 10  7 53  - 20 19 33 29 22  2 47 44 17  - 56 58 46
 23 60 47 58 44  6 28 54 46  - 30 26 17  4 41 40  - 53  3 29 34 31 52 15 21  5 16 18  9 13 37 33 57  - 38  2  - 12 51 42  - 25 24 49 11 59 10 27  7 45 20  - 35 50 22 19 48  - 32 36
 50 30 26 33 28  7 29 42 53 25  -  -  3 16 23 41  -  -  6  - 37 54  -  - 58 27  9  -  - 60 14 38 45 40 36 11 13 55  2  -  - 21 35 57 46  4 20 10 15  - 39  1 24 51 59 18 52 47 48 32
  1 35 15  - 33  -  - 36 18  -  -  8 53  2  7 17 43 16 45  -  -  5 21 25 46  - 24 14 47 58 34 12 41 31 44  - 22 28 20  3 26 59 23  6  -  - 39 49 50  4 13 52 27 10 60 42 11 40 19  -
 31 50 49 51 38  -  - 53  - 19  5  6 28 48 36 52 12 33 40  9 41 34  2 21  4 44 13 24 30 39 56 42 37 26 22 23 35 17 45 29  3 47  7  - 58 14  -  - 11 25 55  - 20 60 57 59  - 32 10 54
 25  - 16 31 13 22  -  2 54  - 44 38  9 41 24  4  - 29  7 12  5  - 33 28  - 52 58  -  - 56 20  6 11 45 27 47  -  3 49  - 32 30 46 36 10 50 21 34 48  -  1  - 60 55 35 15 40  -  - 42
 37 19 60 35 58 17 51 33  6 41 24  - 44 59  - 27  - 12 29 34  - 23 18 10  - 45 52  7 31 21 48 26 20 42  4  - 50 43 55 32 16 11  -  - 25  1  5 38 30  2  -  -  - 40 15  -  9 49 53 39
  - 21 38  - 40  2 36 58 34 32 26 57  8  - 28  - 42 47 43  3 52  6 55  - 15 59 30 35 41 44 29 51  -  5 19 37 39 14 33  - 60 53 10 50 49  - 56 18  -  -  - 27  - 24  - 12 23  1  -  7
  -  9 11 41  4  - 49 34 29 59 51  -  - 37  - 33 26  - 12 48 28 27 58 60 24 10 35  5 40 50  - 17 44  - 39 20 15  2 32  8 54 14 19 21 55 18 42  1 56  -  -  6 31 23 16  7  - 52 36 30
 20 39 50  - 30  - 41 55 43  -  - 13 46  - 58 11 38  2 36 21 33  - 42  - 49 12 29 47  8 15  -  1  - 17  - 28  3  - 25 18  -  - 53 45  -  6 44 32 35 60  5  - 34 16  7 40 56 54 14 37
  8 28  - 14 50 38 18 24 42 20 34  9 19  -  - 43 53 55  -  7 10 35 51 23 11  - 59 52 58 29  1 60  3 21 32 27 12 56 54  -  -  - 49 25 16 15  -  6 17 26 41  -  - 30  - 36  4 33 13 22
 21  - 17 44  - 43  9  - 35 36 53 28  4 14  - 10 27 37 55 40 18  -  6 30  - 38 42 20  - 51  -  -  - 22 58  -  8 16  -  1  - 54  - 59 47 49 60 52 31 57 23 24  5 15 45 33 13 34  - 41
 41 24 18  4  - 34  6 21 39  - 57 49 35  9 46 26  -  -  -  - 29 22 19 54 45 47  3 11  - 30  -  -  -  - 10 55  2 33  -  - 27 44  1  5  -  7 43 31 58 15 53  - 56 25  8  - 42  - 51 28
 22 27 39  -  - 25 35  6 50  1 43 47 10 15 42 28  - 30  -  - 23  2 12 36 60 49 34  8  7  4 45 18 54 58 24 33 51 29  - 14 17  5 56 37  9  -  - 55 38  - 52 16  - 41 21 46 26  -  - 53
 30 58 36 56 34  4 52 17 12 23 37 31 55  - 10 24 21  - 57  2  - 33 13 29 28 60 39 16  6  - 22 59 14  - 49  7  - 47  5 35 51 46 40 53 19  - 11  - 32  - 26  - 41 18 42 38  3  - 45 25
  -  4 54 16 48 55 13 18 15 40  - 59 14 31 29 44 39 42  9 58  8  - 47  5  - 37 43 22  - 38 26 56  2 32 11 17 53 35 27 19 30 51 52 23  - 28 34  - 45  -  7 25 36 20  -  - 49 12 46 60
